bus 0.0036 0 299 13 349
bus 0.0015 359 332 501 383
bus 0.0010 15 313 85 363
car 0.9904 228 331 333 372
car 0.9854 17 308 83 360
car 0.8266 174 323 236 358
car 0.7478 139 319 176 358
car 0.6818 85 323 116 347
car 0.6459 112 324 143 352
car 0.3955 359 332 501 383
car 0.1093 3 311 22 353
car 0.0722 0 299 13 349
car 0.0673 119 322 157 349
car 0.0448 92 325 129 351
car 0.0312 128 321 147 356
car 0.0224 13 311 31 357
car 0.0206 81 319 105 350
car 0.0203 1 318 10 346
car 0.0122 100 318 119 350
car 0.0117 154 325 200 356
car 0.0076 275 330 345 371
car 0.0058 475 331 498 373
car 0.0058 89 328 110 348
car 0.0052 6 320 18 344
car 0.0050 6 316 39 351
car 0.0048 287 337 336 365
car 0.0044 109 327 131 351
car 0.0032 164 324 188 358
car 0.0029 490 331 500 390
car 0.0025 6 314 18 333
car 0.0024 456 336 498 369
car 0.0023 96 317 156 351
car 0.0020 0 309 28 340
car 0.0019 153 320 181 351
car 0.0018 32 319 89 348
car 0.0017 2 301 7 328
car 0.0017 199 328 247 356
car 0.0015 79 315 135 351
car 0.0015 279 330 326 355
car 0.0011 101 324 117 343
car 0.0011 116 327 141 343
car 0.0010 1 294 20 337
car 0.0010 13 324 52 357
motorbike 0.0147 108 324 134 352
motorbike 0.0147 88 324 113 351
motorbike 0.0036 3 311 22 353
motorbike 0.0033 137 319 161 358
motorbike 0.0028 0 310 13 352
motorbike 0.0027 14 320 33 359
motorbike 0.0015 92 325 129 351
motorbike 0.0011 82 323 104 353
person 0.0151 14 320 33 359
person 0.0038 383 331 393 348
person 0.0025 3 311 22 353
person 0.0024 0 299 13 349
person 0.0021 22 320 39 361
person 0.0013 1 318 10 346
person 0.0010 381 315 396 350
train 0.0014 0 299 13 349
tvmonitor 0.0010 360 323 505 386
