boat 0.0113 80 130 480 347
bottle 0.0497 247 175 283 247
bottle 0.0154 163 160 200 237
bottle 0.0129 251 163 271 220
bottle 0.0104 247 152 265 192
bottle 0.0100 260 139 283 186
bottle 0.0092 253 142 273 185
bottle 0.0081 385 223 397 275
bottle 0.0052 391 219 403 280
bottle 0.0014 377 200 408 275
bottle 0.0013 254 187 275 231
bottle 0.0010 250 160 261 186
cow 0.0017 86 153 468 360
diningtable 0.9990 39 148 462 360
diningtable 0.0011 61 167 370 280
person 0.9971 328 142 498 372
person 0.9509 274 94 328 173
person 0.9360 75 80 164 236
person 0.8412 0 105 124 373
person 0.8222 121 81 163 169
person 0.7401 313 91 390 217
person 0.6056 170 74 247 155
person 0.3995 323 90 484 283
person 0.3414 373 92 490 219
person 0.2902 4 153 20 210
person 0.2348 272 92 382 189
person 0.0779 0 151 14 214
person 0.0480 83 138 469 338
person 0.0436 311 104 433 246
person 0.0297 94 72 161 179
person 0.0237 -4 105 259 343
person 0.0218 386 101 476 175
person 0.0048 1 109 21 211
person 0.0047 34 101 170 284
person 0.0042 0 145 14 284
person 0.0038 0 170 10 231
person 0.0031 0 94 9 156
person 0.0029 315 99 363 185
person 0.0022 402 122 492 186
person 0.0021 359 143 435 288
person 0.0020 244 91 322 152
person 0.0019 5 139 34 215
person 0.0017 -14 162 24 202
person 0.0016 329 104 375 202
person 0.0015 359 224 506 367
person 0.0014 4 111 22 157
person 0.0014 356 161 437 225
person 0.0014 493 108 499 237
person 0.0012 493 175 499 285
person 0.0012 0 132 11 196
person 0.0012 1 160 10 184
person 0.0010 364 151 460 210
person 0.0010 485 144 499 327
