bottle 0.8026 35 114 73 195
bottle 0.6839 328 146 348 202
bottle 0.3941 47 108 76 178
bottle 0.3704 91 98 112 167
bottle 0.0563 77 102 97 166
bottle 0.0465 87 90 103 161
bottle 0.0402 335 147 360 210
bottle 0.0380 423 155 438 191
bottle 0.0252 31 91 63 156
bottle 0.0192 20 109 81 174
bottle 0.0125 41 109 66 159
bottle 0.0083 90 217 165 376
bottle 0.0074 44 97 62 135
bottle 0.0050 431 159 439 189
bottle 0.0049 358 189 401 215
bottle 0.0045 351 173 369 207
bottle 0.0033 312 151 332 195
bottle 0.0031 28 79 41 132
bottle 0.0031 428 157 440 202
bottle 0.0030 65 126 79 181
bottle 0.0029 326 158 352 218
bottle 0.0027 33 91 52 137
bottle 0.0025 50 100 67 151
bottle 0.0024 360 185 379 217
bottle 0.0024 48 105 58 128
bottle 0.0022 52 92 79 160
bottle 0.0021 25 156 38 211
bottle 0.0018 303 154 319 192
bottle 0.0017 5 104 39 204
bottle 0.0016 401 185 414 200
bottle 0.0016 113 120 126 166
bottle 0.0016 41 118 62 185
bottle 0.0014 24 115 77 228
bottle 0.0014 362 201 375 220
bottle 0.0014 354 180 365 204
bottle 0.0014 492 188 499 252
bottle 0.0013 349 197 393 225
bottle 0.0012 350 180 389 206
bottle 0.0012 53 121 71 184
bottle 0.0011 36 113 52 174
bottle 0.0011 362 192 376 210
bottle 0.0010 29 77 59 135
bottle 0.0010 72 117 88 166
diningtable 0.0013 20 109 81 174
person 0.9999 39 40 449 378
person 0.8795 -2 88 32 196
person 0.0449 -3 85 51 223
person 0.0191 7 85 39 159
person 0.0112 0 109 25 234
person 0.0091 35 105 71 178
person 0.0037 31 91 63 156
person 0.0029 -9 98 61 178
person 0.0018 22 85 79 198
person 0.0012 28 79 41 132
