bus 0.0052 51 123 499 282
car 0.9999 12 131 492 297
car 0.0068 265 129 301 160
car 0.0016 297 137 330 169
horse 0.0036 297 137 330 169
horse 0.0015 265 129 301 160
motorbike 0.0032 265 129 301 160
motorbike 0.0028 297 137 330 169
person 0.9481 299 138 329 168
person 0.1849 265 129 301 160
person 0.0100 268 137 314 166
person 0.0047 285 132 344 169
person 0.0038 324 137 360 166
person 0.0036 311 138 328 165
person 0.0028 274 130 294 141
person 0.0022 244 129 317 174
person 0.0020 273 133 293 152
person 0.0015 253 136 298 166
person 0.0013 300 137 328 152
person 0.0012 295 139 316 168
person 0.0011 283 130 298 140
person 0.0010 321 137 339 164
