bicycle 0.0017 136 165 279 368
boat 0.0044 75 88 506 362
bottle 0.1180 480 88 498 190
bottle 0.0354 490 92 498 196
bottle 0.0183 439 127 457 175
bottle 0.0074 444 116 467 205
bottle 0.0060 479 113 495 175
bottle 0.0052 458 125 475 180
bottle 0.0036 442 132 453 156
bottle 0.0030 491 42 499 129
bottle 0.0024 466 125 481 180
bottle 0.0021 481 97 496 154
bottle 0.0016 456 113 479 201
bottle 0.0015 465 51 485 102
bottle 0.0012 446 126 462 178
bottle 0.0011 226 152 239 209
bottle 0.0010 483 39 498 164
car 0.0011 232 4 279 34
chair 0.8010 136 165 279 368
chair 0.1452 11 160 121 312
chair 0.0697 71 111 188 339
chair 0.0683 88 128 163 305
chair 0.0510 67 101 145 293
chair 0.0388 6 29 116 344
chair 0.0310 423 30 472 63
chair 0.0235 116 3 534 391
chair 0.0132 146 107 181 172
chair 0.0127 261 115 330 241
chair 0.0075 111 107 174 254
chair 0.0073 114 125 175 185
chair 0.0053 157 63 313 363
chair 0.0051 127 113 194 169
chair 0.0046 24 -37 165 345
chair 0.0044 113 116 144 200
chair 0.0036 121 153 203 356
chair 0.0033 430 25 476 90
chair 0.0031 160 107 194 171
chair 0.0025 123 110 164 177
chair 0.0017 88 93 251 356
diningtable 0.8682 122 89 529 361
diningtable 0.0054 136 159 340 370
diningtable 0.0052 24 -37 165 345
diningtable 0.0043 78 -22 191 333
diningtable 0.0021 147 28 290 291
diningtable 0.0015 2 -60 107 366
motorbike 0.0010 232 4 279 34
person 0.9938 155 58 291 370
person 0.0421 244 5 282 33
person 0.0225 116 3 534 391
person 0.0165 221 2 268 34
person 0.0122 225 0 249 37
person 0.0060 232 11 279 41
person 0.0041 227 3 245 17
person 0.0040 229 0 260 51
person 0.0033 423 30 472 63
person 0.0031 225 1 263 22
person 0.0019 247 4 262 17
person 0.0017 236 4 253 16
person 0.0016 284 0 300 37
person 0.0011 430 25 476 90
person 0.0011 294 0 311 37
pottedplant 0.0278 51 11 91 69
pottedplant 0.0037 59 17 83 61
pottedplant 0.0019 2 -60 107 366
pottedplant 0.0016 44 28 81 64
sofa 0.1126 116 3 534 391
sofa 0.0091 75 162 513 355
sofa 0.0020 421 21 481 69
tvmonitor 0.0060 423 30 472 63
