bicycle 0.0029 65 113 226 372
bicycle 0.0021 173 51 488 354
bird 0.0019 210 3 297 49
bottle 0.0585 270 277 298 354
bottle 0.0057 281 287 312 366
bottle 0.0031 292 289 308 343
bottle 0.0031 285 286 304 345
bottle 0.0013 293 297 329 369
cat 0.0017 65 113 226 372
chair 0.0137 487 178 501 364
chair 0.0104 78 192 242 380
chair 0.0099 196 117 457 381
diningtable 0.0014 65 113 226 372
dog 0.0011 196 117 457 381
motorbike 0.0025 65 113 226 372
motorbike 0.0015 173 51 488 354
person 0.9998 199 68 461 376
person 0.9993 86 134 232 381
pottedplant 0.0038 301 -4 341 21
sofa 0.0011 166 102 483 394
tvmonitor 0.8409 90 2 193 44
tvmonitor 0.6927 34 -4 104 55
tvmonitor 0.5645 203 1 279 47
tvmonitor 0.0680 0 -1 62 50
tvmonitor 0.0264 158 0 247 43
tvmonitor 0.0236 78 11 178 57
tvmonitor 0.0058 0 107 24 399
tvmonitor 0.0055 -1 181 18 366
tvmonitor 0.0054 85 -3 175 30
tvmonitor 0.0041 28 -1 65 51
tvmonitor 0.0032 212 3 260 39
tvmonitor 0.0015 175 2 220 36
tvmonitor 0.0013 217 9 294 62
tvmonitor 0.0010 125 13 235 58
