boat 0.0011 72 202 481 383
bottle 0.9518 351 297 385 369
bottle 0.1626 262 237 294 302
bottle 0.1082 274 204 288 256
bottle 0.0246 269 207 284 254
bottle 0.0184 244 241 280 299
bottle 0.0066 265 204 292 273
bottle 0.0056 262 244 284 292
bottle 0.0037 321 221 342 257
bottle 0.0032 347 276 375 360
bottle 0.0027 266 221 282 277
bottle 0.0026 177 243 258 305
bottle 0.0026 180 266 255 320
bottle 0.0021 195 275 241 347
bottle 0.0019 273 192 292 234
bottle 0.0018 273 239 308 308
bottle 0.0016 491 312 498 398
bottle 0.0015 369 308 387 360
bottle 0.0015 300 234 343 264
bottle 0.0015 351 300 372 355
bottle 0.0014 260 245 329 303
bottle 0.0012 277 212 286 248
bottle 0.0011 145 265 185 294
bottle 0.0011 236 249 275 287
bottle 0.0011 189 176 205 228
chair 0.0110 116 209 436 380
chair 0.0049 481 226 499 359
chair 0.0042 247 130 336 212
chair 0.0041 480 186 498 321
chair 0.0024 398 236 494 371
chair 0.0022 435 191 501 361
chair 0.0012 89 242 353 363
cow 0.0010 116 209 436 380
diningtable 0.9983 84 209 422 380
diningtable 0.0206 115 220 388 321
person 0.8686 394 216 482 376
person 0.8143 144 142 212 250
person 0.5804 349 154 432 282
person 0.5063 242 131 323 211
person 0.3851 118 140 205 289
person 0.1851 -1 206 103 372
person 0.1553 80 170 164 333
person 0.0663 390 134 434 215
person 0.0194 95 153 232 362
person 0.0190 428 217 503 366
person 0.0184 45 192 127 360
person 0.0177 62 207 388 381
person 0.0116 321 156 399 272
person 0.0101 17 175 158 374
person 0.0091 376 176 440 332
person 0.0087 362 127 433 236
person 0.0086 178 156 214 227
person 0.0079 380 129 420 161
person 0.0057 339 171 415 252
person 0.0057 0 236 7 301
person 0.0055 333 174 377 253
person 0.0045 310 155 435 364
person 0.0043 200 211 430 376
person 0.0040 147 142 191 220
person 0.0037 391 210 430 299
person 0.0035 377 137 420 217
person 0.0034 348 161 394 240
person 0.0028 1 250 6 287
person 0.0023 0 220 15 367
person 0.0016 0 231 5 344
person 0.0014 246 136 384 227
person 0.0012 481 226 499 359
pottedplant 0.0049 33 112 52 156
pottedplant 0.0048 19 107 33 161
pottedplant 0.0033 22 110 43 156
sofa 0.0041 72 202 481 383
