bird 0.0054 0 35 12 281
bird 0.0027 0 -1 24 316
bird 0.0016 0 111 16 314
cat 0.0123 0 -1 24 316
cat 0.0104 0 35 12 281
cat 0.0042 0 111 16 314
cat 0.0010 -1 33 45 352
chair 0.0028 0 72 27 349
chair 0.0015 0 111 16 314
cow 0.0160 0 111 16 314
cow 0.0091 0 72 27 349
cow 0.0014 0 35 12 281
dog 0.9839 168 25 284 275
dog 0.2636 0 56 27 332
dog 0.1838 0 84 15 307
dog 0.0203 0 16 12 261
dog 0.0133 -1 33 45 352
horse 0.0033 0 84 15 307
horse 0.0021 0 56 27 332
person 0.0087 0 -1 24 316
person 0.0021 0 35 12 281
sheep 0.0069 0 56 27 332
sheep 0.0061 0 84 15 307
sheep 0.0012 0 16 12 261
