bottle 0.9767 179 261 222 372
bottle 0.8951 312 237 345 313
bottle 0.0173 290 246 352 307
bottle 0.0079 141 269 184 358
bottle 0.0076 203 257 235 366
bottle 0.0061 121 265 156 357
bottle 0.0057 224 235 254 306
bottle 0.0023 205 245 237 305
bottle 0.0022 223 222 291 284
bottle 0.0021 115 256 146 336
bottle 0.0020 166 269 201 361
bottle 0.0020 0 128 11 179
bottle 0.0018 221 256 252 324
bottle 0.0016 319 250 341 305
bottle 0.0015 171 254 235 299
bottle 0.0015 185 272 249 376
bottle 0.0010 226 251 243 305
bottle 0.0010 1 137 8 169
chair 0.0110 101 113 399 303
chair 0.0105 439 212 499 372
chair 0.0072 382 241 497 358
chair 0.0056 0 128 11 179
chair 0.0056 114 265 455 370
chair 0.0050 308 131 495 367
chair 0.0045 3 146 55 395
chair 0.0036 477 250 499 374
chair 0.0023 1 149 12 396
chair 0.0021 0 137 18 291
chair 0.0020 33 278 319 375
chair 0.0016 223 222 291 284
chair 0.0013 1 89 140 353
chair 0.0013 1 123 26 419
chair 0.0013 486 166 499 379
chair 0.0010 1 135 20 171
diningtable 0.9099 17 266 422 385
diningtable 0.0055 101 113 399 303
diningtable 0.0047 175 263 463 368
diningtable 0.0046 29 268 243 359
diningtable 0.0011 441 244 499 376
person 0.9994 300 93 494 365
person 0.9984 103 91 397 290
person 0.9890 4 97 173 332
person 0.1795 190 116 473 329
person 0.0157 0 128 11 179
person 0.0136 1 128 25 226
person 0.0067 0 137 18 291
person 0.0060 85 144 170 287
person 0.0059 3 112 53 395
person 0.0049 1 99 26 407
person 0.0029 441 117 500 392
person 0.0028 0 129 13 378
person 0.0018 -4 137 91 374
person 0.0017 4 128 38 189
person 0.0016 166 164 408 281
person 0.0016 473 88 499 417
person 0.0014 52 123 297 298
person 0.0013 1 137 8 169
person 0.0011 486 166 499 379
pottedplant 0.0017 0 128 11 179
sofa 0.0083 101 113 399 303
