chair 0.0226 355 116 427 184
chair 0.0064 108 182 251 321
chair 0.0056 340 96 445 190
chair 0.0049 224 143 296 276
chair 0.0035 332 103 424 247
chair 0.0031 474 100 501 210
chair 0.0030 307 95 414 141
chair 0.0023 472 109 499 153
chair 0.0013 458 101 498 172
chair 0.0012 474 139 498 186
chair 0.0011 468 111 486 155
cow 0.0020 106 153 305 351
diningtable 0.6888 95 141 315 328
diningtable 0.2338 111 161 253 302
diningtable 0.0297 214 136 352 235
diningtable 0.0291 104 150 323 227
diningtable 0.0213 5 117 412 344
diningtable 0.0067 147 168 337 272
diningtable 0.0044 250 155 394 273
diningtable 0.0030 299 128 435 231
diningtable 0.0022 204 134 375 314
diningtable 0.0016 134 199 348 317
diningtable 0.0016 332 119 426 183
dog 0.0012 471 89 501 152
person 0.8786 209 106 275 159
person 0.8032 223 135 296 260
person 0.7900 153 113 221 162
person 0.7580 153 155 239 319
person 0.6930 354 107 429 181
person 0.4210 96 141 268 330
person 0.3702 471 89 501 152
person 0.1844 335 68 452 170
person 0.1046 188 107 306 183
person 0.0639 474 100 501 210
person 0.0500 214 136 352 235
person 0.0324 327 93 425 144
person 0.0311 458 101 498 172
person 0.0284 178 117 231 155
person 0.0261 474 89 500 126
person 0.0233 214 107 258 140
person 0.0183 487 86 499 143
person 0.0175 343 77 437 128
person 0.0131 104 150 323 227
person 0.0118 482 120 498 274
person 0.0092 334 98 425 214
person 0.0089 122 105 244 179
person 0.0061 445 92 503 222
person 0.0057 130 158 208 317
person 0.0049 299 128 435 231
person 0.0039 158 125 201 159
person 0.0035 489 66 500 128
person 0.0025 491 98 499 166
person 0.0024 491 126 499 219
person 0.0024 468 103 488 147
person 0.0023 493 169 498 291
person 0.0022 492 110 498 137
person 0.0021 155 85 274 162
person 0.0021 159 126 238 175
person 0.0019 199 114 252 154
person 0.0018 487 145 498 362
person 0.0018 491 101 498 128
person 0.0018 317 80 405 128
person 0.0017 469 76 501 279
person 0.0016 204 134 375 314
person 0.0014 478 104 495 123
person 0.0014 222 120 265 165
person 0.0013 147 168 337 272
person 0.0013 296 113 423 160
person 0.0013 469 100 515 130
person 0.0012 442 125 503 185
person 0.0012 233 155 310 234
person 0.0011 367 94 452 146
person 0.0011 189 124 220 158
person 0.0011 237 162 282 257
person 0.0010 171 113 221 143
person 0.0010 -18 107 371 352
person 0.0010 348 54 389 75
person 0.0010 359 59 378 72
pottedplant 0.0016 458 101 498 172
sofa 0.0083 335 68 452 170
sofa 0.0046 331 106 428 174
sofa 0.0040 327 93 425 144
sofa 0.0021 106 153 305 351
sofa 0.0017 343 77 437 128
