bird 0.0023 289 173 308 188
bird 0.0017 308 275 348 310
bird 0.0011 290 172 323 198
bottle 0.0078 330 178 338 194
bottle 0.0041 321 180 332 193
bottle 0.0019 309 180 324 194
bottle 0.0015 308 187 325 201
cat 0.0106 309 267 348 319
cat 0.0010 316 270 350 297
chair 0.5847 271 199 309 270
chair 0.4459 295 200 329 268
chair 0.2774 265 191 295 262
chair 0.1779 306 199 344 270
chair 0.0594 277 195 344 257
chair 0.0512 1 241 74 318
chair 0.0352 45 227 82 292
chair 0.0228 309 257 349 310
chair 0.0124 -3 257 46 327
chair 0.0080 270 203 287 264
chair 0.0066 260 195 325 281
chair 0.0065 305 188 328 223
chair 0.0048 321 180 332 193
chair 0.0041 316 270 350 297
chair 0.0035 306 201 329 251
chair 0.0035 43 204 73 280
chair 0.0035 315 201 337 249
chair 0.0029 306 183 327 209
chair 0.0028 308 187 325 201
chair 0.0026 288 194 307 256
chair 0.0026 310 224 350 292
chair 0.0025 264 211 294 296
chair 0.0024 263 253 327 300
chair 0.0022 57 233 77 278
chair 0.0021 296 191 357 286
chair 0.0020 299 198 335 234
chair 0.0019 59 225 89 297
chair 0.0019 277 259 350 303
chair 0.0018 316 188 335 225
chair 0.0016 309 180 324 194
chair 0.0015 297 211 318 258
chair 0.0014 268 185 286 230
chair 0.0013 277 196 296 254
chair 0.0013 330 178 338 194
chair 0.0012 300 253 334 305
chair 0.0012 25 230 67 292
chair 0.0010 321 188 331 201
diningtable 0.1407 277 195 344 257
diningtable 0.1246 262 201 325 268
diningtable 0.0302 271 194 307 260
diningtable 0.0200 295 200 329 268
diningtable 0.0047 306 199 344 270
diningtable 0.0025 6 236 77 286
diningtable 0.0010 299 192 335 218
dog 0.0067 308 275 348 310
dog 0.0014 316 270 350 297
person 0.0014 330 178 338 194
pottedplant 0.5778 31 186 63 248
pottedplant 0.4073 4 151 36 249
pottedplant 0.2532 290 172 323 198
pottedplant 0.0802 308 275 348 310
pottedplant 0.0605 -4 137 48 258
pottedplant 0.0571 309 180 324 194
pottedplant 0.0478 316 270 350 297
pottedplant 0.0317 4 204 30 248
pottedplant 0.0296 321 180 332 193
pottedplant 0.0292 289 176 307 193
pottedplant 0.0245 6 121 41 169
pottedplant 0.0239 284 169 315 194
pottedplant 0.0229 283 178 295 194
pottedplant 0.0217 304 267 358 319
pottedplant 0.0152 308 187 325 201
pottedplant 0.0142 306 183 327 209
pottedplant 0.0138 295 177 318 192
pottedplant 0.0126 296 179 334 197
pottedplant 0.0113 -2 181 26 257
pottedplant 0.0091 308 176 325 200
pottedplant 0.0089 330 178 338 194
pottedplant 0.0077 43 192 63 241
pottedplant 0.0074 305 262 348 291
pottedplant 0.0074 296 174 316 187
pottedplant 0.0060 0 213 20 254
pottedplant 0.0051 38 215 61 248
pottedplant 0.0044 281 172 298 199
pottedplant 0.0036 17 200 35 250
pottedplant 0.0035 33 187 49 244
pottedplant 0.0035 274 181 284 195
pottedplant 0.0033 39 172 68 242
pottedplant 0.0031 322 172 333 187
pottedplant 0.0029 290 180 326 208
pottedplant 0.0027 -4 192 57 246
pottedplant 0.0027 311 174 324 186
pottedplant 0.0025 354 255 373 290
pottedplant 0.0022 36 206 71 243
pottedplant 0.0020 345 112 363 145
pottedplant 0.0017 -2 135 26 234
pottedplant 0.0016 2 235 14 253
pottedplant 0.0016 307 263 330 302
pottedplant 0.0015 324 276 344 291
pottedplant 0.0015 291 170 339 191
pottedplant 0.0015 213 191 228 206
pottedplant 0.0014 338 105 357 137
pottedplant 0.0014 43 204 73 280
pottedplant 0.0013 284 174 295 187
pottedplant 0.0012 287 177 306 212
pottedplant 0.0012 -4 210 8 261
pottedplant 0.0012 27 203 61 268
pottedplant 0.0011 11 171 71 240
pottedplant 0.0011 341 120 355 137
pottedplant 0.0011 318 176 335 199
pottedplant 0.0010 321 149 336 190
pottedplant 0.0010 321 188 331 201
pottedplant 0.0010 318 166 336 192
pottedplant 0.0010 290 186 303 202
sofa 0.0038 -27 396 111 502
sofa 0.0014 277 195 344 257
sofa 0.0011 -2 298 156 495
sofa 0.0010 -61 434 135 505
tvmonitor 0.9971 142 204 205 265
tvmonitor 0.0068 290 172 323 198
tvmonitor 0.0016 289 176 307 193
tvmonitor 0.0013 283 178 295 194
tvmonitor 0.0012 308 187 325 201
tvmonitor 0.0012 309 180 324 194
tvmonitor 0.0010 36 203 61 245
tvmonitor 0.0010 354 255 373 290
