boat 0.0261 1 183 24 327
boat 0.0045 -1 118 30 352
boat 0.0012 138 20 494 370
boat 0.0011 0 178 44 372
cat 0.0012 83 46 211 192
chair 0.0016 100 37 232 187
diningtable 0.0052 58 47 451 377
pottedplant 0.9988 58 47 451 377
pottedplant 0.6840 100 37 232 187
pottedplant 0.2776 320 32 496 342
pottedplant 0.0641 1 183 24 327
pottedplant 0.0178 -2 184 31 396
pottedplant 0.0096 86 33 249 331
pottedplant 0.0056 180 33 315 184
pottedplant 0.0054 0 78 28 353
pottedplant 0.0048 486 141 499 327
pottedplant 0.0048 446 14 498 264
pottedplant 0.0046 162 25 337 277
pottedplant 0.0039 158 18 240 217
pottedplant 0.0032 441 106 496 361
pottedplant 0.0031 5 200 35 313
pottedplant 0.0031 474 16 500 337
pottedplant 0.0029 0 118 16 316
pottedplant 0.0028 83 62 176 210
pottedplant 0.0027 486 47 499 268
pottedplant 0.0011 141 25 266 145
tvmonitor 0.0078 83 46 211 192
