boat 0.4403 416 48 483 151
boat 0.2418 8 69 87 137
boat 0.0436 24 49 99 151
boat 0.0225 104 87 140 142
boat 0.0124 472 59 497 144
boat 0.0120 40 75 87 149
boat 0.0084 452 59 495 141
boat 0.0083 428 67 505 134
boat 0.0074 69 58 102 145
boat 0.0061 88 83 156 132
boat 0.0052 9 146 443 336
boat 0.0047 431 20 501 148
boat 0.0032 108 99 129 148
boat 0.0032 6 63 49 139
boat 0.0028 427 72 470 151
boat 0.0022 -1 43 67 156
boat 0.0018 476 80 497 130
boat 0.0016 366 98 423 141
boat 0.0016 436 117 504 155
boat 0.0013 90 71 121 138
boat 0.0011 436 91 503 148
boat 0.0010 0 72 24 165
bus 0.0018 9 146 443 336
car 0.9999 40 155 445 358
person 0.0073 193 177 236 205
