aeroplane 0.0011 35 54 382 440
bird 0.0015 1 193 23 317
boat 0.0013 1 201 31 308
boat 0.0010 35 54 382 440
bus 0.0047 1 201 31 308
bus 0.0027 325 243 365 263
bus 0.0025 35 54 382 440
car 0.0056 325 243 365 263
car 0.0035 35 54 382 440
car 0.0031 336 249 355 258
car 0.0025 349 248 361 259
car 0.0012 326 249 345 260
motorbike 0.0025 35 54 382 440
person 0.0374 1 193 23 317
sheep 0.0021 35 54 382 440
train 0.9997 13 43 336 447
train 0.1087 1 201 31 308
train 0.0191 -1 179 43 332
train 0.0030 0 216 21 329
train 0.0026 325 243 365 263
