aeroplane 0.0027 206 -51 507 372
bird 0.0019 206 -51 507 372
boat 0.0048 438 211 501 337
boat 0.0025 435 241 501 304
boat 0.0014 475 219 499 327
cat 0.0013 206 -51 507 372
chair 0.0013 206 -51 507 372
cow 0.0425 206 -51 507 372
diningtable 0.0014 193 -49 475 371
dog 0.0366 206 -51 507 372
horse 0.9789 192 -1 476 379
horse 0.0036 214 -22 376 338
horse 0.0026 161 169 417 362
horse 0.0015 185 255 392 364
person 0.8579 66 283 133 370
person 0.4408 29 298 71 373
person 0.3716 203 38 504 387
person 0.3612 130 149 238 359
person 0.2018 126 302 170 371
person 0.1355 397 300 474 371
person 0.1094 2 185 47 359
person 0.0693 379 257 488 359
person 0.0690 289 294 446 368
person 0.0171 30 287 55 326
person 0.0166 30 282 65 347
person 0.0165 126 282 194 380
person 0.0152 1 213 21 370
person 0.0101 32 310 98 375
person 0.0100 456 319 496 371
person 0.0096 9 266 44 357
person 0.0084 77 293 166 373
person 0.0077 3 266 61 389
person 0.0070 231 -31 417 351
person 0.0057 28 299 75 331
person 0.0034 -1 205 32 412
person 0.0032 185 152 250 394
person 0.0031 31 283 72 315
person 0.0026 8 261 118 360
person 0.0025 58 263 192 365
person 0.0024 29 267 62 328
person 0.0023 141 232 280 370
person 0.0021 44 294 78 321
person 0.0020 383 219 492 330
person 0.0019 491 307 500 384
person 0.0018 435 251 499 369
person 0.0018 40 289 64 323
person 0.0018 141 296 213 369
person 0.0017 434 305 500 365
person 0.0016 233 263 425 363
person 0.0016 473 295 498 372
person 0.0015 236 169 486 359
person 0.0014 96 294 238 369
person 0.0013 152 170 335 361
person 0.0011 145 281 182 355
person 0.0011 461 335 490 374
person 0.0010 3 167 21 312
pottedplant 0.0038 438 211 501 337
pottedplant 0.0019 451 232 494 313
pottedplant 0.0013 475 219 499 327
sheep 0.0061 211 -9 497 386
sofa 0.0020 206 -51 507 372
