bicycle 0.0022 0 240 72 314
bottle 0.0073 42 111 56 171
bottle 0.0060 37 119 52 166
bottle 0.0010 246 206 282 233
cat 0.0053 2 241 78 312
chair 0.0020 2 247 78 318
chair 0.0014 -1 192 102 305
chair 0.0012 109 85 185 295
cow 0.0039 2 247 78 318
diningtable 0.0017 -1 192 102 305
dog 0.9420 2 241 78 312
dog 0.0033 223 182 353 305
dog 0.0013 -1 192 102 305
horse 0.0061 1 248 70 318
person 0.9588 127 76 283 311
person 0.8093 230 149 491 329
person 0.4929 223 182 353 305
person 0.4771 106 74 187 273
person 0.0559 148 153 361 321
person 0.0248 239 203 319 269
person 0.0077 173 55 255 300
person 0.0052 67 119 508 369
person 0.0037 125 115 201 305
person 0.0037 137 70 226 284
person 0.0031 193 207 390 325
person 0.0028 175 133 311 287
person 0.0019 2 241 78 312
person 0.0010 296 185 378 312
person 0.0010 242 189 313 245
sheep 0.0015 2 247 78 318
sofa 0.0024 189 158 472 330
