bicycle 0.0013 47 62 378 382
bottle 0.0041 127 272 234 323
bottle 0.0025 333 312 407 355
car 0.0010 47 62 378 382
chair 0.9896 14 143 355 417
chair 0.0174 71 228 406 405
chair 0.0086 286 321 501 417
chair 0.0032 43 323 540 416
chair 0.0031 24 167 177 415
chair 0.0014 98 225 312 346
diningtable 0.9630 221 324 497 422
diningtable 0.0422 26 308 547 408
diningtable 0.0238 23 215 458 410
diningtable 0.0022 47 62 378 382
horse 0.0015 47 62 378 382
person 0.9954 46 87 366 414
sofa 0.0438 56 140 413 417
