bicycle 0.9996 46 98 441 367
bicycle 0.0085 113 136 392 239
boat 0.0349 37 87 462 305
bottle 0.0372 196 194 235 231
bottle 0.0126 190 192 251 240
bottle 0.0120 244 187 281 250
bottle 0.0113 203 203 244 237
bottle 0.0014 185 189 229 218
bottle 0.0011 213 213 256 247
car 0.0040 79 96 468 366
cat 0.0010 196 194 235 231
chair 0.0012 202 190 275 244
chair 0.0010 196 194 235 231
diningtable 0.0018 37 87 462 305
dog 0.0025 196 194 235 231
person 0.0010 190 192 251 240
pottedplant 0.0051 37 87 462 305
pottedplant 0.0010 113 136 392 239
sofa 0.0010 79 96 468 366
tvmonitor 0.0024 79 96 468 366
