boat 0.9688 11 120 183 239
boat 0.5820 206 112 321 245
boat 0.3253 401 187 498 237
boat 0.1772 429 168 499 228
boat 0.1184 -2 217 34 242
boat 0.0579 317 201 429 238
boat 0.0347 329 218 393 239
boat 0.0341 333 182 490 241
boat 0.0220 100 217 218 252
boat 0.0129 60 127 264 240
boat 0.0119 333 210 391 233
boat 0.0097 -5 225 38 247
boat 0.0088 362 217 415 238
boat 0.0071 358 213 510 242
boat 0.0042 490 194 500 246
boat 0.0035 -4 187 25 251
boat 0.0034 0 205 26 238
boat 0.0031 473 166 499 230
boat 0.0031 489 154 499 229
boat 0.0025 3 223 24 236
boat 0.0021 13 147 46 244
boat 0.0018 0 229 7 248
boat 0.0017 2 130 59 259
boat 0.0016 476 172 497 211
boat 0.0015 451 204 502 235
boat 0.0015 375 210 419 234
boat 0.0015 307 213 412 243
boat 0.0013 336 203 386 222
boat 0.0013 11 110 87 251
boat 0.0011 293 153 456 241
boat 0.0011 449 186 502 214
bus 0.0254 100 217 218 252
bus 0.0022 -2 217 34 242
bus 0.0017 11 120 183 239
car 0.0045 100 217 218 252
car 0.0011 -2 217 34 242
person 0.0015 334 215 346 227
person 0.0014 56 245 70 255
train 0.0090 -2 217 34 242
train 0.0016 28 118 219 240
train 0.0015 329 218 393 239
train 0.0015 -5 225 38 247
tvmonitor 0.0011 -2 217 34 242
