bicycle 0.0012 64 -32 339 356
boat 0.0010 82 34 392 388
bottle 0.0075 165 122 232 191
bottle 0.0032 168 111 236 242
bottle 0.0011 147 107 225 172
horse 0.0028 64 -32 339 356
motorbike 0.0013 64 -32 339 356
person 0.9997 63 4 338 370
person 0.9790 50 122 96 275
person 0.9272 -1 110 32 320
person 0.1158 57 131 107 331
person 0.0234 -1 108 9 163
person 0.0167 0 178 23 324
person 0.0147 65 130 99 222
person 0.0134 68 134 143 299
person 0.0122 7 159 37 303
person 0.0043 0 106 26 171
person 0.0032 1 97 47 267
person 0.0026 0 111 24 249
person 0.0021 13 126 39 268
person 0.0021 0 118 7 151
person 0.0017 2 115 23 156
person 0.0017 40 123 99 378
person 0.0015 82 138 98 187
person 0.0011 69 165 99 294
sheep 0.0013 82 34 392 388
train 0.0153 316 124 399 160
