bicycle 0.9966 190 128 356 260
bicycle 0.7697 1 148 108 269
bicycle 0.0276 4 77 58 268
bicycle 0.0022 3 147 43 245
bicycle 0.0017 3 141 23 253
bicycle 0.0016 55 139 214 237
bottle 0.0012 274 155 288 209
car 0.0042 490 129 500 195
car 0.0013 440 132 497 184
chair 0.0028 193 146 354 267
person 0.9919 0 39 66 246
person 0.9764 127 80 170 209
person 0.2378 205 52 320 235
person 0.0448 454 125 489 189
person 0.0254 439 122 469 191
person 0.0060 -1 25 31 257
person 0.0055 0 -7 5 82
person 0.0039 490 120 499 186
person 0.0036 96 89 126 190
person 0.0035 478 114 496 199
person 0.0034 109 82 138 197
person 0.0033 0 0 18 116
person 0.0028 102 64 149 218
person 0.0028 0 27 16 211
person 0.0025 147 133 176 209
person 0.0024 2 102 20 252
person 0.0015 475 134 499 172
person 0.0014 424 129 486 187
person 0.0012 0 46 5 163
person 0.0012 493 94 500 172
person 0.0011 493 130 498 156
person 0.0011 453 132 497 155
person 0.0010 0 118 6 245
