bicycle 0.0017 123 -20 424 345
boat 0.0021 123 -20 424 345
car 0.0023 84 -5 424 331
chair 0.9979 40 147 250 370
chair 0.0384 55 59 230 325
chair 0.0155 21 68 405 363
chair 0.0064 63 158 212 295
chair 0.0050 248 81 406 350
chair 0.0035 2 27 108 341
chair 0.0016 136 141 223 292
diningtable 0.0014 72 55 424 368
person 0.9985 90 22 411 351
person 0.8648 82 49 250 326
person 0.0030 248 81 406 350
person 0.0014 14 68 332 382
person 0.0013 104 111 225 256
person 0.0013 114 150 211 203
sofa 0.1906 72 55 424 368
sofa 0.0097 61 101 261 357
