bottle 0.5553 54 167 75 206
bottle 0.0140 50 173 78 228
bottle 0.0052 52 171 68 216
bottle 0.0026 54 174 65 202
bottle 0.0024 63 192 108 220
bottle 0.0017 16 191 36 240
bottle 0.0015 53 181 97 213
bottle 0.0011 58 168 73 190
person 0.9999 50 96 249 328
person 0.8405 45 104 91 186
person 0.8319 222 32 294 327
person 0.5921 295 49 371 347
person 0.3642 333 5 373 77
person 0.1442 279 11 341 125
person 0.0912 249 13 342 344
person 0.0599 289 13 330 84
person 0.0539 280 16 349 272
person 0.0163 216 37 286 174
person 0.0138 345 5 378 63
person 0.0103 15 111 118 212
person 0.0075 222 46 257 127
person 0.0071 213 45 263 282
person 0.0069 152 81 240 249
person 0.0063 152 92 188 162
person 0.0050 294 9 367 77
person 0.0040 292 4 366 163
person 0.0040 217 71 245 177
person 0.0036 320 -2 376 134
person 0.0030 315 0 376 287
person 0.0030 338 14 373 53
person 0.0024 354 15 374 69
person 0.0022 27 110 191 221
person 0.0014 159 104 185 153
person 0.0011 228 42 272 101
person 0.0010 189 62 245 265
person 0.0010 49 171 83 203
person 0.0010 149 83 203 211
