bird 0.0046 210 98 349 242
bottle 0.0020 202 89 360 264
bus 0.0020 210 98 349 242
car 0.9992 24 128 266 307
car 0.7271 210 98 349 242
car 0.0294 137 142 279 274
car 0.0239 192 134 318 257
car 0.0195 112 106 212 142
car 0.0032 32 138 169 277
car 0.0020 150 109 203 135
car 0.0019 236 98 422 307
car 0.0016 39 127 239 221
dog 0.0010 210 98 349 242
motorbike 0.0033 280 112 502 328
person 0.9986 283 123 499 332
person 0.0086 236 98 422 307
person 0.0065 0 121 6 220
person 0.0050 1 112 15 237
person 0.0019 316 118 483 216
person 0.0014 427 195 468 225
train 0.0031 280 112 502 328
train 0.0013 316 118 483 216
train 0.0011 250 99 483 174
