aeroplane 0.0025 28 58 478 327
bottle 0.0011 0 196 7 279
bus 0.0075 125 43 508 315
car 0.9939 68 63 504 322
car 0.0028 0 63 13 107
car 0.0027 0 65 9 88
car 0.0022 366 63 427 133
car 0.0010 -2 62 113 205
car 0.0010 77 91 141 142
dog 0.0010 -1 152 84 343
motorbike 0.0060 27 43 483 314
motorbike 0.0014 0 63 13 107
motorbike 0.0012 333 75 366 108
person 0.9901 380 60 417 140
person 0.7948 458 68 492 166
person 0.6911 4 46 86 264
person 0.6631 -1 145 83 322
person 0.5401 424 79 451 141
person 0.5330 469 60 499 181
person 0.4984 338 72 362 110
person 0.4633 321 66 343 101
person 0.3465 436 79 459 144
person 0.2665 360 75 379 114
person 0.1724 330 69 352 102
person 0.1646 322 67 356 117
person 0.1605 350 72 368 112
person 0.0666 448 74 462 136
person 0.0652 370 75 385 115
person 0.0596 1 51 59 187
person 0.0358 0 63 13 107
person 0.0347 452 73 501 235
person 0.0334 455 75 471 134
person 0.0330 439 74 455 118
person 0.0286 322 66 341 86
person 0.0186 1 65 23 101
person 0.0164 2 60 23 178
person 0.0153 373 82 383 104
person 0.0135 490 54 499 132
person 0.0128 419 84 438 139
person 0.0127 359 63 384 126
person 0.0119 0 71 9 96
person 0.0104 341 76 376 108
person 0.0091 442 77 451 94
person 0.0090 363 76 375 94
person 0.0089 412 74 426 133
person 0.0088 312 75 353 106
person 0.0086 363 82 376 103
person 0.0083 27 54 60 96
person 0.0074 380 69 392 119
person 0.0073 354 75 365 94
person 0.0070 0 58 7 147
person 0.0070 341 75 359 94
person 0.0064 101 93 141 146
person 0.0062 315 66 335 101
person 0.0059 324 65 355 90
person 0.0054 473 51 499 118
person 0.0054 354 80 365 103
person 0.0054 469 45 499 303
person 0.0051 305 70 343 97
person 0.0045 355 84 386 119
person 0.0040 332 74 349 94
person 0.0039 4 60 43 139
person 0.0038 4 68 21 84
person 0.0036 373 77 382 95
person 0.0036 441 82 452 103
person 0.0032 331 68 348 85
person 0.0031 0 86 19 223
person 0.0031 482 71 499 274
person 0.0029 477 79 498 126
person 0.0027 2 68 41 98
person 0.0027 23 63 40 102
person 0.0027 317 67 331 86
person 0.0024 413 75 421 93
person 0.0024 0 153 21 275
person 0.0022 1 164 46 263
person 0.0021 388 57 409 95
person 0.0020 451 83 459 104
person 0.0020 400 61 418 107
person 0.0019 0 177 85 252
person 0.0019 5 72 20 91
person 0.0019 26 54 67 138
person 0.0019 0 49 21 116
person 0.0018 481 67 492 84
person 0.0018 0 196 7 279
person 0.0017 14 52 78 105
person 0.0017 431 74 447 118
person 0.0017 460 51 489 119
person 0.0017 383 80 390 106
person 0.0017 444 75 507 155
person 0.0016 26 39 98 196
person 0.0016 316 74 331 91
person 0.0016 354 70 365 83
person 0.0015 450 78 460 93
person 0.0015 409 66 424 106
person 0.0012 434 84 443 102
person 0.0012 103 107 153 134
person 0.0012 334 81 349 100
person 0.0012 330 82 369 118
person 0.0012 333 66 366 91
person 0.0012 456 67 473 105
person 0.0011 342 70 358 84
person 0.0011 0 76 7 109
person 0.0011 -1 38 31 235
person 0.0011 18 69 30 84
person 0.0011 392 54 422 117
person 0.0010 -13 70 24 98
person 0.0010 0 172 16 330
person 0.0010 362 79 393 109
person 0.0010 460 75 470 92
person 0.0010 0 97 6 206
person 0.0010 354 74 384 100
train 0.0043 125 43 508 315
