bus 0.0043 131 167 204 197
bus 0.0010 49 163 135 197
car 0.5804 148 169 204 198
car 0.4621 86 167 134 201
car 0.3618 62 163 140 195
car 0.0177 17 182 69 199
car 0.0104 130 181 190 199
car 0.0095 53 169 111 196
car 0.0039 105 170 132 198
car 0.0037 21 163 121 197
car 0.0037 85 166 214 195
car 0.0035 143 163 195 189
car 0.0032 67 163 116 187
car 0.0032 354 171 404 192
car 0.0027 197 184 214 196
car 0.0024 49 180 96 198
car 0.0021 22 185 43 194
car 0.0021 170 173 218 196
car 0.0020 18 173 68 194
car 0.0014 67 175 117 201
car 0.0013 31 186 54 194
car 0.0012 274 178 292 187
car 0.0010 186 181 226 199
