car 0.9999 12 39 494 322
person 0.9789 108 2 136 79
person 0.8757 75 9 97 83
person 0.5239 34 5 57 90
person 0.4585 16 0 41 102
person 0.4245 54 6 75 87
person 0.1814 2 0 24 111
person 0.0706 171 2 195 58
person 0.0437 91 8 113 83
person 0.0392 457 2 489 104
person 0.0324 103 6 116 72
person 0.0271 472 1 497 110
person 0.0214 149 1 174 63
person 0.0194 45 12 59 83
person 0.0153 36 18 50 79
person 0.0148 26 20 40 93
person 0.0136 439 9 471 97
person 0.0103 111 7 125 71
person 0.0064 19 19 32 95
person 0.0062 64 13 78 82
person 0.0046 128 6 154 70
person 0.0038 121 8 136 71
person 0.0034 159 4 177 53
person 0.0025 187 3 202 52
person 0.0022 168 15 187 55
person 0.0012 2 -4 52 110
