aeroplane 0.0072 2 162 24 187
aeroplane 0.0052 40 165 69 185
aeroplane 0.0011 83 170 111 187
bus 0.0063 2 162 24 187
bus 0.0028 75 166 111 188
bus 0.0026 41 165 67 185
bus 0.0019 230 169 329 206
bus 0.0014 51 165 92 185
car 0.9937 230 162 328 203
car 0.8467 77 170 110 187
car 0.6426 446 173 505 206
car 0.4640 40 165 69 185
car 0.2293 2 162 24 187
car 0.1073 349 172 390 190
car 0.0714 51 165 92 185
car 0.0363 3 171 21 186
car 0.0208 0 162 44 185
car 0.0203 26 166 40 181
car 0.0163 23 162 66 186
car 0.0162 381 173 393 193
car 0.0147 49 168 72 182
car 0.0143 88 169 109 183
car 0.0136 341 176 357 186
car 0.0113 430 174 484 197
car 0.0097 335 177 349 188
car 0.0090 359 175 382 186
car 0.0086 352 164 390 186
car 0.0077 24 161 43 187
car 0.0065 61 168 81 181
car 0.0046 73 172 90 186
car 0.0045 373 175 388 189
car 0.0044 361 169 379 181
car 0.0040 17 168 28 181
car 0.0037 37 167 50 182
car 0.0036 343 176 394 201
car 0.0031 422 167 494 203
car 0.0029 3 162 10 186
car 0.0029 278 169 326 198
car 0.0028 248 169 298 197
car 0.0024 25 172 41 185
car 0.0022 471 176 498 203
car 0.0022 2 172 10 190
car 0.0019 373 169 385 180
car 0.0019 330 174 373 189
car 0.0016 2 151 14 195
car 0.0015 351 176 368 186
car 0.0014 431 167 445 177
car 0.0010 17 173 28 185
car 0.0010 442 175 470 207
motorbike 0.0018 2 162 24 187
motorbike 0.0010 438 174 496 207
motorbike 0.0010 84 172 112 187
person 0.0102 381 173 393 193
person 0.0014 335 177 349 188
person 0.0013 3 166 23 184
person 0.0013 276 158 290 167
person 0.0011 241 165 249 180
person 0.0011 248 165 258 177
person 0.0011 373 175 388 189
train 0.0043 2 162 24 187
train 0.0013 41 165 67 185
