bottle 0.0023 44 418 114 490
bus 0.0101 125 37 403 481
chair 0.0032 23 187 188 519
person 0.9997 19 127 193 474
person 0.9993 141 85 381 508
person 0.9222 15 173 80 280
person 0.7259 -3 181 34 288
person 0.5807 272 102 358 292
person 0.2537 65 204 103 269
person 0.0360 1 175 33 237
person 0.0146 311 193 347 280
person 0.0079 73 212 97 259
person 0.0072 0 179 22 216
person 0.0069 46 167 111 279
person 0.0061 277 199 350 275
person 0.0044 18 181 98 325
person 0.0036 295 175 357 296
person 0.0024 0 188 17 240
person 0.0019 333 178 364 263
person 0.0017 327 189 345 244
person 0.0016 0 131 133 379
person 0.0015 5 181 49 211
person 0.0014 19 179 36 214
person 0.0014 72 182 112 262
person 0.0011 22 187 33 205
person 0.0010 2 176 34 204
train 0.0010 125 37 403 481
