boat 0.0010 333 73 401 136
bottle 0.0046 278 175 291 189
car 0.0034 0 128 8 198
car 0.0012 -3 121 18 199
cat 0.0034 333 73 401 136
chair 0.0036 242 182 311 243
chair 0.0032 284 186 346 253
chair 0.0026 239 178 339 288
chair 0.0011 132 200 283 310
diningtable 0.0113 -27 218 300 380
person 0.0010 0 131 8 213
pottedplant 0.9088 329 73 393 136
pottedplant 0.1988 12 280 248 373
pottedplant 0.0581 -23 223 238 383
pottedplant 0.0101 328 70 392 204
pottedplant 0.0023 316 61 407 155
pottedplant 0.0022 278 175 291 189
sofa 0.9992 -31 186 320 343
sofa 0.4948 48 195 283 308
sofa 0.0917 -23 223 238 383
sofa 0.0015 12 280 248 373
