aeroplane 0.0387 375 150 449 211
aeroplane 0.0061 3 126 42 145
aeroplane 0.0027 489 171 499 233
aeroplane 0.0022 15 130 32 140
aeroplane 0.0020 166 154 184 170
aeroplane 0.0017 468 191 504 214
aeroplane 0.0015 409 179 446 204
aeroplane 0.0012 490 195 499 211
boat 0.0054 375 150 449 211
boat 0.0030 489 171 499 233
boat 0.0014 479 197 495 209
boat 0.0014 468 191 504 214
boat 0.0013 490 195 499 211
bus 0.0054 119 116 142 131
bus 0.0035 68 204 108 238
bus 0.0022 166 154 184 170
car 0.9074 68 204 108 238
car 0.1500 166 154 184 170
car 0.0963 119 116 142 131
car 0.0267 379 191 418 216
car 0.0101 15 130 32 140
car 0.0068 3 126 42 145
car 0.0050 388 202 409 215
car 0.0045 0 133 8 151
car 0.0044 409 179 446 204
car 0.0040 491 201 499 220
car 0.0036 0 126 8 145
car 0.0029 489 171 499 233
car 0.0028 490 195 499 211
car 0.0026 54 291 69 304
car 0.0026 5 129 20 141
car 0.0019 129 118 142 130
car 0.0018 479 197 495 209
car 0.0016 386 197 412 218
car 0.0015 399 203 413 215
car 0.0014 417 185 437 199
car 0.0014 388 196 408 210
car 0.0013 417 194 436 204
car 0.0013 113 115 159 133
car 0.0011 119 102 142 134
car 0.0011 -6 131 37 150
car 0.0010 0 113 10 157
car 0.0010 166 141 185 173
car 0.0010 392 189 445 210
motorbike 0.0024 166 154 184 170
person 0.0024 166 154 184 170
train 0.0047 375 150 449 211
train 0.0025 119 113 143 134
train 0.0010 165 150 184 174
