cat 0.0013 116 190 230 312
chair 0.9750 211 168 279 258
chair 0.8817 319 167 429 310
chair 0.4805 116 190 230 312
chair 0.0092 334 161 413 234
chair 0.0050 99 135 245 327
chair 0.0027 149 174 253 289
chair 0.0015 382 66 429 205
chair 0.0013 380 113 420 194
pottedplant 0.1780 384 69 429 129
pottedplant 0.1598 381 65 431 180
pottedplant 0.0082 386 109 427 197
pottedplant 0.0045 379 81 424 113
pottedplant 0.0020 370 90 427 219
pottedplant 0.0015 358 112 380 140
pottedplant 0.0012 380 87 398 124
pottedplant 0.0010 116 190 230 312
sofa 0.2795 116 190 230 312
sofa 0.0048 219 167 283 239
sofa 0.0035 99 135 245 327
tvmonitor 0.0021 218 166 283 252
