aeroplane 0.0012 -18 103 384 457
bicycle 0.0023 162 362 200 398
bicycle 0.0011 127 360 162 399
boat 0.0226 -18 103 384 457
boat 0.0013 133 298 247 371
bus 0.0275 -18 103 384 457
car 0.0067 137 320 171 348
car 0.0027 175 319 207 348
car 0.0018 196 308 229 340
car 0.0016 162 362 200 398
car 0.0015 129 326 162 356
chair 0.0015 162 362 200 398
cow 0.0014 162 362 200 398
diningtable 0.0018 156 349 231 398
diningtable 0.0013 183 346 250 401
dog 0.0016 162 362 200 398
horse 0.0032 162 362 200 398
motorbike 0.0062 162 362 200 398
motorbike 0.0017 127 360 162 399
motorbike 0.0012 137 324 171 355
person 0.9982 -26 43 343 453
person 0.6816 199 311 225 349
person 0.6720 152 322 173 357
person 0.5801 162 362 200 398
person 0.5200 177 320 204 348
person 0.5031 136 326 155 356
person 0.4653 125 346 160 398
person 0.4634 143 324 165 356
person 0.4300 171 321 195 357
person 0.1893 163 323 182 356
person 0.1836 200 339 237 405
person 0.1582 200 322 233 384
person 0.1486 216 336 249 406
person 0.1341 218 332 239 389
person 0.1159 137 320 171 348
person 0.1076 72 273 132 402
person 0.0949 206 319 233 360
person 0.0940 157 352 188 392
person 0.0824 197 350 223 390
person 0.0760 141 346 165 394
person 0.0692 124 350 194 396
person 0.0660 205 307 230 342
person 0.0658 192 316 212 348
person 0.0547 131 361 172 395
person 0.0520 152 349 174 392
person 0.0482 140 327 171 386
person 0.0467 234 325 260 386
person 0.0422 161 328 194 385
person 0.0394 154 321 171 341
person 0.0374 155 325 191 353
person 0.0337 133 337 156 383
person 0.0301 146 328 161 351
person 0.0290 210 346 232 391
person 0.0288 179 325 209 383
person 0.0259 155 326 169 350
person 0.0248 183 346 250 401
person 0.0211 192 338 212 383
person 0.0201 101 298 132 374
person 0.0189 166 328 179 349
person 0.0176 173 321 193 342
person 0.0159 143 332 213 383
person 0.0158 136 324 153 340
person 0.0151 85 290 124 383
person 0.0149 127 370 162 400
person 0.0147 127 329 145 370
person 0.0147 165 322 179 341
person 0.0140 220 358 239 395
person 0.0139 171 373 208 400
person 0.0129 145 322 163 340
person 0.0126 181 313 212 361
person 0.0114 193 359 213 396
person 0.0105 138 338 150 357
person 0.0104 156 349 231 398
person 0.0103 133 298 247 371
person 0.0095 216 323 240 361
person 0.0083 145 369 214 408
person 0.0081 125 356 147 402
person 0.0078 137 333 170 363
person 0.0074 179 347 205 393
person 0.0073 154 333 193 364
person 0.0072 147 338 159 356
person 0.0071 174 327 191 348
person 0.0070 183 327 250 382
person 0.0067 230 333 247 388
person 0.0067 194 320 208 342
person 0.0064 106 317 135 393
person 0.0062 184 311 221 338
person 0.0059 130 318 240 398
person 0.0056 146 317 209 361
person 0.0054 37 286 171 377
person 0.0053 224 367 236 387
person 0.0052 203 362 235 391
person 0.0047 142 342 184 377
person 0.0045 130 339 140 359
person 0.0043 199 301 226 331
person 0.0041 183 362 220 395
person 0.0040 195 328 207 347
person 0.0038 198 368 221 404
person 0.0037 215 368 226 386
person 0.0036 215 310 247 368
person 0.0036 185 309 243 359
person 0.0035 126 314 157 365
person 0.0032 158 369 187 400
person 0.0032 177 363 211 418
person 0.0032 165 312 202 338
person 0.0030 156 367 170 389
person 0.0027 95 295 204 371
person 0.0026 117 329 136 371
person 0.0026 60 90 296 404
person 0.0024 202 316 221 341
person 0.0023 204 368 218 387
person 0.0022 208 316 247 348
person 0.0020 156 337 168 356
person 0.0019 182 328 200 347
person 0.0019 203 327 218 348
person 0.0019 197 369 208 388
person 0.0018 230 321 250 362
person 0.0016 147 318 161 327
person 0.0016 162 368 183 388
person 0.0015 118 326 154 357
train 0.0016 -18 103 384 457
