person 0.9979 235 -6 502 379
person 0.9976 117 176 301 374
person 0.9925 61 167 118 378
person 0.8514 -1 169 33 377
person 0.7989 157 88 232 188
person 0.1415 105 159 179 385
person 0.0231 199 89 233 157
person 0.0203 62 185 106 289
person 0.0154 216 58 299 222
person 0.0127 204 96 227 139
person 0.0122 5 173 36 299
person 0.0121 381 -28 501 393
person 0.0098 0 242 25 377
person 0.0074 208 25 368 277
person 0.0052 3 285 39 374
person 0.0050 149 125 266 225
person 0.0047 440 -30 498 344
person 0.0040 0 170 29 262
person 0.0039 188 92 291 200
person 0.0024 45 175 103 337
person 0.0015 473 -34 499 385
person 0.0011 0 255 48 399
person 0.0010 154 155 409 373
person 0.0010 158 84 207 165
