car 0.7420 -5 112 115 187
car 0.5368 278 68 439 142
car 0.0664 314 71 398 152
car 0.0282 0 114 68 170
car 0.0141 303 46 372 153
car 0.0088 357 59 399 145
car 0.0048 389 65 428 132
car 0.0030 374 57 414 142
car 0.0023 148 100 186 129
car 0.0019 76 120 124 147
car 0.0017 315 57 355 144
car 0.0017 21 129 142 179
car 0.0012 0 112 45 138
person 0.0217 256 25 288 135
person 0.0081 357 59 399 145
person 0.0047 308 34 341 128
person 0.0044 374 57 414 142
person 0.0025 317 30 346 98
person 0.0019 361 39 399 76
person 0.0017 359 38 380 77
person 0.0015 179 78 194 133
person 0.0015 0 231 5 343
person 0.0011 292 40 349 154
person 0.0010 247 40 303 152
person 0.0010 409 30 424 67
