bus 0.0020 68 66 474 392
bus 0.0011 216 28 237 56
car 0.9999 15 64 477 390
car 0.6374 119 41 173 65
car 0.0798 157 37 199 61
car 0.0439 216 28 237 56
car 0.0342 174 27 216 58
car 0.0217 217 40 234 55
car 0.0118 254 42 271 53
car 0.0110 247 43 264 53
car 0.0050 209 38 241 58
car 0.0039 235 41 274 56
car 0.0030 106 41 158 61
car 0.0024 175 40 196 57
car 0.0021 131 38 232 65
car 0.0019 194 28 239 56
car 0.0018 246 29 281 55
car 0.0016 124 32 170 56
car 0.0014 142 45 191 68
car 0.0013 157 40 181 62
car 0.0012 90 39 174 73
car 0.0011 66 56 114 86
car 0.0011 107 47 184 86
car 0.0011 239 43 253 53
car 0.0011 164 21 238 58
car 0.0010 185 38 225 59
car 0.0010 199 42 213 55
person 0.0010 254 42 271 53
