bottle 0.0013 23 174 41 229
bottle 0.0011 50 188 72 230
chair 0.9698 196 200 238 265
chair 0.9068 98 230 181 362
chair 0.8097 1 250 87 374
chair 0.7404 128 274 241 378
chair 0.5124 32 220 102 334
chair 0.4939 438 228 497 354
chair 0.2568 143 202 182 259
chair 0.2321 348 321 442 375
chair 0.2153 160 203 194 255
chair 0.1199 228 209 290 270
chair 0.1071 131 202 167 259
chair 0.0962 277 215 505 370
chair 0.0683 284 295 450 375
chair 0.0542 190 200 220 259
chair 0.0512 432 318 497 372
chair 0.0433 1 265 45 358
chair 0.0395 239 221 305 283
chair 0.0334 176 203 197 255
chair 0.0332 0 256 24 367
chair 0.0257 333 295 423 369
chair 0.0217 376 293 491 379
chair 0.0174 238 215 308 333
chair 0.0149 384 241 494 362
chair 0.0120 236 241 441 356
chair 0.0114 1 208 59 346
chair 0.0104 184 205 205 253
chair 0.0094 26 225 65 324
chair 0.0094 -21 202 140 378
chair 0.0093 49 242 90 332
chair 0.0093 476 216 498 332
chair 0.0092 198 199 296 309
chair 0.0092 362 326 506 371
chair 0.0090 239 225 287 256
chair 0.0081 258 207 297 267
chair 0.0079 280 301 391 360
chair 0.0076 345 286 444 347
chair 0.0057 148 197 207 250
chair 0.0053 220 203 255 269
chair 0.0052 228 237 302 303
chair 0.0051 6 227 43 320
chair 0.0034 115 197 171 315
chair 0.0032 53 198 115 321
chair 0.0029 338 290 381 366
chair 0.0029 275 206 311 235
chair 0.0024 0 221 23 328
chair 0.0023 202 205 227 253
chair 0.0019 475 312 499 384
chair 0.0018 138 210 160 264
chair 0.0017 98 237 162 310
chair 0.0017 156 213 179 262
chair 0.0016 141 211 176 285
chair 0.0016 131 206 151 253
chair 0.0015 481 252 500 371
chair 0.0015 0 287 68 366
chair 0.0014 174 259 318 358
chair 0.0014 226 261 302 322
chair 0.0014 0 223 59 282
chair 0.0014 -1 235 32 265
chair 0.0013 196 289 394 369
chair 0.0013 -3 205 34 386
chair 0.0013 273 203 309 260
chair 0.0012 319 280 394 373
chair 0.0012 451 217 499 299
chair 0.0011 7 236 90 314
chair 0.0011 490 303 499 389
chair 0.0011 492 260 499 353
chair 0.0010 144 208 168 252
chair 0.0010 163 195 268 273
chair 0.0010 173 198 236 250
chair 0.0010 412 253 498 327
diningtable 0.2895 0 211 130 341
diningtable 0.0095 32 220 102 334
diningtable 0.0045 1 250 87 374
diningtable 0.0043 198 205 279 268
diningtable 0.0019 135 204 192 257
diningtable 0.0016 193 201 245 264
diningtable 0.0011 133 209 165 249
diningtable 0.0010 1 208 59 346
person 0.0069 23 174 41 229
person 0.0022 51 179 70 228
person 0.0011 131 202 167 259
person 0.0011 0 234 23 358
pottedplant 0.0081 287 38 497 262
pottedplant 0.0022 145 194 184 252
pottedplant 0.0017 275 206 311 235
sofa 0.9919 245 218 486 366
sofa 0.0191 284 295 450 375
sofa 0.0025 135 204 192 257
sofa 0.0015 193 201 245 264
sofa 0.0015 198 199 296 309
sofa 0.0010 196 289 394 369
