bottle 0.5517 79 186 107 256
bottle 0.1086 112 176 133 248
bottle 0.0773 122 171 139 233
bottle 0.0056 128 157 148 236
bottle 0.0031 94 157 118 249
bottle 0.0017 84 184 103 240
bottle 0.0015 127 183 143 234
bottle 0.0013 62 190 119 251
bottle 0.0010 126 194 135 228
chair 0.0049 446 199 496 387
chair 0.0035 76 4 184 88
chair 0.0015 486 197 499 390
diningtable 0.9945 28 219 385 376
person 0.9862 197 83 375 291
person 0.7204 436 -12 498 370
person 0.1371 163 42 481 346
person 0.0046 74 13 186 102
person 0.0035 189 85 316 243
person 0.0023 467 -52 499 437
pottedplant 0.0106 1 103 92 256
