aeroplane 0.0013 138 213 180 237
bicycle 0.0024 138 213 180 237
bicycle 0.0019 158 179 298 271
bicycle 0.0011 51 185 135 299
bus 0.0010 349 128 502 366
car 0.9832 324 131 499 363
car 0.0034 158 179 298 271
car 0.0017 61 186 138 297
car 0.0012 138 213 180 237
motorbike 0.9936 170 176 310 274
motorbike 0.9581 59 161 140 300
motorbike 0.0014 138 213 180 237
motorbike 0.0011 78 192 131 295
person 0.0105 62 154 142 277
person 0.0015 158 179 298 271
person 0.0011 175 193 193 234
person 0.0010 170 177 199 238
person 0.0010 181 176 214 243
pottedplant 0.0019 349 128 502 366
tvmonitor 0.0012 324 131 499 363
