aeroplane 0.0047 179 252 215 270
bus 0.0029 174 256 218 270
bus 0.0023 382 235 428 270
bus 0.0010 181 258 211 268
car 0.9885 385 242 425 269
car 0.9790 97 246 164 286
car 0.2669 174 256 218 270
car 0.0815 181 258 211 268
car 0.0198 209 261 225 270
car 0.0118 176 259 198 269
car 0.0091 169 261 184 271
car 0.0055 216 262 232 271
car 0.0037 405 244 424 269
car 0.0024 102 249 156 268
car 0.0024 195 260 217 268
car 0.0022 162 260 173 272
car 0.0020 85 252 134 281
car 0.0016 88 249 111 283
car 0.0014 193 260 238 273
car 0.0010 389 250 426 264
train 0.0028 174 256 218 270
