boat 0.0016 166 234 213 261
car 0.0017 166 234 213 261
chair 0.9836 41 255 130 410
chair 0.9125 248 254 345 419
chair 0.8803 145 270 237 437
chair 0.2718 165 241 213 267
chair 0.1981 100 260 282 455
chair 0.0303 59 245 127 360
chair 0.0134 161 247 206 274
chair 0.0131 254 247 330 357
chair 0.0127 257 246 298 307
chair 0.0092 107 260 166 377
chair 0.0090 222 251 287 388
chair 0.0048 50 246 115 314
chair 0.0047 94 251 216 395
chair 0.0029 153 242 232 361
chair 0.0024 256 248 301 280
chair 0.0014 83 263 153 403
chair 0.0012 214 252 298 300
diningtable 0.9641 100 260 282 455
diningtable 0.0128 -3 235 377 480
diningtable 0.0074 165 241 213 267
diningtable 0.0026 94 251 216 395
person 0.0028 165 241 213 267
pottedplant 0.0024 165 241 213 267
sofa 0.0226 165 241 213 267
tvmonitor 0.1777 165 241 213 267
tvmonitor 0.0019 161 247 206 274
