bird 0.0010 487 63 498 129
boat 0.0012 490 85 500 164
pottedplant 0.9977 0 126 168 378
pottedplant 0.3501 98 77 182 237
pottedplant 0.1525 201 101 238 167
pottedplant 0.1256 242 99 274 170
pottedplant 0.1025 80 36 200 271
pottedplant 0.0524 184 98 224 171
pottedplant 0.0452 481 43 499 158
pottedplant 0.0171 487 63 498 129
pottedplant 0.0152 163 95 205 176
pottedplant 0.0151 166 79 239 192
pottedplant 0.0151 223 100 255 169
pottedplant 0.0119 490 85 500 164
pottedplant 0.0106 478 71 498 120
pottedplant 0.0092 244 109 265 159
pottedplant 0.0071 420 28 492 174
pottedplant 0.0058 484 69 499 209
pottedplant 0.0047 212 113 236 157
pottedplant 0.0047 185 93 251 155
pottedplant 0.0035 186 80 291 193
pottedplant 0.0034 146 76 219 238
pottedplant 0.0033 492 121 498 223
pottedplant 0.0029 252 107 272 160
pottedplant 0.0028 334 13 470 135
pottedplant 0.0025 0 90 26 187
pottedplant 0.0023 206 112 228 158
pottedplant 0.0022 206 104 271 163
pottedplant 0.0022 231 58 286 184
pottedplant 0.0020 457 53 493 149
pottedplant 0.0016 256 97 285 175
pottedplant 0.0016 491 104 499 126
pottedplant 0.0014 236 110 255 158
pottedplant 0.0014 230 92 288 155
pottedplant 0.0012 -2 128 46 158
pottedplant 0.0012 2 102 43 172
pottedplant 0.0011 223 111 245 158
pottedplant 0.0011 85 101 172 182
pottedplant 0.0011 154 36 271 264
pottedplant 0.0010 443 39 495 234
pottedplant 0.0010 490 93 498 117
pottedplant 0.0010 480 91 497 136
tvmonitor 0.0043 491 90 500 177
