bus 0.0030 257 144 290 187
chair 0.9322 272 185 354 286
chair 0.5731 142 223 218 367
chair 0.1068 191 193 257 309
chair 0.0326 157 184 240 323
chair 0.0154 311 182 358 283
chair 0.0139 147 195 220 269
chair 0.0095 71 238 210 367
chair 0.0062 188 188 312 279
chair 0.0044 274 176 324 268
chair 0.0040 0 157 27 226
chair 0.0036 248 154 320 282
chair 0.0018 142 259 220 331
chair 0.0016 225 200 348 294
chair 0.0014 292 182 340 262
chair 0.0014 124 182 216 327
chair 0.0010 137 148 191 201
chair 0.0010 295 217 370 286
diningtable 0.0029 188 188 312 279
diningtable 0.0013 233 185 349 283
diningtable 0.0010 71 238 210 367
pottedplant 0.0038 257 144 290 187
sofa 0.0033 257 144 290 187
train 0.0022 257 144 290 187
tvmonitor 0.7123 257 144 290 187
tvmonitor 0.6961 144 149 185 202
tvmonitor 0.3996 0 157 27 226
tvmonitor 0.0223 -1 163 13 218
tvmonitor 0.0098 2 166 20 214
tvmonitor 0.0013 -13 163 23 206
tvmonitor 0.0012 -2 148 20 270
tvmonitor 0.0011 255 147 278 184
