bird 0.0073 224 97 380 202
bird 0.0011 275 88 419 193
bottle 0.9960 244 90 407 202
bottle 0.0323 3 313 20 379
bottle 0.0180 261 123 336 185
bottle 0.0159 0 207 7 274
bottle 0.0156 12 261 40 358
bottle 0.0125 27 256 43 321
bottle 0.0071 34 260 47 315
bottle 0.0060 1 303 11 389
bottle 0.0038 3 253 24 370
bottle 0.0024 208 145 275 201
bottle 0.0018 1 191 17 315
bottle 0.0017 1 220 6 261
bottle 0.0015 213 160 235 204
chair 0.0013 1 210 8 289
person 0.9998 39 52 453 384
person 0.9979 363 151 495 380
person 0.0187 278 150 473 374
person 0.0022 224 97 380 202
person 0.0020 14 52 171 397
pottedplant 0.0019 1 210 8 289
