bus 0.0076 243 205 267 237
bus 0.0057 260 211 288 238
bus 0.0015 281 217 319 247
bus 0.0013 349 207 373 239
car 0.9900 279 213 367 261
car 0.9017 261 216 290 243
car 0.8924 188 217 244 260
car 0.5943 478 225 498 276
car 0.1314 281 216 303 248
car 0.0391 348 212 371 244
car 0.0305 243 205 267 237
car 0.0282 198 219 249 246
car 0.0229 340 209 376 237
car 0.0158 487 210 499 274
car 0.0130 243 210 287 236
car 0.0110 474 232 510 268
car 0.0104 293 202 376 244
car 0.0104 283 221 301 239
car 0.0092 247 214 263 229
car 0.0087 263 217 285 229
car 0.0085 57 211 105 233
car 0.0078 250 221 261 236
car 0.0071 258 219 270 241
car 0.0050 289 214 313 250
car 0.0041 261 221 300 250
car 0.0038 328 212 372 245
car 0.0037 182 219 233 243
car 0.0036 283 221 320 254
car 0.0035 352 213 370 229
car 0.0033 272 221 291 238
car 0.0033 315 210 368 232
car 0.0026 143 214 157 230
car 0.0024 270 214 312 234
car 0.0023 285 218 299 228
car 0.0019 298 209 344 263
car 0.0019 352 217 367 239
car 0.0017 326 202 375 222
car 0.0017 145 221 165 259
car 0.0017 492 190 500 253
car 0.0016 38 209 88 233
car 0.0016 273 218 291 228
car 0.0016 285 226 298 250
car 0.0015 251 211 307 249
car 0.0014 185 210 245 234
car 0.0014 257 216 269 230
car 0.0014 137 210 178 232
car 0.0014 237 199 273 228
car 0.0014 239 216 274 239
car 0.0013 492 220 498 242
car 0.0013 141 206 160 236
car 0.0012 287 219 334 245
car 0.0012 302 216 362 244
car 0.0011 454 210 476 248
car 0.0011 269 210 294 238
car 0.0010 162 214 172 230
car 0.0010 463 207 493 271
car 0.0010 479 211 498 254
motorbike 0.0034 478 225 498 276
motorbike 0.0023 261 215 288 244
motorbike 0.0016 281 221 302 252
person 0.0107 478 225 498 276
person 0.0097 281 221 302 252
person 0.0031 325 206 336 218
person 0.0018 218 206 232 216
person 0.0017 210 205 223 215
person 0.0014 348 212 371 244
person 0.0012 290 219 311 256
person 0.0012 228 205 239 218
person 0.0010 258 219 270 241
train 0.0010 243 205 267 237
