bicycle 0.0047 58 196 125 336
bicycle 0.0018 77 258 138 328
bicycle 0.0014 276 269 328 330
cat 0.0056 279 275 318 331
cat 0.0024 97 262 137 324
cat 0.0012 279 266 344 327
cow 0.0014 290 169 375 329
dog 0.9577 281 270 319 328
dog 0.7114 77 258 138 328
dog 0.0279 58 196 125 336
dog 0.0251 276 163 365 336
dog 0.0151 298 210 369 327
dog 0.0108 318 259 356 326
dog 0.0016 101 244 135 318
horse 0.0028 77 258 138 328
horse 0.0026 276 163 365 336
horse 0.0022 58 196 125 336
horse 0.0014 279 275 318 331
person 0.9982 58 161 120 321
person 0.9905 217 147 265 273
person 0.8301 286 153 376 327
person 0.7088 259 147 304 279
person 0.1182 263 157 338 305
person 0.0156 241 140 267 281
person 0.0044 66 214 136 323
person 0.0011 69 185 106 311
