aeroplane 0.0021 251 123 276 158
boat 0.3541 239 113 275 154
boat 0.2487 238 105 275 127
boat 0.1590 251 123 276 158
boat 0.0176 247 106 274 144
boat 0.0142 232 97 276 120
boat 0.0049 243 112 267 121
boat 0.0046 256 131 272 152
boat 0.0043 248 120 292 150
boat 0.0033 238 113 256 153
boat 0.0030 253 125 273 144
boat 0.0028 252 112 272 120
boat 0.0028 260 114 280 154
boat 0.0018 0 105 8 122
boat 0.0017 245 120 265 130
boat 0.0015 243 93 267 121
boat 0.0011 247 125 265 144
bus 0.0016 238 105 275 127
train 0.0284 238 105 275 127
train 0.0149 238 112 275 139
train 0.0099 244 117 278 152
