bottle 0.0017 32 204 47 239
bottle 0.0012 348 161 356 184
chair 0.9899 331 212 465 382
chair 0.9896 95 198 149 351
chair 0.9862 239 175 279 287
chair 0.9846 13 226 87 368
chair 0.9612 280 189 323 287
chair 0.1292 27 222 139 360
chair 0.0559 239 176 316 292
chair 0.0238 244 184 376 282
chair 0.0119 26 240 68 350
chair 0.0056 110 192 160 325
chair 0.0050 6 212 42 300
chair 0.0049 0 211 20 374
chair 0.0046 71 208 169 334
chair 0.0037 254 186 293 282
chair 0.0030 0 199 57 353
chair 0.0026 45 232 84 352
chair 0.0022 288 182 332 260
chair 0.0015 -5 216 31 401
chair 0.0015 233 166 261 269
chair 0.0014 235 167 279 239
chair 0.0013 480 184 499 283
chair 0.0013 9 233 42 353
cow 0.0010 237 173 283 286
diningtable 0.7141 1 224 125 363
diningtable 0.5051 239 182 356 280
diningtable 0.0161 35 214 153 342
diningtable 0.0099 0 222 64 367
diningtable 0.0033 279 187 339 290
diningtable 0.0011 230 163 358 242
person 0.0019 -3 197 32 389
