bicycle 0.0013 286 143 301 155
car 0.9711 248 155 381 202
car 0.0521 286 143 301 155
car 0.0040 295 143 306 155
car 0.0032 275 141 309 157
car 0.0023 333 147 347 156
car 0.0021 278 145 292 155
car 0.0021 325 147 339 155
car 0.0017 227 147 242 154
car 0.0015 314 151 368 171
car 0.0014 306 144 317 154
car 0.0014 337 141 383 161
car 0.0013 300 152 398 196
car 0.0012 267 145 279 154
car 0.0010 263 133 307 155
motorbike 0.0025 286 143 301 155
person 0.0730 286 143 301 155
person 0.0128 295 143 306 155
person 0.0014 296 139 305 152
person 0.0013 284 140 304 159
person 0.0013 306 144 317 154
person 0.0013 333 147 347 156
person 0.0011 267 145 279 154
person 0.0010 278 145 292 155
