bird 0.0013 -1 44 245 253
bird 0.0010 262 24 509 221
boat 0.0010 262 24 509 221
cat 0.9993 244 26 480 215
cat 0.9820 1 33 240 230
cat 0.0062 210 25 280 87
cat 0.0016 158 27 241 93
chair 0.0090 2 47 218 249
chair 0.0070 235 45 480 249
dog 0.0207 2 47 218 249
dog 0.0021 262 24 509 221
dog 0.0010 158 27 241 93
person 0.0017 -1 44 245 253
person 0.0011 262 24 509 221
pottedplant 0.0234 210 25 280 87
sheep 0.0011 1 33 240 230
sofa 0.0031 190 22 489 217
sofa 0.0023 2 47 218 249
train 0.0018 -1 44 245 253
