bus 0.0080 97 4 231 41
bus 0.0030 91 19 234 60
car 0.9999 12 44 481 271
car 0.0476 63 23 223 83
car 0.0258 91 19 234 60
car 0.0068 34 39 176 77
car 0.0033 97 4 231 41
car 0.0023 43 37 230 113
car 0.0016 494 63 499 89
car 0.0012 481 80 501 181
car 0.0011 61 51 192 103
horse 0.0010 417 75 438 106
person 0.9355 481 77 502 166
person 0.6065 417 69 438 105
person 0.2921 400 71 417 101
person 0.1882 424 65 445 107
person 0.1863 409 71 427 103
person 0.0899 391 70 408 101
person 0.0535 381 69 397 101
person 0.0342 363 68 380 98
person 0.0331 370 69 387 100
person 0.0316 489 82 498 163
person 0.0288 364 73 377 91
person 0.0273 383 73 394 97
person 0.0258 373 73 384 95
person 0.0185 401 78 436 104
person 0.0160 431 79 441 106
person 0.0151 482 89 494 158
person 0.0103 490 64 499 143
person 0.0085 365 68 375 87
person 0.0081 392 81 405 100
person 0.0073 436 61 449 111
person 0.0072 420 72 435 97
person 0.0066 98 55 189 110
person 0.0048 493 52 500 116
person 0.0039 494 70 499 97
person 0.0035 353 69 367 84
person 0.0031 423 70 434 83
person 0.0030 344 67 358 82
person 0.0027 354 71 386 94
person 0.0023 373 71 404 99
person 0.0022 382 79 417 102
person 0.0021 463 76 491 163
person 0.0017 381 74 447 111
person 0.0013 440 78 447 107
person 0.0012 429 69 442 82
person 0.0012 429 73 442 95
person 0.0011 481 76 495 134
pottedplant 0.0015 2 72 489 301
