aeroplane 0.0015 192 104 240 123
boat 0.0096 -1 156 30 182
boat 0.0066 442 167 492 191
boat 0.0039 -1 138 11 186
boat 0.0038 451 157 498 186
boat 0.0038 1 159 8 182
boat 0.0017 6 163 21 176
boat 0.0015 1 150 8 175
boat 0.0012 -2 167 31 188
boat 0.0011 1 168 8 189
boat 0.0010 6 156 21 169
bus 0.0094 -1 156 30 182
bus 0.0013 452 167 496 191
bus 0.0012 0 148 11 191
bus 0.0010 -2 167 31 188
car 0.0093 192 104 240 123
car 0.0086 181 112 234 130
car 0.0020 1 159 8 182
car 0.0015 1 168 8 189
car 0.0012 205 109 228 118
car 0.0010 6 163 21 176
person 0.0094 21 161 28 180
person 0.0027 20 153 28 171
person 0.0017 21 170 29 186
person 0.0017 16 154 32 184
sheep 0.0022 68 86 478 305
train 0.9993 28 84 451 304
train 0.0626 442 153 500 197
train 0.0067 -1 156 30 182
train 0.0060 433 166 505 209
train 0.0043 340 118 447 265
train 0.0025 452 167 496 191
train 0.0017 175 103 258 135
tvmonitor 0.0038 452 167 496 191
tvmonitor 0.0034 0 154 26 184
tvmonitor 0.0017 -1 138 11 186
