aeroplane 0.0020 183 219 234 293
bicycle 0.0072 184 223 244 293
bird 0.0193 192 236 239 297
bird 0.0011 182 208 246 301
bottle 0.0037 188 236 241 298
cat 0.0121 192 236 239 297
chair 0.0034 184 223 244 293
cow 0.0026 184 223 244 293
dog 0.2965 184 223 244 293
dog 0.0013 187 222 226 256
dog 0.0013 195 210 236 271
horse 0.0148 184 223 244 293
motorbike 0.0011 178 221 239 294
person 0.9988 135 125 193 303
person 0.9977 229 131 287 288
person 0.9644 316 156 349 274
person 0.9257 326 79 418 394
person 0.6171 268 146 318 277
person 0.1253 184 223 244 293
person 0.0688 306 158 336 273
person 0.0637 294 147 346 280
person 0.0290 271 138 298 265
person 0.0262 320 139 382 295
person 0.0073 330 167 364 266
person 0.0060 272 144 294 184
person 0.0037 319 150 351 214
person 0.0035 123 158 219 280
person 0.0019 321 168 340 214
person 0.0016 148 147 182 279
person 0.0012 178 211 237 271
person 0.0012 166 140 193 256
person 0.0011 302 176 368 255
person 0.0010 329 160 349 203
sheep 0.0105 184 223 244 293
