bicycle 0.0023 179 246 205 336
bird 0.0011 8 328 29 371
bird 0.0010 178 223 207 306
bottle 0.0064 178 229 206 325
bottle 0.0038 176 240 190 288
bottle 0.0027 162 287 178 336
bottle 0.0019 192 227 205 279
bottle 0.0018 186 270 201 333
bottle 0.0011 170 223 192 266
bottle 0.0010 166 225 203 299
chair 0.0588 179 246 205 336
chair 0.0020 166 234 204 319
cow 0.0016 178 229 206 325
diningtable 0.0018 179 246 205 336
dog 0.0149 178 229 206 325
dog 0.0012 154 211 207 344
dog 0.0010 166 225 203 299
horse 0.0016 178 229 206 325
person 0.7862 115 170 199 486
person 0.5720 178 229 206 325
person 0.0222 154 211 207 344
person 0.0074 166 225 203 299
person 0.0061 141 205 206 430
person 0.0055 115 201 203 356
person 0.0053 170 223 192 266
person 0.0044 181 223 204 267
person 0.0037 192 227 205 279
person 0.0036 164 222 202 252
person 0.0026 176 240 190 288
person 0.0016 184 239 200 288
person 0.0015 149 241 211 312
person 0.0011 148 217 210 263
