bicycle 0.0023 323 -10 459 293
bicycle 0.0011 136 167 192 228
bird 0.0121 315 124 351 187
bird 0.0014 141 167 184 230
bottle 0.0045 141 171 183 243
bottle 0.0037 181 213 231 245
bottle 0.0036 134 170 221 328
bottle 0.0028 156 174 196 246
bottle 0.0025 185 214 209 243
bottle 0.0015 161 204 233 257
bottle 0.0012 315 124 351 187
bottle 0.0012 140 184 158 234
bottle 0.0010 323 -10 459 293
bus 0.0038 323 -10 459 293
car 0.0024 323 -10 459 293
cat 0.0264 141 167 184 230
cat 0.0017 323 -10 459 293
cat 0.0014 144 161 190 200
chair 0.9597 428 138 482 251
chair 0.3469 260 129 328 224
chair 0.1607 315 145 350 240
chair 0.0283 136 167 192 228
chair 0.0085 129 166 164 231
chair 0.0082 259 133 314 188
chair 0.0072 132 159 197 270
chair 0.0058 0 206 49 332
chair 0.0031 279 136 349 244
chair 0.0027 323 32 458 346
chair 0.0021 136 157 222 316
chair 0.0021 262 177 333 239
chair 0.0018 315 124 351 187
chair 0.0012 -3 243 33 329
chair 0.0010 0 194 27 312
cow 0.0019 323 -10 459 293
cow 0.0019 141 167 184 230
diningtable 0.0020 323 -10 459 293
diningtable 0.0019 134 170 221 328
diningtable 0.0010 161 204 233 257
dog 0.1145 141 167 184 230
dog 0.0093 132 161 200 315
dog 0.0020 144 161 190 200
dog 0.0017 145 175 212 245
horse 0.0039 323 -10 459 293
horse 0.0012 141 167 184 230
motorbike 0.0045 323 -10 459 293
person 0.9990 322 7 455 336
person 0.8668 129 173 204 326
person 0.0176 136 167 192 228
person 0.0062 140 157 216 274
person 0.0030 315 124 351 187
person 0.0024 140 172 250 313
person 0.0015 161 204 233 257
person 0.0010 324 110 464 283
pottedplant 0.0036 315 124 351 187
pottedplant 0.0034 86 205 133 270
pottedplant 0.0026 314 127 352 156
pottedplant 0.0020 141 167 184 230
pottedplant 0.0014 140 184 158 234
pottedplant 0.0011 323 -10 459 293
sheep 0.0017 323 -10 459 293
sheep 0.0013 141 167 184 230
sofa 0.0156 0 206 49 332
sofa 0.0017 -3 243 33 329
train 0.0015 323 -10 459 293
tvmonitor 0.8919 267 131 319 189
tvmonitor 0.6171 260 129 328 224
tvmonitor 0.2876 315 124 351 187
tvmonitor 0.0028 315 145 350 240
tvmonitor 0.0019 274 128 357 183
tvmonitor 0.0010 323 -10 459 293
