bicycle 0.9959 169 367 328 499
bicycle 0.8643 88 204 196 447
bicycle 0.0086 73 227 213 367
bicycle 0.0045 21 41 55 116
bicycle 0.0013 14 49 45 111
bottle 0.0203 221 425 236 488
bottle 0.0154 238 438 268 494
bottle 0.0059 216 427 230 488
bottle 0.0052 223 437 251 494
bottle 0.0041 230 424 247 469
bottle 0.0021 258 424 274 469
bottle 0.0012 161 138 190 231
bottle 0.0012 251 414 269 460
bottle 0.0011 237 428 261 463
bottle 0.0011 223 444 284 495
bottle 0.0010 244 417 255 437
chair 0.0012 21 41 55 116
motorbike 0.0021 88 204 196 447
motorbike 0.0013 21 41 55 116
person 0.9992 149 199 351 506
person 0.9969 75 100 201 380
person 0.9940 19 14 57 113
person 0.9817 190 33 266 211
person 0.9762 330 36 376 249
person 0.2030 337 41 374 170
person 0.0123 16 6 43 98
person 0.0027 338 34 372 101
person 0.0022 14 49 45 111
person 0.0012 335 89 369 234
