bird 0.0014 177 268 239 374
car 0.0012 182 281 245 379
cow 0.0349 135 257 177 284
cow 0.0143 243 269 296 327
cow 0.0074 184 291 244 369
cow 0.0036 0 252 47 276
cow 0.0022 1 265 80 330
cow 0.0010 202 256 213 268
dog 0.0011 177 283 239 360
horse 0.0030 135 257 177 284
sheep 0.9733 234 270 293 326
sheep 0.9591 1 265 80 330
sheep 0.9268 181 271 247 372
sheep 0.0846 135 257 177 284
sheep 0.0243 0 252 47 276
sheep 0.0088 23 252 43 277
sheep 0.0026 206 256 225 267
sheep 0.0025 202 256 213 268
sheep 0.0025 187 279 289 359
sheep 0.0020 134 252 146 293
sheep 0.0018 1 251 25 276
sheep 0.0016 200 254 233 269
sheep 0.0011 185 275 253 328
train 0.0023 177 283 239 360
