chair 0.0042 146 275 222 346
chair 0.0042 90 277 139 306
chair 0.0020 162 228 227 285
chair 0.0010 68 269 132 320
person 0.9822 148 316 318 500
person 0.9532 3 266 134 493
person 0.9432 201 103 270 371
person 0.8463 154 275 234 347
person 0.7985 1 159 96 330
person 0.7834 249 124 334 277
person 0.6529 255 256 368 479
person 0.1772 175 113 259 297
person 0.0236 191 277 239 351
person 0.0169 175 267 246 366
person 0.0133 246 106 311 367
person 0.0120 203 118 324 326
person 0.0059 161 232 277 339
person 0.0043 267 251 358 390
person 0.0034 168 153 227 314
person 0.0033 38 157 111 320
person 0.0026 151 272 202 337
person 0.0025 236 142 364 442
person 0.0024 163 316 234 435
person 0.0018 249 244 304 392
person 0.0017 162 228 227 285
person 0.0013 260 260 294 367
person 0.0013 213 280 249 348
person 0.0011 150 116 247 364
person 0.0011 190 315 232 344
person 0.0010 4 199 82 392
sofa 0.0035 153 338 351 510
sofa 0.0019 146 275 222 346
tvmonitor 0.0033 90 277 139 306
