bicycle 0.0113 25 120 238 196
bicycle 0.0067 55 168 450 324
bicycle 0.0038 -5 97 119 307
bicycle 0.0015 -2 114 123 224
boat 0.0063 37 235 467 322
boat 0.0020 1 117 94 276
chair 0.0082 77 165 482 326
chair 0.0024 25 120 238 196
diningtable 0.0143 37 235 467 322
diningtable 0.0032 77 165 482 326
person 0.9152 212 32 345 231
person 0.0068 86 46 348 219
person 0.0044 171 0 206 36
person 0.0036 50 121 286 195
person 0.0013 24 141 100 203
person 0.0010 -50 55 404 275
pottedplant 0.0033 271 -2 357 37
pottedplant 0.0017 2 125 89 300
pottedplant 0.0011 37 235 467 322
sofa 0.0179 55 168 450 324
sofa 0.0017 47 232 393 325
tvmonitor 0.0153 25 120 238 196
tvmonitor 0.0071 0 79 23 201
tvmonitor 0.0011 0 78 56 235
