aeroplane 0.0010 337 167 344 180
bicycle 0.0018 252 270 277 351
bicycle 0.0017 446 245 484 273
bicycle 0.0017 271 280 290 332
bicycle 0.0016 265 283 284 330
bicycle 0.0012 257 298 291 332
bicycle 0.0012 240 298 271 368
bicycle 0.0011 426 252 447 300
bicycle 0.0010 337 167 344 180
boat 0.0043 337 167 344 180
bottle 0.0130 460 244 473 257
bottle 0.0070 470 240 479 258
bottle 0.0051 151 326 165 342
bottle 0.0044 353 250 365 267
bottle 0.0041 183 295 191 317
bottle 0.0037 183 305 191 323
bottle 0.0036 345 250 356 267
bottle 0.0036 470 249 480 266
bottle 0.0034 211 325 221 344
bottle 0.0033 143 327 155 342
bottle 0.0030 200 327 212 344
bottle 0.0027 440 249 452 269
bottle 0.0024 191 326 202 343
bottle 0.0023 372 258 383 277
bottle 0.0022 459 250 473 264
bottle 0.0021 354 244 365 257
bottle 0.0021 271 271 290 324
bottle 0.0020 219 324 228 345
bottle 0.0020 212 296 221 318
bottle 0.0019 265 283 284 330
bottle 0.0018 479 250 490 268
bottle 0.0017 345 257 356 276
bottle 0.0016 451 244 463 257
bottle 0.0016 307 251 316 265
bottle 0.0016 353 257 366 277
bottle 0.0015 450 250 463 267
bottle 0.0015 220 315 228 337
bottle 0.0014 423 230 432 250
bottle 0.0014 441 244 452 257
bottle 0.0014 385 266 410 307
bottle 0.0013 207 315 225 358
bottle 0.0013 56 346 68 361
bottle 0.0012 428 244 447 294
bottle 0.0012 430 234 440 248
bottle 0.0012 215 318 232 372
bottle 0.0011 336 259 347 275
bottle 0.0011 363 250 375 266
bottle 0.0011 363 258 375 277
bottle 0.0011 479 260 492 273
bottle 0.0010 373 266 383 287
bottle 0.0010 191 296 201 316
bottle 0.0010 151 320 165 336
bottle 0.0010 349 249 370 289
bottle 0.0010 306 270 316 285
bottle 0.0010 335 251 348 267
bottle 0.0010 365 243 375 256
car 0.0055 372 236 386 246
car 0.0027 337 167 344 180
car 0.0021 286 188 339 213
car 0.0021 366 238 377 247
chair 0.7528 224 317 262 373
chair 0.6212 321 281 351 338
chair 0.4943 286 281 319 342
chair 0.3278 166 349 209 375
chair 0.3191 428 244 447 294
chair 0.2430 385 266 410 307
chair 0.2309 358 257 380 297
chair 0.2174 341 260 365 324
chair 0.2079 349 249 370 289
chair 0.1849 369 255 387 299
chair 0.1326 240 298 271 368
chair 0.1256 92 312 161 376
chair 0.1222 419 244 438 295
chair 0.1159 341 257 361 299
chair 0.1116 271 280 290 332
chair 0.1091 64 339 98 370
chair 0.1088 207 319 226 371
chair 0.0931 435 244 454 291
chair 0.0871 265 283 284 330
chair 0.0801 384 248 410 291
chair 0.0714 408 243 427 295
chair 0.0628 446 245 484 273
chair 0.0491 195 324 216 367
chair 0.0462 379 255 397 300
chair 0.0438 215 318 232 372
chair 0.0420 174 341 217 372
chair 0.0365 314 288 332 344
chair 0.0360 334 277 362 335
chair 0.0351 330 274 352 322
chair 0.0338 455 306 495 360
chair 0.0333 367 243 388 279
chair 0.0333 460 244 473 257
chair 0.0322 185 307 207 344
chair 0.0313 359 243 379 279
chair 0.0294 256 283 274 331
chair 0.0278 342 245 360 277
chair 0.0253 150 320 185 349
chair 0.0243 102 352 155 376
chair 0.0236 218 333 255 378
chair 0.0225 412 256 445 299
chair 0.0215 207 277 224 319
chair 0.0199 466 232 483 267
chair 0.0197 208 294 225 341
chair 0.0193 146 330 217 373
chair 0.0192 297 294 328 354
chair 0.0185 438 251 476 283
chair 0.0184 45 350 100 375
chair 0.0183 407 269 427 303
chair 0.0176 475 240 494 276
chair 0.0175 257 298 291 332
chair 0.0174 332 250 351 288
chair 0.0173 353 250 365 267
chair 0.0160 348 264 370 307
chair 0.0153 24 342 61 368
chair 0.0150 345 250 356 267
chair 0.0147 0 344 46 369
chair 0.0141 320 274 343 322
chair 0.0141 401 244 416 294
chair 0.0138 252 270 277 351
chair 0.0135 187 327 208 364
chair 0.0122 157 342 200 372
chair 0.0121 470 240 479 258
chair 0.0118 440 249 452 269
chair 0.0111 126 349 171 377
chair 0.0107 273 266 291 310
chair 0.0106 431 244 464 276
chair 0.0103 223 320 245 371
chair 0.0102 201 333 233 377
chair 0.0102 268 265 284 312
chair 0.0102 195 309 216 345
chair 0.0099 205 346 248 378
chair 0.0099 144 334 171 376
chair 0.0099 456 239 477 264
chair 0.0096 179 307 197 345
chair 0.0096 372 258 383 277
chair 0.0092 214 294 231 341
chair 0.0091 354 269 386 303
chair 0.0083 146 320 180 372
chair 0.0082 53 331 72 363
chair 0.0080 188 336 225 374
chair 0.0077 335 251 348 267
chair 0.0071 313 247 350 270
chair 0.0069 354 244 365 257
chair 0.0069 450 250 463 267
chair 0.0069 363 253 395 286
chair 0.0068 470 249 480 266
chair 0.0068 61 339 83 367
chair 0.0068 112 339 164 374
chair 0.0067 399 266 417 307
chair 0.0066 244 301 263 350
chair 0.0064 34 332 70 362
chair 0.0063 147 321 169 350
chair 0.0062 345 257 356 276
chair 0.0062 365 243 375 256
chair 0.0059 54 332 91 364
chair 0.0059 19 352 66 375
chair 0.0059 459 250 473 264
chair 0.0058 353 257 366 277
chair 0.0057 451 244 463 257
chair 0.0055 151 326 165 342
cow 0.0012 286 281 319 342
diningtable 0.1953 146 330 217 373
diningtable 0.0916 280 284 347 341
diningtable 0.0748 215 319 267 374
diningtable 0.0517 146 308 218 362
diningtable 0.0365 286 281 319 342
diningtable 0.0315 341 260 365 324
diningtable 0.0247 321 281 351 338
diningtable 0.0239 166 349 209 375
diningtable 0.0212 379 243 408 303
diningtable 0.0163 240 298 271 368
diningtable 0.0149 360 243 385 302
diningtable 0.0141 446 245 484 273
diningtable 0.0100 369 329 494 363
diningtable 0.0096 64 339 98 370
diningtable 0.0093 347 246 372 307
diningtable 0.0092 418 239 443 299
diningtable 0.0086 363 246 424 301
diningtable 0.0084 384 269 413 307
diningtable 0.0081 174 341 217 372
diningtable 0.0063 262 278 284 341
diningtable 0.0056 376 318 490 353
diningtable 0.0052 101 319 174 374
diningtable 0.0049 428 244 447 294
diningtable 0.0043 402 236 426 302
diningtable 0.0038 188 326 256 373
diningtable 0.0037 152 284 217 342
diningtable 0.0035 150 320 185 349
diningtable 0.0035 334 277 362 335
diningtable 0.0034 363 259 395 297
diningtable 0.0034 438 251 476 283
diningtable 0.0033 208 333 245 378
diningtable 0.0031 431 244 464 276
diningtable 0.0029 223 304 282 367
diningtable 0.0028 45 350 100 375
diningtable 0.0027 34 341 70 368
diningtable 0.0026 380 242 444 300
diningtable 0.0025 257 298 291 332
diningtable 0.0024 252 270 277 351
diningtable 0.0023 354 269 386 303
diningtable 0.0023 0 344 46 369
diningtable 0.0022 188 336 225 374
diningtable 0.0022 -1 335 92 369
diningtable 0.0021 297 294 328 354
diningtable 0.0020 157 342 200 372
diningtable 0.0019 321 247 359 273
diningtable 0.0019 383 251 414 289
diningtable 0.0018 421 255 452 300
diningtable 0.0017 434 247 501 292
diningtable 0.0016 335 259 368 297
diningtable 0.0016 368 251 388 289
diningtable 0.0016 311 267 364 325
diningtable 0.0016 344 246 376 274
diningtable 0.0016 421 234 480 283
diningtable 0.0016 271 280 290 332
diningtable 0.0016 188 294 218 367
diningtable 0.0014 455 306 495 360
diningtable 0.0014 435 244 454 291
diningtable 0.0014 10 353 57 374
diningtable 0.0013 49 330 120 372
diningtable 0.0013 140 314 177 342
diningtable 0.0012 75 315 146 374
diningtable 0.0012 214 346 259 378
diningtable 0.0012 403 244 460 298
diningtable 0.0012 179 331 215 360
diningtable 0.0011 206 296 231 370
diningtable 0.0011 102 352 155 376
diningtable 0.0011 205 331 227 376
diningtable 0.0010 126 349 171 377
diningtable 0.0010 460 244 473 257
diningtable 0.0010 272 296 333 353
diningtable 0.0010 147 337 188 374
diningtable 0.0010 457 227 485 285
diningtable 0.0010 438 240 477 264
diningtable 0.0010 357 257 381 317
dog 0.0021 446 245 484 273
dog 0.0013 64 339 98 370
dog 0.0013 257 298 291 332
horse 0.0010 286 281 319 342
motorbike 0.0012 286 281 319 342
person 0.9372 92 302 158 374
person 0.8947 479 193 502 274
person 0.8213 253 252 278 328
person 0.5249 286 281 319 342
person 0.4903 402 236 426 302
person 0.4441 379 243 408 303
person 0.3257 185 278 213 348
person 0.2172 417 226 443 292
person 0.1878 179 277 195 318
person 0.1733 273 266 291 310
person 0.1431 206 296 231 370
person 0.1036 185 277 205 317
person 0.1012 429 240 447 282
person 0.0973 188 294 218 367
person 0.0928 390 227 410 255
person 0.0895 398 224 416 256
person 0.0694 170 278 203 345
person 0.0655 392 229 406 249
person 0.0613 337 167 344 180
person 0.0609 260 245 285 313
person 0.0589 367 243 388 279
person 0.0587 185 295 206 339
person 0.0552 423 230 432 250
person 0.0549 268 265 284 312
person 0.0534 385 233 394 248
person 0.0519 478 211 491 267
person 0.0491 360 243 385 302
person 0.0482 385 238 409 281
person 0.0455 488 201 498 276
person 0.0447 349 245 369 277
person 0.0443 406 225 428 272
person 0.0410 402 227 413 250
person 0.0365 173 276 189 319
person 0.0356 222 303 260 370
person 0.0349 207 315 225 358
person 0.0330 175 278 184 295
person 0.0328 359 243 379 279
person 0.0315 179 295 196 337
person 0.0315 468 220 484 261
person 0.0298 208 294 225 341
person 0.0287 436 243 456 277
person 0.0269 479 191 494 252
person 0.0258 140 321 178 348
person 0.0257 150 315 184 342
person 0.0248 372 236 386 246
person 0.0237 402 224 414 240
person 0.0237 183 295 191 317
person 0.0227 182 277 192 296
person 0.0226 174 275 184 287
person 0.0221 365 243 375 256
person 0.0221 125 302 162 370
person 0.0210 354 244 365 257
person 0.0201 347 246 372 307
person 0.0201 207 277 224 319
person 0.0200 146 308 218 362
person 0.0193 307 251 316 265
person 0.0191 420 229 436 272
person 0.0188 342 245 360 277
person 0.0186 266 239 282 280
person 0.0185 401 233 415 285
person 0.0185 89 310 131 376
person 0.0185 181 274 192 287
person 0.0173 372 241 385 255
person 0.0170 430 234 440 248
person 0.0167 460 244 473 257
person 0.0165 300 260 330 334
person 0.0140 145 305 180 365
person 0.0138 138 311 161 342
person 0.0130 183 285 192 309
person 0.0128 470 240 479 258
person 0.0127 152 284 217 342
person 0.0125 323 264 355 329
person 0.0113 126 328 204 370
person 0.0110 183 305 191 323
person 0.0109 392 226 407 239
person 0.0109 195 309 216 345
person 0.0109 151 326 165 342
person 0.0107 268 241 277 259
person 0.0105 287 263 298 276
person 0.0105 385 239 393 256
person 0.0105 446 245 484 273
person 0.0104 162 300 202 366
person 0.0103 278 261 288 277
person 0.0098 381 240 397 280
person 0.0096 307 247 316 257
person 0.0093 278 268 289 288
person 0.0092 191 273 201 287
person 0.0090 143 327 155 342
person 0.0085 346 245 357 257
person 0.0085 197 278 215 317
person 0.0083 353 250 365 267
person 0.0076 190 278 201 296
person 0.0074 191 296 201 316
person 0.0074 216 314 231 359
person 0.0073 432 240 442 257
person 0.0072 366 238 377 247
person 0.0067 411 138 420 154
person 0.0066 345 250 356 267
person 0.0065 287 269 297 286
person 0.0061 282 265 298 311
pottedplant 0.0058 337 167 344 180
pottedplant 0.0053 385 266 410 307
pottedplant 0.0052 460 244 473 257
pottedplant 0.0040 257 298 291 332
pottedplant 0.0038 272 294 291 336
pottedplant 0.0038 64 339 98 370
pottedplant 0.0035 307 251 316 265
pottedplant 0.0021 307 247 316 257
pottedplant 0.0018 166 349 209 375
pottedplant 0.0017 207 277 224 319
pottedplant 0.0015 265 283 284 330
pottedplant 0.0015 24 342 61 368
pottedplant 0.0013 446 245 484 273
pottedplant 0.0012 470 240 479 258
pottedplant 0.0010 354 244 365 257
sofa 0.0130 166 349 209 375
sofa 0.0089 146 330 217 373
sofa 0.0062 64 339 98 370
sofa 0.0060 146 308 218 362
sofa 0.0059 446 245 484 273
sofa 0.0048 280 284 347 341
sofa 0.0046 384 259 413 298
sofa 0.0039 354 258 386 297
sofa 0.0028 455 306 495 360
sofa 0.0027 174 341 217 372
sofa 0.0024 313 247 350 270
sofa 0.0019 412 256 445 299
sofa 0.0018 369 329 494 363
sofa 0.0017 225 334 264 377
sofa 0.0016 92 312 161 376
sofa 0.0016 24 342 61 368
sofa 0.0015 438 251 476 283
sofa 0.0015 0 344 46 369
sofa 0.0015 324 293 358 339
sofa 0.0013 152 284 217 342
sofa 0.0012 150 320 185 349
sofa 0.0010 257 298 291 332
sofa 0.0010 423 249 454 289
sofa 0.0010 431 244 464 276
sofa 0.0010 345 251 376 287
tvmonitor 0.0079 313 247 350 270
tvmonitor 0.0068 166 349 209 375
tvmonitor 0.0052 385 257 410 300
tvmonitor 0.0035 460 244 473 257
tvmonitor 0.0031 64 339 98 370
tvmonitor 0.0031 23 334 63 362
tvmonitor 0.0019 207 277 224 319
tvmonitor 0.0018 354 244 365 257
tvmonitor 0.0017 428 244 447 294
tvmonitor 0.0012 372 236 386 246
tvmonitor 0.0011 353 250 365 267
tvmonitor 0.0010 0 344 46 369
tvmonitor 0.0010 345 250 356 267
tvmonitor 0.0010 346 245 357 257
