aeroplane 0.9751 127 108 438 215
aeroplane 0.2418 -1 182 98 213
aeroplane 0.2402 388 173 474 222
aeroplane 0.0934 369 138 499 225
aeroplane 0.0328 474 215 501 299
aeroplane 0.0283 62 191 119 209
aeroplane 0.0165 30 183 139 210
aeroplane 0.0150 379 247 452 299
aeroplane 0.0144 22 189 82 209
aeroplane 0.0082 42 189 102 209
aeroplane 0.0050 363 159 473 207
aeroplane 0.0049 359 233 512 293
aeroplane 0.0037 110 217 168 244
aeroplane 0.0037 9 188 61 211
aeroplane 0.0034 401 189 456 216
aeroplane 0.0022 -4 188 36 211
aeroplane 0.0020 69 76 508 237
aeroplane 0.0020 466 234 506 265
aeroplane 0.0019 88 195 112 206
aeroplane 0.0018 297 115 520 209
aeroplane 0.0016 402 187 494 232
aeroplane 0.0016 83 192 134 209
aeroplane 0.0014 73 180 127 210
aeroplane 0.0014 361 184 514 277
aeroplane 0.0012 373 186 463 233
aeroplane 0.0012 410 199 463 219
aeroplane 0.0012 80 195 101 206
aeroplane 0.0012 99 212 183 249
aeroplane 0.0011 125 207 171 236
aeroplane 0.0010 97 275 226 315
boat 0.0011 474 234 501 304
bus 0.0144 175 220 310 250
bus 0.0017 114 132 412 227
car 0.2784 379 247 452 299
car 0.0652 175 220 310 250
car 0.0265 395 274 443 297
car 0.0175 22 189 82 209
car 0.0152 22 288 66 310
car 0.0110 256 355 413 378
car 0.0096 236 229 289 248
car 0.0069 474 234 501 304
car 0.0051 488 257 499 316
car 0.0036 475 271 497 300
car 0.0032 -1 182 98 213
car 0.0030 232 222 294 242
car 0.0029 9 188 61 211
car 0.0028 479 277 493 296
car 0.0026 5 295 62 317
car 0.0020 303 197 413 241
car 0.0018 42 189 102 209
car 0.0017 34 291 55 303
car 0.0016 489 278 499 298
car 0.0014 471 264 502 295
car 0.0013 218 228 273 250
car 0.0013 469 277 516 297
car 0.0012 -4 188 36 211
car 0.0011 378 217 418 242
car 0.0010 208 222 383 246
car 0.0010 318 213 426 246
cow 0.0012 114 132 412 227
motorbike 0.0011 379 247 452 299
train 0.0019 379 247 452 299
train 0.0012 -1 182 98 213
