aeroplane 0.0041 143 -4 497 320
bicycle 0.0015 185 16 514 381
bird 0.0018 143 -4 497 320
boat 0.0019 143 -4 497 320
bottle 0.0015 143 -4 497 320
bus 0.0259 143 -4 497 320
car 0.9677 4 181 126 264
car 0.1090 130 175 224 251
car 0.1016 0 178 18 286
car 0.0661 444 53 496 219
car 0.0588 143 -4 497 320
car 0.0256 0 150 20 248
car 0.0163 412 37 503 201
car 0.0143 -1 174 9 229
car 0.0024 0 194 7 285
car 0.0019 0 184 6 218
car 0.0016 481 51 497 225
car 0.0016 -2 181 44 254
car 0.0015 484 -3 500 126
car 0.0014 -4 177 100 228
car 0.0014 141 167 267 266
car 0.0011 318 46 497 160
car 0.0011 -1 148 6 217
cat 0.0011 185 16 514 381
cow 0.0116 143 -4 497 320
diningtable 0.0054 143 -4 497 320
dog 0.0016 185 16 514 381
horse 0.0804 143 -4 497 320
motorbike 0.0067 143 -4 497 320
person 0.9999 153 43 495 375
person 0.0051 0 178 18 286
person 0.0037 -1 174 9 229
person 0.0019 162 15 338 299
person 0.0013 141 167 267 266
sheep 0.0027 143 -4 497 320
train 0.0059 143 -4 497 320
train 0.0034 199 33 519 114
