bicycle 0.0042 151 174 204 320
bottle 0.0069 140 200 159 256
bottle 0.0042 324 189 336 207
bottle 0.0017 386 173 406 210
bottle 0.0015 347 189 354 209
chair 0.6959 135 197 160 275
chair 0.1240 151 174 204 320
chair 0.0503 141 179 173 288
chair 0.0144 140 193 158 246
chair 0.0095 322 292 429 333
chair 0.0058 309 233 429 343
chair 0.0042 129 182 166 315
chair 0.0029 133 197 150 260
chair 0.0019 303 152 338 174
chair 0.0012 147 203 164 254
diningtable 0.0293 139 181 195 318
diningtable 0.0075 136 188 160 305
diningtable 0.0042 141 179 173 288
person 0.9873 348 120 412 314
person 0.9806 155 146 201 320
person 0.0213 160 150 193 243
person 0.0185 146 158 177 273
person 0.0033 493 123 498 240
person 0.0031 306 156 319 170
person 0.0026 318 191 328 207
person 0.0018 348 143 410 209
person 0.0015 303 152 338 174
person 0.0015 327 162 336 175
person 0.0013 324 189 336 207
person 0.0011 337 93 446 344
person 0.0010 298 155 307 171
pottedplant 0.0012 303 152 338 174
tvmonitor 0.0012 303 152 338 174
