bottle 0.0374 213 232 239 316
bottle 0.0237 240 239 279 311
bottle 0.0176 206 239 278 306
bottle 0.0011 313 326 432 368
chair 0.9927 74 1 219 132
chair 0.0176 172 3 452 342
chair 0.0011 3 7 107 118
diningtable 0.0051 77 -9 210 106
dog 0.0028 185 26 446 323
person 0.9977 146 -3 455 317
person 0.3193 1 101 95 370
person 0.0494 169 106 409 334
person 0.0111 184 155 316 276
person 0.0031 220 151 299 204
person 0.0012 -1 90 25 412
person 0.0011 0 104 9 365
pottedplant 0.0012 77 -9 210 106
sofa 0.0016 145 12 454 336
