bird 0.0076 142 288 216 340
bottle 0.0336 0 156 15 272
bottle 0.0206 0 167 7 254
bottle 0.0089 492 266 498 384
bottle 0.0083 181 86 222 154
bottle 0.0051 169 85 208 148
bottle 0.0021 158 71 258 172
bottle 0.0012 174 94 199 137
car 0.0026 283 2 352 47
car 0.0012 295 0 349 20
chair 0.8484 376 54 453 153
chair 0.5579 181 86 222 154
chair 0.1057 167 79 235 196
chair 0.0261 297 39 376 159
chair 0.0256 195 87 235 157
chair 0.0219 94 120 234 391
chair 0.0118 328 27 375 97
chair 0.0090 344 23 442 146
chair 0.0074 205 56 268 183
chair 0.0064 169 85 208 148
chair 0.0057 185 94 208 151
chair 0.0055 318 44 385 113
chair 0.0053 304 8 376 120
chair 0.0050 282 87 360 155
chair 0.0046 182 98 251 169
chair 0.0030 221 71 257 170
chair 0.0027 321 13 388 77
chair 0.0026 123 69 248 169
chair 0.0021 98 60 256 254
chair 0.0015 312 63 392 137
chair 0.0013 180 72 290 169
chair 0.0013 283 2 352 47
chair 0.0012 0 81 13 272
chair 0.0012 328 51 374 81
chair 0.0011 175 98 199 145
chair 0.0010 146 73 228 239
diningtable 0.0021 183 93 223 172
diningtable 0.0015 181 88 250 155
diningtable 0.0012 155 87 220 147
diningtable 0.0011 167 79 235 196
person 0.9994 87 66 237 362
person 0.0032 1 -76 22 314
person 0.0023 0 35 12 279
person 0.0017 158 71 258 172
pottedplant 0.0036 142 288 216 340
tvmonitor 0.0011 181 86 222 154
