bicycle 0.0031 153 235 165 297
car 0.2755 0 354 94 382
car 0.0919 12 356 76 375
car 0.0260 429 352 484 377
car 0.0052 451 346 499 365
car 0.0038 -3 353 52 375
car 0.0037 492 346 499 365
car 0.0036 490 337 501 390
car 0.0034 469 342 483 352
car 0.0033 41 358 102 375
car 0.0029 447 349 502 377
car 0.0025 27 348 40 357
car 0.0021 479 348 494 360
car 0.0020 429 347 483 367
car 0.0019 59 361 102 383
car 0.0019 305 282 318 293
car 0.0018 -3 360 96 404
car 0.0018 143 335 178 378
car 0.0017 19 349 67 364
car 0.0016 334 342 365 373
car 0.0013 33 350 51 358
car 0.0011 317 282 325 296
car 0.0010 493 339 498 357
car 0.0010 481 342 490 353
car 0.0010 334 343 348 374
motorbike 0.0031 153 235 165 297
motorbike 0.0014 143 335 178 378
motorbike 0.0011 334 346 349 376
person 0.9008 189 339 208 375
person 0.8388 149 336 171 376
person 0.6891 334 343 348 374
person 0.3581 153 235 165 297
person 0.2989 339 342 358 374
person 0.0639 328 339 341 375
person 0.0537 328 351 337 373
person 0.0525 155 327 176 372
person 0.0457 350 340 367 374
person 0.0230 167 335 182 376
person 0.0138 144 337 160 377
person 0.0133 158 231 172 290
person 0.0111 344 349 354 374
person 0.0064 182 337 197 376
person 0.0055 359 339 376 376
person 0.0048 152 336 168 354
person 0.0038 199 338 206 373
person 0.0035 28 342 38 355
person 0.0033 343 342 375 372
person 0.0031 354 350 365 374
person 0.0029 328 350 356 373
person 0.0021 192 338 203 356
person 0.0018 121 334 134 378
person 0.0018 27 348 40 357
person 0.0018 319 311 327 326
person 0.0016 154 243 163 273
person 0.0015 336 341 344 355
person 0.0014 333 347 349 394
person 0.0012 362 352 376 374
person 0.0011 319 356 328 371
person 0.0011 122 354 131 373
train 0.0012 192 261 326 298
