bus 0.0018 151 33 202 58
bus 0.0017 108 44 151 65
car 0.0709 108 44 151 65
car 0.0194 203 70 245 95
car 0.0101 115 49 161 74
car 0.0080 101 46 118 60
car 0.0060 150 42 184 71
car 0.0044 91 44 132 62
car 0.0043 118 48 141 60
car 0.0036 139 43 193 82
car 0.0030 151 33 202 58
car 0.0027 107 48 130 60
car 0.0026 126 48 149 59
car 0.0021 319 77 385 158
car 0.0019 133 50 196 103
car 0.0019 196 75 236 106
car 0.0017 123 43 171 68
car 0.0017 167 41 204 67
car 0.0017 157 42 175 51
car 0.0012 365 69 413 95
car 0.0012 181 72 234 97
car 0.0011 50 39 93 65
car 0.0011 389 104 463 195
horse 0.0020 389 104 463 195
motorbike 0.9503 387 75 465 194
motorbike 0.5837 256 72 332 193
motorbike 0.3795 103 96 192 208
motorbike 0.2863 266 97 366 199
motorbike 0.2459 321 78 379 186
motorbike 0.0089 390 107 443 193
motorbike 0.0029 257 94 302 182
motorbike 0.0023 148 45 185 82
motorbike 0.0021 144 98 212 201
motorbike 0.0012 315 106 363 192
person 0.9945 396 46 463 181
person 0.9804 263 62 327 175
person 0.8878 323 63 379 172
person 0.8874 128 70 196 195
person 0.3637 152 45 178 81
person 0.0951 422 37 469 163
person 0.0903 234 76 255 109
person 0.0861 456 37 486 115
person 0.0760 147 45 181 110
person 0.0673 163 67 202 193
person 0.0544 441 35 471 120
person 0.0468 455 38 472 87
person 0.0336 298 70 335 168
person 0.0318 471 41 495 113
person 0.0277 264 86 370 183
person 0.0223 446 35 469 77
person 0.0164 411 44 453 154
person 0.0153 244 75 264 108
person 0.0150 146 66 185 176
person 0.0149 149 48 170 92
person 0.0136 203 70 245 95
person 0.0120 273 67 319 140
person 0.0088 133 50 196 103
person 0.0083 396 66 419 101
person 0.0079 226 67 245 103
person 0.0067 126 74 148 110
person 0.0065 157 45 176 62
person 0.0064 492 30 499 99
person 0.0057 148 43 210 160
person 0.0054 254 76 273 107
person 0.0053 139 43 193 82
person 0.0053 256 63 303 139
person 0.0043 397 45 467 111
person 0.0043 161 58 199 131
person 0.0037 436 34 458 76
person 0.0031 141 54 179 87
person 0.0030 429 32 463 58
person 0.0028 318 88 357 181
person 0.0028 428 28 449 62
person 0.0027 457 55 473 111
person 0.0025 418 32 452 90
person 0.0025 185 83 210 122
person 0.0025 475 43 499 86
person 0.0023 125 83 164 187
person 0.0023 156 69 177 117
person 0.0022 148 69 171 116
person 0.0022 125 92 136 107
person 0.0021 263 62 283 105
person 0.0020 166 69 208 100
person 0.0019 228 73 242 90
person 0.0018 153 40 199 70
person 0.0017 168 61 189 105
person 0.0017 248 91 259 107
person 0.0016 445 44 485 83
person 0.0016 60 33 83 60
person 0.0015 177 76 216 111
person 0.0015 174 72 198 113
person 0.0015 196 75 236 106
person 0.0014 152 50 168 75
person 0.0014 264 59 301 87
person 0.0014 215 73 254 109
person 0.0014 119 66 160 103
person 0.0013 157 42 175 51
person 0.0013 123 60 141 110
person 0.0013 165 49 185 79
person 0.0013 439 42 499 110
person 0.0013 494 45 498 83
person 0.0012 395 55 436 141
person 0.0012 64 37 79 55
person 0.0012 437 37 454 52
person 0.0012 258 82 270 105
person 0.0010 127 74 169 111
person 0.0010 155 57 197 89
person 0.0010 431 34 445 53
person 0.0010 449 39 464 53
person 0.0010 458 43 470 64
person 0.0010 239 91 252 106
train 0.0011 151 33 202 58
