aeroplane 0.9996 17 74 466 234
aeroplane 0.3731 411 181 491 230
aeroplane 0.0181 378 160 505 231
aeroplane 0.0150 0 186 45 215
aeroplane 0.0102 213 64 508 230
aeroplane 0.0050 429 194 481 230
aeroplane 0.0028 4 169 48 224
aeroplane 0.0015 4 180 58 207
aeroplane 0.0013 379 168 418 194
car 0.6512 415 192 487 229
car 0.0028 333 204 347 213
car 0.0020 341 203 357 213
car 0.0012 327 193 372 213
car 0.0010 434 201 478 234
cow 0.0013 12 95 431 245
person 0.0014 44 225 56 238
person 0.0012 333 204 347 213
sheep 0.0011 411 181 491 230
train 0.0104 415 192 487 229
