cow 0.6425 190 167 259 204
cow 0.3846 364 180 410 209
cow 0.2777 341 176 380 215
cow 0.1936 437 184 475 216
cow 0.1034 418 185 457 214
cow 0.0336 217 168 269 200
cow 0.0302 181 171 236 200
cow 0.0285 417 177 485 216
cow 0.0121 407 182 450 207
cow 0.0095 399 183 468 218
cow 0.0077 383 181 431 206
cow 0.0076 386 183 412 206
cow 0.0075 346 171 391 203
cow 0.0075 370 177 457 212
cow 0.0066 241 171 268 200
cow 0.0066 217 161 255 192
cow 0.0049 375 183 403 207
cow 0.0035 220 172 251 199
cow 0.0033 234 160 273 195
cow 0.0032 343 182 364 218
cow 0.0013 308 171 371 210
cow 0.0011 376 186 420 212
cow 0.0010 364 188 396 210
cow 0.0010 193 164 239 191
dog 0.0034 364 180 410 209
dog 0.0029 437 184 475 216
dog 0.0025 192 169 240 203
dog 0.0023 341 179 379 219
dog 0.0010 418 185 457 214
horse 0.0633 364 180 410 209
horse 0.0362 341 179 379 219
horse 0.0310 437 184 475 216
horse 0.0168 192 169 240 203
horse 0.0140 418 185 457 214
horse 0.0072 214 168 257 201
horse 0.0013 235 169 271 200
person 0.0055 417 180 458 212
person 0.0046 364 180 410 209
person 0.0034 434 180 477 213
person 0.0032 341 176 380 215
person 0.0015 192 169 240 203
person 0.0010 346 171 391 203
person 0.0010 217 161 255 192
sheep 0.0102 341 176 380 215
sheep 0.0050 360 179 400 209
sheep 0.0043 192 169 240 203
sheep 0.0040 434 180 477 213
sheep 0.0028 214 168 257 201
sheep 0.0018 418 185 457 214
sheep 0.0015 235 169 271 200
