bicycle 0.0029 369 173 408 210
bicycle 0.0021 368 165 389 211
bicycle 0.0011 349 181 391 213
bus 0.0020 143 140 306 261
car 0.0078 369 173 408 210
car 0.0018 72 121 133 193
car 0.0012 353 168 388 211
cow 0.0072 368 181 409 212
cow 0.0072 360 169 414 217
cow 0.0012 349 181 391 213
cow 0.0011 352 175 371 219
cow 0.0010 368 165 389 211
horse 0.9973 149 136 337 263
horse 0.8532 78 124 123 226
horse 0.4703 344 168 409 216
horse 0.0404 269 141 386 245
horse 0.0359 317 161 393 218
horse 0.0142 302 146 375 211
horse 0.0124 342 160 377 220
horse 0.0083 265 135 331 254
horse 0.0072 368 181 409 212
horse 0.0052 368 165 389 211
horse 0.0050 355 151 388 209
horse 0.0030 277 159 362 230
horse 0.0028 359 164 380 213
horse 0.0023 157 121 285 235
horse 0.0022 277 144 313 245
horse 0.0017 349 181 391 213
horse 0.0016 352 175 371 219
horse 0.0015 205 131 363 223
horse 0.0014 317 153 359 230
horse 0.0010 369 155 407 209
motorbike 0.0155 70 138 132 217
motorbike 0.0077 369 173 408 210
motorbike 0.0055 344 168 409 216
motorbike 0.0043 368 165 389 211
motorbike 0.0017 359 164 380 213
motorbike 0.0014 349 181 391 213
person 0.9942 207 70 247 208
person 0.9881 81 114 122 203
person 0.4684 285 106 313 200
person 0.0427 369 156 385 207
person 0.0279 355 151 388 209
person 0.0176 291 101 311 145
person 0.0130 295 106 321 170
person 0.0128 216 76 250 164
person 0.0106 345 146 376 210
person 0.0105 303 108 318 158
person 0.0083 279 119 308 223
person 0.0075 352 165 371 215
person 0.0068 363 148 380 195
person 0.0066 359 164 380 213
person 0.0022 194 93 258 179
person 0.0017 359 166 398 198
person 0.0015 369 155 407 209
person 0.0015 79 140 123 236
person 0.0013 267 116 303 199
person 0.0011 269 110 321 241
person 0.0011 372 159 382 181
person 0.0010 274 149 291 193
person 0.0010 294 105 307 122
person 0.0010 286 104 305 158
