bird 0.0023 341 244 376 278
bottle 0.0014 243 147 267 177
bottle 0.0013 396 143 441 209
bottle 0.0010 245 154 264 171
chair 0.0050 338 130 409 213
chair 0.0042 263 135 341 216
diningtable 0.1392 123 231 379 317
diningtable 0.1310 20 201 475 393
diningtable 0.0142 208 244 376 334
diningtable 0.0039 264 233 390 320
diningtable 0.0022 240 144 322 213
diningtable 0.0011 342 132 435 213
person 0.9516 24 108 157 260
person 0.8255 338 130 409 213
person 0.6352 275 125 350 220
person 0.5761 141 115 252 237
person 0.2291 305 119 425 207
person 0.0084 396 143 441 209
person 0.0027 0 171 22 261
person 0.0023 374 132 451 197
person 0.0022 0 168 8 235
person 0.0014 1 201 24 302
person 0.0013 242 126 322 226
person 0.0012 393 150 443 179
person 0.0011 436 -10 500 137
pottedplant 0.5144 304 248 374 302
pottedplant 0.3344 259 247 300 309
pottedplant 0.1993 334 244 373 298
pottedplant 0.0953 341 244 376 278
pottedplant 0.0771 265 243 386 333
pottedplant 0.0615 255 244 334 306
pottedplant 0.0584 206 232 373 319
pottedplant 0.0378 20 201 475 393
pottedplant 0.0344 323 238 384 285
pottedplant 0.0315 281 259 360 315
pottedplant 0.0294 108 245 391 336
pottedplant 0.0260 245 49 278 112
pottedplant 0.0162 313 259 350 299
pottedplant 0.0081 273 241 314 311
pottedplant 0.0080 300 229 406 319
pottedplant 0.0071 300 243 339 309
pottedplant 0.0058 317 255 365 285
pottedplant 0.0043 244 223 315 325
pottedplant 0.0042 240 149 270 175
pottedplant 0.0042 255 68 273 121
pottedplant 0.0035 257 257 307 286
pottedplant 0.0029 240 234 322 286
pottedplant 0.0022 349 248 389 299
pottedplant 0.0019 267 257 295 298
pottedplant 0.0019 246 245 287 306
pottedplant 0.0015 251 269 299 304
pottedplant 0.0012 271 229 361 287
pottedplant 0.0010 164 173 409 360
