bottle 0.0016 123 192 135 243
chair 0.8560 296 189 421 300
chair 0.0181 292 143 385 286
chair 0.0156 364 158 459 302
chair 0.0117 278 145 445 319
chair 0.0045 306 202 397 270
chair 0.0027 357 194 431 307
chair 0.0023 370 212 453 292
chair 0.0016 375 208 418 295
diningtable 0.0016 322 185 461 298
person 0.9964 82 109 136 279
person 0.9939 119 114 175 275
person 0.7736 297 131 437 281
person 0.4175 367 135 457 288
person 0.1178 290 128 380 262
person 0.0276 143 122 174 267
person 0.0232 373 152 450 228
person 0.0178 291 130 335 215
person 0.0154 298 137 369 209
person 0.0079 337 142 362 181
person 0.0067 335 141 372 205
person 0.0060 299 131 327 168
person 0.0048 296 189 421 300
person 0.0037 87 116 123 242
person 0.0032 304 63 481 300
person 0.0030 388 147 435 210
person 0.0030 292 123 319 192
person 0.0026 412 155 458 234
person 0.0023 314 155 391 229
person 0.0022 295 131 309 172
person 0.0022 111 131 138 256
person 0.0020 333 139 419 260
person 0.0014 289 140 319 244
person 0.0014 313 149 356 235
person 0.0014 432 160 461 263
person 0.0013 297 140 307 161
person 0.0012 369 158 386 199
