aeroplane 0.0017 51 0 69 13
aeroplane 0.0013 41 -3 78 18
aeroplane 0.0011 50 -6 69 21
aeroplane 0.0011 170 167 386 194
bicycle 0.0129 321 166 380 192
bicycle 0.0019 337 161 360 191
bicycle 0.0018 331 158 368 181
bicycle 0.0012 340 158 356 179
bird 0.0192 306 62 360 84
bird 0.0167 51 0 69 13
bird 0.0122 41 -3 78 18
bird 0.0105 50 -6 69 21
bird 0.0021 313 57 366 77
bird 0.0015 323 63 376 83
boat 0.4648 170 167 386 194
boat 0.1538 194 176 403 198
boat 0.0183 316 175 385 201
boat 0.0101 454 132 497 151
boat 0.0078 321 166 380 192
boat 0.0054 213 149 373 199
boat 0.0046 56 134 107 153
boat 0.0033 56 137 69 149
boat 0.0031 478 135 494 165
boat 0.0018 75 137 88 148
boat 0.0018 201 170 386 213
boat 0.0014 458 135 473 145
boat 0.0013 277 180 347 198
boat 0.0012 468 135 485 145
bottle 0.0011 340 158 356 179
bus 0.0020 170 167 386 194
car 0.0040 454 132 497 151
car 0.0034 479 136 490 149
car 0.0028 468 135 485 145
car 0.0014 208 135 223 143
car 0.0013 458 135 473 145
car 0.0010 468 129 482 139
dog 0.0014 337 157 357 180
horse 0.0019 337 157 357 180
motorbike 0.0042 321 166 380 192
motorbike 0.0017 337 157 357 180
motorbike 0.0012 331 158 368 181
person 0.1497 337 157 357 180
person 0.0296 331 158 368 181
person 0.0239 338 159 350 177
person 0.0177 338 153 348 171
person 0.0073 275 125 312 158
person 0.0061 341 154 354 171
person 0.0053 482 140 491 160
person 0.0039 321 166 380 192
person 0.0035 275 123 293 158
person 0.0033 337 161 360 191
person 0.0030 478 135 494 165
person 0.0030 255 115 337 161
person 0.0027 170 167 386 194
person 0.0021 285 166 297 178
person 0.0021 479 136 490 149
person 0.0020 284 171 299 184
person 0.0020 266 165 278 179
person 0.0016 56 137 69 149
person 0.0011 484 150 490 168
person 0.0011 265 170 278 183
person 0.0010 261 166 272 178
person 0.0010 393 153 399 166
train 0.0027 454 132 497 151
