aeroplane 0.0436 325 299 358 320
aeroplane 0.0085 331 302 353 316
aeroplane 0.0018 454 274 500 300
bicycle 0.0056 325 299 358 320
bird 0.0011 331 302 353 316
boat 0.0609 87 169 151 191
boat 0.0095 98 167 157 182
boat 0.0033 325 299 358 320
boat 0.0029 75 171 129 193
boat 0.0015 84 176 139 201
bus 0.0525 81 170 144 192
bus 0.0203 71 170 114 193
bus 0.0041 84 176 139 201
bus 0.0039 89 167 150 184
bus 0.0016 76 178 90 189
bus 0.0013 83 176 98 189
bus 0.0011 454 274 500 300
car 0.2425 454 274 500 300
car 0.0348 474 273 498 304
car 0.0181 55 192 68 204
car 0.0155 488 260 500 315
car 0.0112 76 178 90 189
car 0.0107 87 169 151 191
car 0.0081 325 299 358 320
car 0.0081 455 275 478 301
car 0.0068 331 302 353 316
car 0.0057 467 277 517 299
car 0.0055 83 176 98 189
car 0.0050 477 280 495 296
car 0.0048 463 273 487 302
car 0.0048 130 168 149 177
car 0.0047 71 170 114 193
car 0.0031 433 276 484 299
car 0.0029 77 184 87 194
car 0.0020 84 176 139 201
car 0.0020 149 168 167 177
car 0.0019 490 277 499 298
car 0.0018 139 169 156 177
car 0.0016 464 280 485 296
car 0.0016 93 183 106 194
car 0.0016 85 183 96 194
car 0.0015 442 266 499 308
car 0.0011 91 177 106 188
car 0.0011 98 167 157 182
car 0.0011 491 286 499 308
cat 0.0015 325 299 358 320
cow 0.0014 331 302 353 316
dog 0.0014 325 299 358 320
dog 0.0011 331 302 353 316
horse 0.0019 325 299 358 320
motorbike 0.0043 325 299 358 320
motorbike 0.0015 454 274 500 300
motorbike 0.0011 488 260 500 315
person 0.0066 331 302 353 316
person 0.0059 325 299 358 320
person 0.0030 76 178 90 189
person 0.0022 83 176 98 189
person 0.0018 341 307 355 321
person 0.0016 334 306 350 321
person 0.0010 91 177 106 188
person 0.0010 93 183 106 194
pottedplant 0.0017 325 299 358 320
train 0.2344 68 166 149 200
train 0.0419 81 170 144 192
train 0.0110 71 170 114 193
train 0.0076 89 167 150 184
train 0.0033 88 162 187 196
train 0.0028 84 176 139 201
train 0.0019 325 299 358 320
train 0.0010 454 274 500 300
tvmonitor 0.0093 87 169 151 191
tvmonitor 0.0017 71 170 114 193
