bicycle 0.0014 351 81 500 188
bottle 0.0166 112 173 148 225
bottle 0.0030 106 196 150 224
car 0.0048 65 60 522 334
cat 0.0029 351 81 500 188
chair 0.0829 65 60 522 334
chair 0.0782 339 80 489 187
chair 0.0076 118 62 273 219
chair 0.0014 238 83 477 363
diningtable 0.0031 115 55 530 343
dog 0.0067 138 92 447 352
dog 0.0043 339 80 489 187
dog 0.0015 118 62 273 219
person 0.9962 332 59 496 169
person 0.9886 188 81 468 361
person 0.9791 118 58 255 215
person 0.0242 60 44 522 269
person 0.0083 130 113 277 234
person 0.0021 109 86 388 282
person 0.0014 349 44 505 129
person 0.0010 185 45 260 108
sofa 0.3538 65 60 522 334
sofa 0.0033 351 81 500 188
