bottle 0.0014 143 243 170 301
bottle 0.0013 238 207 269 329
car 0.0032 0 225 11 295
car 0.0017 12 181 54 344
car 0.0010 188 176 226 310
person 0.9994 11 189 56 348
person 0.9962 233 178 272 324
person 0.9844 99 180 149 358
person 0.9739 187 179 227 321
person 0.1591 228 177 256 303
person 0.1005 143 243 170 301
person 0.0845 203 181 231 299
person 0.0149 140 229 163 324
person 0.0094 138 244 160 296
person 0.0091 107 224 140 349
person 0.0036 110 195 171 352
person 0.0029 3 246 20 291
person 0.0024 237 176 269 253
person 0.0018 159 242 174 296
person 0.0013 242 240 268 331
person 0.0012 227 198 242 261
person 0.0010 133 243 149 295
