bird 0.0034 183 -13 515 294
boat 0.0051 49 57 115 77
boat 0.0034 40 49 129 79
bottle 0.0085 208 6 492 279
bus 0.9993 132 -5 515 282
bus 0.0954 121 29 244 122
bus 0.0024 125 11 204 145
bus 0.0017 153 55 244 112
bus 0.0014 107 57 143 111
bus 0.0013 103 55 187 110
bus 0.0012 40 49 129 79
bus 0.0011 123 5 291 212
car 0.0899 132 190 165 244
car 0.0038 141 182 173 253
car 0.0023 129 190 170 215
car 0.0019 137 201 159 238
car 0.0015 -5 104 27 266
car 0.0013 134 194 178 228
car 0.0012 154 154 217 366
horse 0.0011 183 -13 515 294
person 0.9998 27 122 73 271
person 0.9983 221 168 271 374
person 0.9945 162 177 226 375
person 0.9853 -1 121 25 274
person 0.0060 154 153 211 323
person 0.0033 146 185 175 278
person 0.0027 227 191 258 348
person 0.0025 0 107 49 283
person 0.0025 8 135 33 259
person 0.0022 0 166 19 291
person 0.0018 47 130 74 263
person 0.0017 146 177 190 367
person 0.0015 121 29 244 122
person 0.0015 16 156 85 237
person 0.0012 208 6 492 279
person 0.0010 277 201 327 221
train 0.0015 49 57 115 77
