boat 0.0010 67 51 461 332
bus 0.0027 118 48 504 332
bus 0.0010 422 27 471 50
car 0.9997 109 41 483 317
car 0.9811 47 39 169 86
car 0.8813 144 35 298 98
car 0.4781 414 28 500 94
car 0.3058 422 27 471 50
car 0.1497 409 28 501 161
car 0.0872 445 37 501 117
car 0.0456 420 25 491 67
car 0.0064 405 29 453 48
car 0.0055 467 87 502 117
car 0.0033 429 33 482 121
car 0.0032 470 39 497 115
car 0.0021 491 72 500 135
car 0.0016 491 35 500 97
car 0.0013 422 20 472 42
car 0.0011 372 29 384 40
car 0.0011 331 40 500 128
car 0.0010 417 32 437 44
person 0.0017 469 16 480 35
person 0.0014 159 14 171 36
person 0.0011 154 16 167 35
person 0.0010 157 3 173 35
train 0.0018 67 51 461 332
