boat 0.0072 268 180 378 284
boat 0.0020 256 109 393 343
boat 0.0015 266 140 387 246
boat 0.0015 170 237 310 369
boat 0.0014 123 54 528 396
boat 0.0013 229 209 347 321
cat 0.0025 170 237 310 369
chair 0.0022 170 237 310 369
pottedplant 0.9761 13 256 184 376
pottedplant 0.7774 170 237 310 369
pottedplant 0.0180 80 249 168 373
pottedplant 0.0160 229 209 347 321
pottedplant 0.0152 268 180 378 284
pottedplant 0.0150 75 254 275 364
pottedplant 0.0089 267 211 362 264
pottedplant 0.0080 -1 186 54 397
pottedplant 0.0051 1 139 47 333
pottedplant 0.0044 0 190 20 356
pottedplant 0.0040 256 109 393 343
pottedplant 0.0036 212 170 366 362
pottedplant 0.0030 305 173 400 219
pottedplant 0.0027 266 140 387 246
pottedplant 0.0025 303 161 357 184
pottedplant 0.0018 123 166 316 380
pottedplant 0.0016 244 181 285 206
pottedplant 0.0016 216 249 297 304
pottedplant 0.0015 87 254 161 326
pottedplant 0.0013 192 256 290 325
pottedplant 0.0013 5 242 83 378
pottedplant 0.0012 275 211 320 296
pottedplant 0.0011 7 197 37 316
pottedplant 0.0010 306 190 398 240
pottedplant 0.0010 123 54 528 396
pottedplant 0.0010 298 158 374 207
sofa 0.0012 170 237 310 369
sofa 0.0010 13 256 184 376
