bottle 0.0021 491 255 498 359
bottle 0.0016 481 221 497 364
person 0.9997 20 100 304 376
person 0.9983 289 38 502 364
person 0.9812 14 112 91 281
person 0.2036 476 16 500 152
person 0.1122 450 9 499 156
person 0.0360 457 17 497 104
person 0.0290 484 12 499 222
person 0.0141 468 20 499 53
person 0.0106 474 -26 498 302
person 0.0088 490 5 499 69
person 0.0034 201 234 235 262
person 0.0033 457 4 493 52
person 0.0028 445 12 501 69
person 0.0024 11 103 167 289
person 0.0019 50 109 117 248
person 0.0019 493 14 500 97
person 0.0018 492 -14 500 55
person 0.0018 448 38 497 392
person 0.0015 488 83 498 347
person 0.0013 493 22 498 54
sofa 0.0010 15 124 382 375
