bus 0.9979 4 130 133 351
bus 0.8214 201 131 278 257
bus 0.0208 477 160 498 274
bus 0.0039 478 113 498 241
bus 0.0037 201 182 284 246
bus 0.0033 184 189 222 255
bus 0.0018 472 89 502 303
bus 0.0014 266 177 293 253
bus 0.0012 478 191 497 233
bus 0.0011 199 183 237 250
bus 0.0011 161 157 265 265
bus 0.0010 283 159 310 238
car 0.9789 142 204 181 280
car 0.5313 180 202 219 269
car 0.2713 144 206 216 272
car 0.2300 163 202 200 276
car 0.0920 135 209 167 286
car 0.0230 2 142 155 353
car 0.0176 198 201 229 265
car 0.0141 206 210 226 253
car 0.0088 216 209 233 253
car 0.0043 197 216 218 262
car 0.0029 170 194 233 249
car 0.0021 188 215 225 250
car 0.0017 187 217 208 264
car 0.0016 186 205 247 259
car 0.0015 141 217 159 264
car 0.0015 478 191 497 233
car 0.0015 477 160 498 274
car 0.0015 149 197 167 208
car 0.0014 142 200 191 221
car 0.0011 488 179 500 243
person 0.0158 308 208 315 230
person 0.0086 305 191 318 232
person 0.0082 323 190 335 232
person 0.0071 326 198 333 226
person 0.0058 315 191 329 231
person 0.0054 318 199 325 226
person 0.0042 198 201 229 265
person 0.0037 181 193 191 206
person 0.0030 202 190 213 208
person 0.0017 199 185 216 216
person 0.0015 216 209 233 253
person 0.0012 202 184 211 204
person 0.0011 238 176 251 185
person 0.0010 302 200 308 223
train 0.0011 2 130 156 348
