bicycle 0.0087 17 148 91 198
car 0.0017 31 134 91 193
car 0.0011 49 150 93 179
horse 0.0040 34 147 93 200
horse 0.0010 21 131 86 190
motorbike 0.9618 34 147 93 200
motorbike 0.1254 21 131 86 190
motorbike 0.0212 36 122 68 185
motorbike 0.0153 45 125 80 187
motorbike 0.0022 62 147 95 199
motorbike 0.0019 4 138 107 218
person 0.7161 45 125 80 187
person 0.5029 36 122 68 185
person 0.1868 31 134 91 193
person 0.0110 0 282 5 388
person 0.0087 49 130 71 176
person 0.0078 43 126 64 165
person 0.0063 35 134 54 175
person 0.0018 23 146 64 179
person 0.0012 0 278 15 383
person 0.0010 42 130 79 160
