bicycle 0.0014 285 145 320 175
bus 0.0038 81 146 276 257
bus 0.0012 317 156 504 260
car 0.0015 332 123 368 150
car 0.0012 291 137 331 174
car 0.0011 285 145 320 175
cow 0.0012 361 148 502 255
horse 0.9919 79 151 279 270
horse 0.9874 309 150 502 252
horse 0.4043 43 149 152 249
horse 0.0595 265 126 292 184
horse 0.0369 283 129 351 179
horse 0.0210 303 126 337 182
horse 0.0062 250 132 308 182
horse 0.0060 84 138 123 252
horse 0.0042 277 129 310 181
horse 0.0031 321 121 346 185
horse 0.0030 313 161 397 233
horse 0.0019 364 114 392 229
horse 0.0018 271 119 288 167
horse 0.0014 336 134 407 251
horse 0.0014 71 152 112 243
horse 0.0013 285 145 320 175
horse 0.0011 291 137 331 174
horse 0.0011 89 130 122 210
motorbike 0.0026 56 139 130 255
motorbike 0.0019 285 145 320 175
motorbike 0.0017 283 129 351 179
motorbike 0.0017 291 137 331 174
motorbike 0.0014 265 126 292 184
person 0.9930 167 112 204 232
person 0.9447 426 112 464 218
person 0.8517 90 130 123 197
person 0.8490 364 120 392 193
person 0.4388 322 119 342 165
person 0.4139 271 119 288 167
person 0.0940 265 126 292 184
person 0.0549 147 121 216 202
person 0.0250 102 130 132 190
person 0.0227 146 135 168 168
person 0.0155 328 118 348 156
person 0.0145 303 126 337 182
person 0.0134 349 128 370 175
person 0.0121 144 143 157 160
person 0.0107 84 145 100 200
person 0.0093 321 125 359 161
person 0.0091 75 131 133 227
person 0.0065 141 129 174 161
person 0.0064 349 117 398 235
person 0.0060 300 136 322 174
person 0.0055 339 126 364 162
person 0.0054 151 143 164 160
person 0.0051 275 122 286 147
person 0.0041 129 130 161 177
person 0.0041 148 122 182 192
person 0.0040 178 117 210 211
person 0.0039 291 145 329 175
person 0.0038 89 142 108 201
person 0.0037 312 123 336 166
person 0.0034 361 122 378 166
person 0.0030 368 117 390 156
person 0.0028 324 122 339 145
person 0.0027 156 123 174 164
person 0.0027 373 119 402 171
person 0.0027 330 128 347 173
person 0.0024 78 130 106 195
person 0.0022 151 135 165 154
person 0.0020 140 107 199 242
person 0.0019 90 127 109 181
person 0.0018 99 126 118 182
person 0.0018 271 122 282 147
person 0.0017 332 123 368 150
person 0.0016 278 118 308 174
person 0.0014 415 136 480 209
person 0.0013 361 148 502 255
person 0.0013 305 120 340 150
person 0.0013 324 119 338 133
person 0.0012 342 119 367 189
person 0.0012 144 138 158 155
person 0.0012 325 129 339 153
person 0.0011 264 121 300 153
person 0.0011 121 145 277 258
person 0.0011 363 124 396 164
person 0.0010 380 126 396 179
