aeroplane 0.0012 171 16 407 77
bicycle 0.0011 349 58 388 87
boat 0.0043 171 16 407 77
boat 0.0010 84 16 263 113
bus 0.0282 84 16 263 113
bus 0.0216 171 16 407 77
bus 0.0016 0 38 127 254
bus 0.0015 59 24 499 291
bus 0.0013 106 16 319 78
car 0.9997 35 56 477 339
car 0.9491 372 45 499 162
car 0.8374 0 38 127 254
car 0.0612 171 16 407 77
car 0.0312 84 16 263 113
car 0.0180 335 31 491 126
car 0.0078 343 42 402 91
car 0.0078 491 77 501 134
car 0.0052 -13 40 271 247
car 0.0052 276 40 352 86
car 0.0049 491 47 499 125
car 0.0048 481 63 499 179
car 0.0044 6 112 163 236
car 0.0043 281 26 448 96
car 0.0035 333 80 492 187
car 0.0031 58 8 288 196
car 0.0027 125 66 301 155
car 0.0022 400 86 500 149
car 0.0017 179 99 263 146
car 0.0014 356 -9 518 174
car 0.0013 62 94 99 117
car 0.0013 479 37 499 130
car 0.0013 400 45 498 120
car 0.0012 493 93 500 118
car 0.0011 264 68 485 153
car 0.0010 241 36 320 83
car 0.0010 370 44 407 75
car 0.0010 126 92 368 193
cow 0.0016 343 58 378 88
horse 0.0026 343 58 378 88
horse 0.0012 350 47 389 90
motorbike 0.0028 343 58 378 88
motorbike 0.0022 350 47 389 90
person 0.2347 343 58 378 88
person 0.1553 350 47 389 90
person 0.1337 244 95 314 154
person 0.0943 259 37 337 84
person 0.0363 263 34 284 82
person 0.0333 338 49 364 88
person 0.0278 178 31 215 59
person 0.0223 200 21 374 95
person 0.0195 369 47 407 87
person 0.0193 330 48 354 87
person 0.0177 1 149 16 282
person 0.0165 360 59 397 87
person 0.0140 1 168 7 271
person 0.0139 167 24 209 55
person 0.0133 296 50 345 84
person 0.0106 356 40 421 90
person 0.0097 103 32 137 92
person 0.0085 197 32 235 58
person 0.0081 145 26 191 52
person 0.0071 263 44 303 88
person 0.0070 147 23 221 63
person 0.0064 278 33 316 86
person 0.0060 154 31 200 60
person 0.0058 293 42 374 86
person 0.0056 183 28 227 53
person 0.0055 84 16 263 113
person 0.0054 359 44 399 76
person 0.0053 258 115 305 153
person 0.0052 269 33 294 83
person 0.0044 216 37 308 81
person 0.0040 0 142 5 262
person 0.0029 277 34 326 63
person 0.0026 290 42 334 75
person 0.0025 341 45 380 76
person 0.0024 276 52 357 95
person 0.0023 493 18 500 117
person 0.0018 265 32 303 66
person 0.0018 217 33 254 58
person 0.0014 349 64 370 83
person 0.0014 205 26 244 54
person 0.0012 4 191 18 249
person 0.0012 255 45 277 88
person 0.0011 232 26 326 74
person 0.0011 227 37 243 54
person 0.0011 141 32 226 84
person 0.0011 343 63 358 84
person 0.0011 377 44 417 73
person 0.0010 320 50 344 84
train 0.0017 171 16 407 77
