bicycle 0.0141 418 133 491 287
bicycle 0.0058 383 164 501 274
bus 0.0029 66 69 482 361
car 0.9996 37 34 442 356
car 0.8557 301 93 492 268
car 0.0790 382 73 497 285
car 0.0064 325 116 421 239
car 0.0047 492 56 500 136
car 0.0040 186 60 469 258
car 0.0034 32 108 160 192
car 0.0027 339 115 411 167
car 0.0018 307 189 406 233
car 0.0013 0 92 8 156
car 0.0013 319 124 397 190
car 0.0012 340 127 381 158
car 0.0012 290 161 456 262
chair 0.0010 482 143 497 288
diningtable 0.0013 66 69 482 361
diningtable 0.0012 418 133 491 287
motorbike 0.0017 418 76 494 303
person 0.9788 417 56 495 304
person 0.0094 480 63 498 174
person 0.0090 485 54 500 222
person 0.0074 438 124 493 297
person 0.0057 492 56 500 136
person 0.0055 384 106 498 257
person 0.0012 475 14 500 302
person 0.0012 488 101 499 292
person 0.0011 492 70 498 178
