bottle 0.9950 348 248 390 371
bottle 0.9927 274 236 308 347
bottle 0.9488 422 236 453 359
bottle 0.9280 315 227 344 386
bottle 0.9252 391 234 424 361
bottle 0.5838 436 234 461 358
bottle 0.3241 457 247 486 345
bottle 0.2265 341 185 371 256
bottle 0.2093 308 238 336 355
bottle 0.0574 473 260 495 356
bottle 0.0496 341 229 366 360
bottle 0.0302 350 192 366 251
bottle 0.0225 340 203 368 306
bottle 0.0180 307 275 341 376
bottle 0.0118 344 193 360 250
bottle 0.0110 328 195 354 269
bottle 0.0104 325 221 349 331
bottle 0.0064 355 197 387 262
bottle 0.0049 450 226 494 364
bottle 0.0044 381 215 410 290
bottle 0.0043 236 76 272 166
bottle 0.0036 375 207 412 262
bottle 0.0035 476 219 495 329
bottle 0.0031 102 159 121 204
bottle 0.0024 359 210 389 299
bottle 0.0019 110 154 126 208
bottle 0.0016 328 190 384 250
bottle 0.0016 264 253 322 331
bottle 0.0015 225 59 283 184
bottle 0.0013 492 258 499 354
bottle 0.0010 359 193 376 250
chair 0.0024 34 36 260 306
diningtable 0.0026 211 299 430 369
person 0.9999 68 17 262 296
sheep 0.0011 72 6 263 246
