chair 0.1804 20 158 62 234
chair 0.1015 15 128 55 222
chair 0.0535 14 128 71 259
chair 0.0255 25 121 110 269
chair 0.0111 16 206 81 259
chair 0.0040 16 177 55 253
chair 0.0024 25 186 104 250
chair 0.0023 24 183 63 217
chair 0.0022 55 134 108 224
chair 0.0014 15 127 35 180
chair 0.0012 20 218 44 259
chair 0.0012 28 163 104 228
diningtable 0.0010 20 158 62 234
sofa 0.0109 25 253 178 360
sofa 0.0024 17 132 62 226
tvmonitor 0.0920 13 129 50 192
tvmonitor 0.0131 17 132 62 226
tvmonitor 0.0047 15 127 35 180
tvmonitor 0.0011 25 179 62 207
