aeroplane 0.0550 98 220 116 233
aeroplane 0.0492 -3 208 32 232
aeroplane 0.0062 437 194 454 243
aeroplane 0.0043 90 219 125 235
aeroplane 0.0036 1 213 26 227
aeroplane 0.0026 341 209 363 243
aeroplane 0.0020 404 216 453 237
aeroplane 0.0015 62 222 82 232
aeroplane 0.0015 48 218 94 236
aeroplane 0.0013 431 221 446 234
bird 0.0120 98 220 116 233
boat 0.6262 247 214 302 240
boat 0.1082 253 193 296 242
boat 0.0392 -3 208 32 232
boat 0.0271 343 190 360 247
boat 0.0197 243 225 304 243
boat 0.0160 98 220 116 233
boat 0.0156 260 206 299 235
boat 0.0035 437 194 454 243
boat 0.0029 343 219 361 236
boat 0.0024 1 213 26 227
boat 0.0023 335 213 365 240
boat 0.0021 404 216 453 237
boat 0.0018 90 219 125 235
boat 0.0010 431 221 446 234
boat 0.0010 48 218 94 236
pottedplant 0.0010 244 197 302 242
sheep 0.0026 98 220 116 233
train 0.0171 247 214 302 240
train 0.0020 243 225 304 243
tvmonitor 0.0011 247 214 302 240
