bicycle 0.0014 365 201 490 316
bicycle 0.0010 109 246 437 399
bottle 0.0020 491 184 499 255
cat 0.0024 363 198 459 244
cat 0.0022 102 245 407 371
cat 0.0017 362 196 473 284
chair 0.6134 20 246 143 378
chair 0.0629 365 201 490 316
chair 0.0193 99 235 443 384
chair 0.0058 482 247 499 379
chair 0.0021 439 219 499 367
chair 0.0019 365 220 460 283
chair 0.0011 493 274 499 377
pottedplant 0.0015 361 202 475 307
sofa 0.9988 103 236 410 380
sofa 0.5780 365 201 490 316
sofa 0.0959 364 200 459 271
sofa 0.0035 367 239 459 297
tvmonitor 0.0014 20 246 143 378
