bottle 0.0012 133 221 161 259
chair 0.9569 321 291 393 361
chair 0.9567 209 279 273 340
chair 0.7269 124 272 200 325
chair 0.4225 56 258 118 311
chair 0.3838 120 222 158 257
chair 0.3748 96 221 141 257
chair 0.3736 5 236 62 298
chair 0.3155 259 288 327 346
chair 0.1938 88 262 161 315
chair 0.1019 145 230 214 268
chair 0.0957 52 216 116 254
chair 0.0850 31 250 106 306
chair 0.0627 78 219 126 257
chair 0.0438 53 218 91 245
chair 0.0398 359 295 428 367
chair 0.0247 -2 229 29 289
chair 0.0237 165 276 234 334
chair 0.0235 269 245 319 276
chair 0.0225 382 252 437 370
chair 0.0197 351 256 410 283
chair 0.0185 128 224 195 262
chair 0.0161 320 254 363 286
chair 0.0157 92 228 154 269
chair 0.0147 0 222 11 297
chair 0.0137 49 214 89 291
chair 0.0129 3 323 58 373
chair 0.0113 355 248 425 295
chair 0.0101 2 236 21 297
chair 0.0097 262 247 333 287
chair 0.0089 99 239 143 313
chair 0.0068 81 261 126 311
chair 0.0061 158 271 206 328
chair 0.0061 85 220 112 254
chair 0.0058 122 268 167 321
chair 0.0056 144 227 181 270
chair 0.0053 171 235 222 268
chair 0.0049 298 250 375 286
chair 0.0044 -3 323 50 350
chair 0.0039 74 219 109 248
chair 0.0036 131 227 163 265
chair 0.0034 98 266 247 347
chair 0.0034 408 251 441 337
chair 0.0032 94 218 124 251
chair 0.0025 200 279 242 336
chair 0.0025 38 220 90 256
chair 0.0025 200 238 282 274
chair 0.0024 145 99 192 133
chair 0.0023 48 224 122 284
chair 0.0019 185 272 322 351
chair 0.0017 339 268 445 359
chair 0.0016 63 217 103 290
chair 0.0014 16 241 53 278
chair 0.0014 203 84 227 101
chair 0.0012 108 220 151 248
chair 0.0011 92 223 129 280
chair 0.0010 355 258 432 323
chair 0.0010 144 243 192 268
diningtable 0.0176 92 219 131 258
diningtable 0.0130 120 222 158 257
diningtable 0.0097 313 270 419 362
diningtable 0.0033 147 232 189 265
diningtable 0.0029 206 272 362 349
diningtable 0.0028 78 291 340 364
diningtable 0.0021 53 218 91 245
diningtable 0.0019 73 218 111 258
diningtable 0.0014 213 286 295 341
diningtable 0.0010 259 288 327 346
person 0.0011 0 222 11 297
pottedplant 0.1634 203 81 227 106
pottedplant 0.0287 208 80 225 97
pottedplant 0.0029 219 78 226 96
pottedplant 0.0022 218 84 227 103
pottedplant 0.0015 69 292 281 365
sofa 0.0108 3 323 58 373
sofa 0.0046 249 197 381 229
sofa 0.0045 92 219 131 258
sofa 0.0028 120 222 158 257
sofa 0.0023 69 292 281 365
sofa 0.0018 145 99 192 133
sofa 0.0014 147 232 189 265
sofa 0.0010 200 81 229 105
tvmonitor 0.8759 145 96 196 137
tvmonitor 0.1181 203 81 227 106
tvmonitor 0.0064 269 245 319 276
tvmonitor 0.0058 208 80 225 97
tvmonitor 0.0055 351 256 410 283
tvmonitor 0.0015 320 254 363 286
