aeroplane 0.0340 284 121 305 164
aeroplane 0.0036 324 107 343 163
aeroplane 0.0023 281 125 320 159
aeroplane 0.0015 351 109 367 162
boat 0.8767 32 80 110 188
boat 0.4768 326 109 355 165
boat 0.2692 284 121 305 164
boat 0.0499 413 145 496 189
boat 0.0355 281 125 320 159
boat 0.0300 67 81 105 155
boat 0.0291 475 154 498 191
boat 0.0290 30 161 97 212
boat 0.0162 351 109 367 162
boat 0.0153 39 161 85 185
boat 0.0141 485 146 500 199
boat 0.0101 324 118 342 166
boat 0.0086 290 113 310 160
boat 0.0084 270 115 328 158
boat 0.0070 468 152 503 179
boat 0.0054 390 97 502 184
boat 0.0053 453 159 501 188
boat 0.0047 319 150 359 173
boat 0.0047 35 168 86 195
boat 0.0043 327 134 351 172
boat 0.0042 62 151 120 175
boat 0.0041 287 145 300 161
boat 0.0041 287 133 301 156
boat 0.0039 309 111 367 162
boat 0.0038 301 121 320 165
boat 0.0037 31 150 106 193
boat 0.0037 81 88 115 167
boat 0.0036 329 116 366 154
boat 0.0035 54 163 110 184
boat 0.0034 471 161 513 186
boat 0.0033 316 114 347 157
boat 0.0032 467 167 505 193
boat 0.0030 41 119 120 179
boat 0.0025 479 165 493 182
boat 0.0023 340 111 360 158
boat 0.0022 331 97 348 160
boat 0.0022 37 153 87 178
boat 0.0020 479 157 492 173
boat 0.0020 30 177 79 208
boat 0.0017 93 151 108 161
boat 0.0015 9 94 94 168
boat 0.0014 421 152 474 177
boat 0.0014 489 165 498 182
boat 0.0013 31 91 72 176
boat 0.0013 315 109 331 162
boat 0.0012 489 175 499 191
boat 0.0012 432 160 483 185
boat 0.0012 488 128 500 183
boat 0.0011 294 136 308 152
boat 0.0011 31 134 96 239
boat 0.0010 480 174 493 189
boat 0.0010 489 156 499 173
person 0.0016 30 167 40 181
person 0.0012 34 167 47 181
train 0.0048 284 121 305 164
train 0.0019 413 145 496 189
train 0.0018 468 158 503 188
train 0.0017 39 161 85 185
train 0.0016 281 125 320 159
train 0.0010 324 107 343 163
