bottle 0.0918 334 16 348 59
bottle 0.0274 340 19 357 59
bottle 0.0169 278 162 305 232
bottle 0.0080 336 24 345 53
bottle 0.0069 326 17 342 60
bottle 0.0063 339 15 372 66
bottle 0.0055 282 161 303 206
bottle 0.0044 220 166 256 227
bottle 0.0024 207 174 246 209
bottle 0.0020 343 26 354 52
bottle 0.0012 337 17 346 43
bottle 0.0012 324 22 359 55
bottle 0.0011 358 18 380 61
chair 0.0308 2 21 59 185
chair 0.0012 -2 198 24 312
diningtable 0.9998 26 84 476 356
diningtable 0.1851 134 69 372 327
pottedplant 0.0038 218 80 298 240
pottedplant 0.0032 75 46 477 354
pottedplant 0.0026 134 69 372 327
pottedplant 0.0012 220 166 256 227
pottedplant 0.0011 278 162 305 232
tvmonitor 0.0158 382 8 448 66
