bicycle 0.1548 347 188 366 239
bicycle 0.0073 351 174 372 234
bicycle 0.0025 350 203 364 243
bird 0.0018 115 142 154 174
boat 0.0013 347 188 366 239
bus 0.0013 63 198 201 498
car 0.0021 347 188 366 239
cat 0.0016 347 188 366 239
chair 0.0016 347 188 366 239
cow 0.0065 347 188 366 239
cow 0.0012 50 198 197 496
dog 0.0163 347 188 366 239
dog 0.0010 351 174 372 234
horse 0.9997 48 158 201 490
horse 0.0345 347 188 366 239
horse 0.0063 344 175 371 231
motorbike 0.0634 347 188 366 239
motorbike 0.0043 351 174 372 234
person 0.9999 31 53 212 348
person 0.6144 347 172 366 238
person 0.0096 346 178 379 219
person 0.0037 352 169 373 212
person 0.0033 342 173 357 239
person 0.0014 352 189 372 237
sheep 0.0044 63 198 201 498
