bicycle 0.0051 -7 279 317 467
boat 0.0018 -7 279 317 467
bottle 0.9953 243 211 289 373
bottle 0.4694 48 175 70 254
bottle 0.0273 51 119 66 161
bottle 0.0225 57 184 71 247
bottle 0.0193 41 180 59 232
bottle 0.0176 49 173 66 226
bottle 0.0058 53 133 63 160
bottle 0.0027 54 117 75 162
bottle 0.0024 13 112 26 167
bottle 0.0014 40 197 56 249
bottle 0.0013 50 147 72 229
bottle 0.0010 20 112 34 165
chair 0.0013 -2 286 357 463
diningtable 0.5111 -6 316 371 489
diningtable 0.0038 90 347 357 452
horse 0.0066 -6 316 371 489
person 0.9993 99 79 261 343
person 0.1444 51 119 66 161
person 0.0473 54 117 75 162
person 0.0302 80 97 229 250
person 0.0035 53 124 63 154
person 0.0029 7 84 228 327
person 0.0025 163 92 280 390
