person 0.8952 215 204 304 377
person 0.8811 141 195 221 381
person 0.8635 408 126 498 381
person 0.6328 313 121 414 381
person 0.0635 226 297 300 372
person 0.0317 203 180 281 336
person 0.0068 481 212 496 373
person 0.0067 192 199 258 378
person 0.0049 217 145 294 290
person 0.0046 357 145 419 357
person 0.0042 444 184 492 394
person 0.0041 487 178 499 371
person 0.0040 403 129 467 311
person 0.0036 305 159 374 347
person 0.0034 180 138 317 343
person 0.0027 166 190 235 327
person 0.0025 205 183 238 250
person 0.0021 206 180 277 247
person 0.0019 399 201 420 309
person 0.0019 203 200 238 306
person 0.0016 440 92 493 345
person 0.0014 391 137 442 339
person 0.0012 244 152 302 324
person 0.0011 154 177 272 287
