aeroplane 0.0020 0 71 15 121
bicycle 0.9973 116 168 308 300
bicycle 0.3852 114 81 207 132
bicycle 0.0245 0 74 21 118
bicycle 0.0122 92 70 200 152
bicycle 0.0040 151 99 276 217
bicycle 0.0037 73 76 185 121
bicycle 0.0035 -1 56 94 98
bicycle 0.0034 -5 87 31 119
bicycle 0.0032 126 82 201 191
bicycle 0.0026 0 57 12 116
bicycle 0.0025 0 76 13 129
bicycle 0.0019 161 103 303 280
bicycle 0.0018 14 39 81 89
bicycle 0.0015 81 59 167 99
bicycle 0.0010 0 31 10 102
boat 0.0025 0 74 21 118
boat 0.0012 0 76 13 129
boat 0.0010 -5 87 31 119
bottle 0.0395 194 228 219 268
bottle 0.0045 203 232 224 267
bottle 0.0032 187 237 226 277
bottle 0.0017 395 90 441 117
bottle 0.0010 190 230 209 266
car 0.0117 0 43 10 108
car 0.0038 0 71 15 121
car 0.0027 124 146 340 299
car 0.0019 0 65 20 110
car 0.0013 -1 73 48 100
car 0.0010 0 -9 7 68
chair 0.0019 116 168 308 300
chair 0.0010 190 233 224 264
dog 0.0030 0 74 21 118
horse 0.0024 0 74 21 118
motorbike 0.0133 0 74 21 118
motorbike 0.0030 0 43 10 108
motorbike 0.0023 1 26 23 104
person 0.9197 455 46 497 152
person 0.9129 147 95 282 296
person 0.5530 152 26 185 93
person 0.0247 0 18 9 98
person 0.0195 1 26 23 104
person 0.0167 183 48 205 87
person 0.0162 441 49 504 115
person 0.0096 469 43 498 126
person 0.0093 492 25 500 109
person 0.0076 134 164 330 294
person 0.0076 0 74 21 118
person 0.0050 470 65 499 166
person 0.0033 102 37 139 90
person 0.0031 0 -2 7 81
person 0.0030 453 39 491 97
person 0.0021 424 38 492 165
person 0.0018 455 43 476 93
person 0.0018 146 33 209 91
person 0.0016 175 58 218 89
person 0.0015 0 57 12 116
person 0.0014 494 39 499 131
person 0.0013 114 81 207 132
person 0.0013 231 37 258 78
person 0.0011 439 43 470 116
person 0.0010 86 47 135 85
person 0.0010 30 34 68 85
