bicycle 0.0556 51 233 85 282
bicycle 0.0397 52 245 121 294
bicycle 0.0063 64 235 99 284
bicycle 0.0022 68 244 90 290
bicycle 0.0021 20 235 82 281
bicycle 0.0019 43 268 132 306
bicycle 0.0019 44 236 65 282
boat 0.0014 55 247 89 287
car 0.0119 153 194 215 236
car 0.0036 166 197 206 225
car 0.0011 157 169 200 193
cat 0.0011 61 244 85 289
chair 0.0098 60 237 84 283
chair 0.0068 68 244 90 290
chair 0.0046 52 237 74 281
chair 0.0030 44 236 65 282
chair 0.0022 52 245 121 294
chair 0.0014 415 196 442 338
chair 0.0010 64 235 99 284
dog 0.0019 55 247 89 287
motorbike 0.0010 153 204 205 236
person 0.9964 385 195 438 337
person 0.4446 407 184 444 335
person 0.0893 385 191 414 330
person 0.0102 492 173 498 269
person 0.0035 160 190 202 238
person 0.0034 166 197 206 225
person 0.0034 53 199 80 277
person 0.0024 244 226 264 273
person 0.0022 237 142 288 291
person 0.0020 486 150 499 286
person 0.0013 60 237 84 283
person 0.0013 160 172 174 190
person 0.0012 157 169 200 193
person 0.0012 418 190 446 287
person 0.0010 244 165 279 267
person 0.0010 491 204 499 293
person 0.0010 158 181 178 221
pottedplant 0.0014 79 262 120 297
pottedplant 0.0013 55 247 89 287
