bottle 0.0037 0 184 18 322
chair 0.0030 93 73 182 229
diningtable 0.0015 27 207 234 377
person 0.9541 395 -8 496 287
person 0.9418 87 54 176 225
person 0.4960 202 38 505 259
person 0.0305 433 64 500 289
person 0.0137 0 55 16 221
person 0.0084 -1 13 29 264
person 0.0074 4 161 81 227
person 0.0072 0 123 19 266
person 0.0053 406 2 503 164
person 0.0052 1 -13 16 178
person 0.0051 0 111 64 245
person 0.0046 0 115 7 191
person 0.0033 485 109 497 323
person 0.0029 472 76 499 392
person 0.0026 1 145 66 212
person 0.0026 8 4 39 83
person 0.0016 -1 28 53 209
person 0.0013 6 126 82 191
person 0.0011 3 -21 21 111
person 0.0011 0 131 8 231
person 0.0011 3 122 43 196
person 0.0010 0 163 17 307
sofa 0.9972 184 49 467 249
sofa 0.0013 327 10 497 272
