bicycle 0.0013 218 257 444 352
bottle 0.0069 120 330 133 378
bottle 0.0010 154 107 165 163
chair 0.0772 292 259 443 347
chair 0.0210 252 175 393 331
chair 0.0036 209 223 439 370
chair 0.0020 332 232 413 346
chair 0.0016 26 110 144 329
chair 0.0013 290 215 420 328
diningtable 0.0023 21 297 556 373
person 0.9933 253 133 388 339
person 0.7971 10 110 125 340
person 0.5458 41 57 158 322
person 0.0888 135 43 168 120
person 0.0497 70 12 146 189
person 0.0265 345 10 399 265
person 0.0231 78 0 163 283
person 0.0157 342 20 402 147
person 0.0135 -3 198 57 384
person 0.0103 1 231 111 367
person 0.0065 63 38 96 125
person 0.0056 122 27 172 174
person 0.0053 353 20 387 55
person 0.0043 1 108 58 322
person 0.0033 -2 214 32 402
person 0.0026 218 257 444 352
person 0.0026 314 -17 410 322
person 0.0022 327 54 385 255
person 0.0019 349 24 389 98
person 0.0016 0 142 19 290
person 0.0016 60 5 111 158
person 0.0015 343 15 373 72
person 0.0015 294 122 380 274
person 0.0015 143 58 171 173
person 0.0013 342 30 377 132
person 0.0012 65 119 138 349
person 0.0011 346 11 405 69
person 0.0010 57 57 85 137
person 0.0010 -1 107 30 361
sofa 0.0032 119 228 456 367
sofa 0.0031 -23 297 529 373
sofa 0.0031 211 153 389 348
sofa 0.0013 218 257 444 352
