bottle 0.5111 443 182 466 285
bottle 0.2456 459 119 489 192
bottle 0.1537 420 182 445 291
bottle 0.1505 475 121 495 193
bottle 0.1383 451 184 477 287
bottle 0.1234 488 120 497 204
bottle 0.0569 415 209 438 292
bottle 0.0414 357 179 426 290
bottle 0.0398 416 233 432 285
bottle 0.0377 411 237 427 282
bottle 0.0307 458 218 472 280
bottle 0.0289 408 217 430 294
bottle 0.0244 467 124 484 184
bottle 0.0175 341 161 367 268
bottle 0.0111 451 205 465 274
bottle 0.0106 357 174 389 261
bottle 0.0094 479 143 493 195
bottle 0.0083 367 182 416 259
bottle 0.0046 456 198 470 265
bottle 0.0041 438 127 500 185
bottle 0.0032 401 242 416 292
bottle 0.0024 412 161 452 304
bottle 0.0023 402 168 430 268
bottle 0.0017 447 165 489 302
bottle 0.0016 439 201 453 261
bottle 0.0014 387 168 437 302
bottle 0.0014 491 104 498 189
bottle 0.0013 471 210 498 298
bottle 0.0012 374 176 387 194
bottle 0.0011 400 227 415 274
bottle 0.0011 414 245 423 277
bottle 0.0010 409 246 425 305
person 0.5906 117 138 198 210
person 0.1833 90 115 226 253
person 0.0101 334 26 379 94
person 0.0060 351 35 371 80
person 0.0024 157 143 199 208
tvmonitor 0.9833 231 125 348 246
tvmonitor 0.9458 90 115 226 253
tvmonitor 0.2320 5 99 107 222
tvmonitor 0.0055 -25 104 215 261
tvmonitor 0.0018 0 91 16 223
tvmonitor 0.0010 117 138 198 210
