bottle 0.0132 264 118 322 166
bottle 0.0068 281 120 304 162
bottle 0.0037 301 118 318 163
bottle 0.0027 294 119 311 162
horse 0.0017 25 33 342 325
motorbike 0.0029 25 33 342 325
person 0.9998 40 62 323 320
person 0.9560 432 180 498 332
person 0.7344 378 205 442 327
person 0.2705 0 64 63 323
person 0.0146 492 207 499 305
person 0.0114 486 198 502 339
person 0.0091 492 187 499 268
person 0.0045 264 108 323 238
person 0.0019 27 81 99 306
person 0.0017 383 247 431 325
person 0.0016 0 40 29 379
person 0.0014 492 231 498 357
person 0.0011 482 172 499 293
