bicycle 0.0018 290 -3 434 75
bottle 0.0031 401 275 437 354
chair 0.0017 301 113 374 177
person 0.4078 397 57 492 380
person 0.0034 44 128 213 274
person 0.0028 351 83 471 367
person 0.0022 111 202 130 258
person 0.0011 302 99 423 357
train 0.0017 7 126 215 307
train 0.0011 374 110 419 190
tvmonitor 0.9848 375 101 418 182
tvmonitor 0.9598 40 142 216 280
tvmonitor 0.8678 301 113 374 177
tvmonitor 0.1681 398 47 498 346
tvmonitor 0.1044 390 110 426 190
tvmonitor 0.0272 385 84 494 201
tvmonitor 0.0048 312 96 417 189
tvmonitor 0.0033 276 100 391 202
tvmonitor 0.0023 381 93 435 213
tvmonitor 0.0019 416 42 495 236
tvmonitor 0.0016 408 101 442 178
tvmonitor 0.0015 6 289 41 372
tvmonitor 0.0014 0 281 19 380
