bicycle 0.0026 56 32 352 366
bottle 0.7645 95 261 152 363
bottle 0.2624 72 300 151 367
bottle 0.0158 117 293 154 365
bottle 0.0062 63 210 155 377
bus 0.0017 56 32 352 366
car 0.0016 72 300 151 367
motorbike 0.0011 56 32 352 366
person 0.9997 61 75 305 383
person 0.4872 210 99 274 206
person 0.0457 87 188 157 361
person 0.0349 186 89 265 189
person 0.0074 203 94 268 158
person 0.0038 163 68 321 320
train 0.0050 56 32 352 366
tvmonitor 0.0293 56 32 352 366
tvmonitor 0.0094 149 87 283 199
tvmonitor 0.0067 205 99 271 179
tvmonitor 0.0024 127 58 302 245
tvmonitor 0.0022 182 68 292 174
tvmonitor 0.0014 181 92 265 157
tvmonitor 0.0011 220 100 285 212
