aeroplane 0.0023 28 133 424 500
bicycle 0.9134 -9 76 338 498
bicycle 0.0631 16 162 142 493
bicycle 0.0276 135 38 380 480
bicycle 0.0052 50 20 180 466
bicycle 0.0012 241 145 390 500
bottle 0.0286 334 238 381 434
bottle 0.0011 85 156 100 216
car 0.0047 28 133 424 500
chair 0.0545 16 231 135 485
diningtable 0.0011 28 133 424 500
motorbike 0.2543 123 55 390 512
motorbike 0.0107 21 39 307 471
motorbike 0.0018 16 162 142 493
motorbike 0.0016 50 20 180 466
person 0.9855 77 51 378 472
person 0.9807 59 10 176 409
train 0.0013 21 39 307 471
train 0.0012 123 55 390 512
