bicycle 0.0012 57 194 104 224
bus 0.0010 192 154 348 238
car 0.0089 442 171 495 220
car 0.0019 24 199 109 234
car 0.0018 73 160 133 219
car 0.0011 36 163 100 220
cow 0.0504 24 199 109 234
cow 0.0015 57 205 104 227
diningtable 0.0029 24 199 109 234
dog 0.0064 24 199 109 234
horse 0.9987 176 148 326 245
horse 0.1330 24 199 109 234
horse 0.0022 52 154 85 221
horse 0.0016 36 163 100 220
horse 0.0012 87 153 119 220
motorbike 0.0020 24 199 109 234
person 0.9981 225 104 257 218
person 0.8471 453 168 487 225
person 0.8190 87 151 117 215
person 0.5904 406 161 432 225
person 0.5619 56 152 85 213
person 0.5161 358 158 384 219
person 0.4210 136 149 163 215
person 0.2910 416 171 434 223
person 0.2480 434 178 456 222
person 0.0827 429 175 445 223
person 0.0818 70 153 87 206
person 0.0621 70 155 99 222
person 0.0494 438 169 465 225
person 0.0475 368 172 386 220
person 0.0315 345 160 375 221
person 0.0308 73 160 133 219
person 0.0174 136 152 158 191
person 0.0164 36 163 100 220
person 0.0148 411 160 430 205
person 0.0129 490 167 500 231
person 0.0098 456 181 477 228
person 0.0091 236 112 266 204
person 0.0066 468 169 497 223
person 0.0065 410 183 428 226
person 0.0059 98 153 115 208
person 0.0055 402 174 420 224
person 0.0054 56 157 73 205
person 0.0053 24 199 109 234
person 0.0048 460 173 474 188
person 0.0044 83 155 99 206
person 0.0037 280 124 289 140
person 0.0036 329 164 388 218
person 0.0036 57 194 104 224
person 0.0034 350 174 370 220
person 0.0031 448 185 464 225
person 0.0031 324 160 354 221
person 0.0027 209 118 273 199
person 0.0027 360 159 381 189
person 0.0027 31 193 76 228
person 0.0026 363 164 378 180
person 0.0025 353 159 372 205
person 0.0023 51 153 118 212
person 0.0022 62 160 96 199
person 0.0020 475 185 497 229
person 0.0020 458 168 477 198
person 0.0018 448 168 467 217
person 0.0017 341 164 362 216
person 0.0016 133 157 150 201
person 0.0015 215 106 242 205
person 0.0015 433 193 441 219
person 0.0014 53 180 91 215
person 0.0014 71 178 92 218
person 0.0013 422 194 431 218
person 0.0013 410 169 442 215
person 0.0012 432 171 441 188
person 0.0012 360 165 394 198
person 0.0012 413 169 426 189
person 0.0012 466 173 481 188
person 0.0010 90 173 110 219
person 0.0010 415 156 436 190
sheep 0.0012 24 199 109 234
