aeroplane 0.0012 122 151 445 332
bicycle 0.0059 122 151 445 332
bus 0.0014 419 180 497 239
car 0.9990 118 161 448 354
car 0.8922 428 181 499 238
car 0.7596 87 169 202 231
car 0.7135 0 164 41 226
car 0.1166 71 177 111 204
car 0.0930 122 175 236 223
car 0.0310 71 175 92 205
car 0.0163 274 150 470 368
car 0.0090 81 168 118 200
car 0.0076 -4 182 35 220
car 0.0076 -4 166 36 198
car 0.0074 380 166 511 228
car 0.0054 65 165 190 203
car 0.0044 -1 174 30 246
car 0.0039 0 166 9 237
car 0.0034 68 170 148 220
car 0.0032 2 168 87 218
car 0.0031 167 163 209 182
car 0.0030 491 173 499 249
car 0.0027 170 168 222 193
car 0.0018 0 160 44 189
car 0.0016 145 187 253 229
car 0.0015 431 170 482 192
car 0.0015 85 169 122 225
car 0.0014 427 162 503 205
car 0.0014 65 169 99 200
car 0.0012 85 178 132 204
car 0.0010 130 169 381 293
dog 0.0014 122 151 445 332
motorbike 0.0030 122 151 445 332
motorbike 0.0020 0 164 41 226
person 0.5956 345 150 461 377
person 0.0088 -1 167 36 226
person 0.0039 491 173 499 249
person 0.0023 -2 193 19 279
person 0.0023 0 192 8 269
person 0.0022 342 172 472 292
person 0.0016 219 173 230 191
pottedplant 0.0015 122 151 445 332
train 0.0010 123 154 515 361
tvmonitor 0.0016 428 181 499 238
