bird 0.0010 59 68 128 248
bottle 0.9953 213 49 292 262
bottle 0.9949 68 61 129 257
bottle 0.9918 120 57 203 261
bottle 0.9892 301 39 379 275
bottle 0.8780 372 56 445 254
bottle 0.0078 342 20 454 282
bottle 0.0033 264 1 329 151
bottle 0.0031 223 -6 285 162
bottle 0.0028 170 31 238 88
bottle 0.0024 305 3 368 191
bottle 0.0023 488 -7 499 201
bottle 0.0021 235 25 337 109
bottle 0.0017 201 23 304 109
bottle 0.0015 122 27 224 110
bottle 0.0014 448 21 497 250
bottle 0.0013 484 45 498 219
bottle 0.0011 128 22 193 175
chair 0.0024 218 3 292 74
chair 0.0021 170 31 238 88
sheep 0.0012 112 82 193 255
tvmonitor 0.0011 170 31 238 88
