aeroplane 0.0023 313 87 328 104
aeroplane 0.0022 462 98 489 115
bird 0.9972 430 257 496 340
bird 0.6901 313 87 328 104
bird 0.0271 307 87 333 106
bird 0.0243 309 89 323 102
bird 0.0100 323 88 332 103
bird 0.0082 462 98 491 115
bird 0.0073 312 89 330 113
bird 0.0065 198 77 212 88
bird 0.0061 492 69 500 83
bird 0.0053 308 95 322 106
bird 0.0034 323 95 334 107
bird 0.0029 295 90 334 112
bird 0.0027 190 78 206 88
bird 0.0024 493 75 501 90
bird 0.0023 316 82 328 95
bird 0.0018 463 96 474 111
bird 0.0013 278 83 291 146
bird 0.0012 199 71 212 84
cow 0.0022 492 69 500 83
cow 0.0019 463 96 474 111
sheep 0.8133 141 170 257 230
sheep 0.7163 462 98 491 115
sheep 0.4247 139 154 222 187
sheep 0.2061 136 162 236 208
sheep 0.1501 215 163 259 198
sheep 0.1353 463 96 474 111
sheep 0.1038 138 149 182 179
sheep 0.0887 179 167 259 212
sheep 0.0857 313 87 328 104
sheep 0.0284 474 99 491 112
sheep 0.0158 181 161 230 183
sheep 0.0110 230 165 254 199
sheep 0.0088 492 69 500 83
sheep 0.0071 298 85 333 108
sheep 0.0061 309 89 323 102
sheep 0.0061 198 77 212 88
sheep 0.0061 163 157 211 185
sheep 0.0051 493 75 501 90
sheep 0.0045 151 151 201 178
sheep 0.0038 451 95 488 113
sheep 0.0035 190 78 206 88
sheep 0.0031 476 104 491 117
sheep 0.0030 143 157 192 199
sheep 0.0029 216 164 260 232
sheep 0.0027 172 162 222 196
sheep 0.0021 308 95 322 106
sheep 0.0021 179 158 264 190
sheep 0.0019 461 94 471 102
sheep 0.0019 323 95 334 107
sheep 0.0017 323 88 332 103
sheep 0.0013 312 89 330 113
