bicycle 0.0056 -3 -14 300 337
bicycle 0.0019 417 16 490 153
bottle 0.0028 288 0 297 14
bottle 0.0016 458 49 474 102
car 0.0015 -4 9 302 409
cat 0.0245 419 35 492 167
cat 0.0102 436 42 499 275
cat 0.0033 -3 -14 300 337
cat 0.0021 427 75 474 157
chair 0.9309 14 14 311 403
chair 0.0872 437 62 497 368
chair 0.0585 419 35 492 167
chair 0.0284 433 49 500 229
chair 0.0079 474 21 501 100
chair 0.0019 451 25 490 95
chair 0.0012 491 16 501 80
chair 0.0012 474 38 501 162
chair 0.0011 241 1 322 126
diningtable 0.0265 27 -3 360 386
dog 0.0041 419 53 495 181
person 0.0036 436 42 499 275
person 0.0029 419 35 492 167
person 0.0010 -3 -14 300 337
pottedplant 0.0360 417 16 490 153
pottedplant 0.0158 433 21 476 99
pottedplant 0.0128 -3 -14 300 337
pottedplant 0.0022 451 25 490 95
pottedplant 0.0017 459 43 475 92
pottedplant 0.0012 466 41 480 92
sofa 0.5039 8 -8 315 333
sofa 0.1615 436 39 498 315
sofa 0.0340 431 26 500 178
sofa 0.0042 418 79 493 153
sofa 0.0021 474 21 501 100
sofa 0.0013 384 13 495 135
sofa 0.0011 399 -20 504 241
sofa 0.0011 464 17 500 301
