bottle 0.0731 341 137 357 187
bottle 0.0240 332 138 351 187
bottle 0.0164 49 239 88 310
bottle 0.0056 306 136 319 187
bottle 0.0053 351 137 368 185
bottle 0.0048 359 141 380 181
bottle 0.0046 323 141 339 185
bottle 0.0027 298 216 429 357
bottle 0.0022 367 144 388 180
bottle 0.0011 347 280 372 315
chair 0.6555 296 196 425 346
chair 0.0083 24 176 80 226
chair 0.0080 398 170 462 340
chair 0.0053 396 220 431 323
chair 0.0034 43 106 256 311
chair 0.0029 412 159 490 351
chair 0.0022 39 176 86 209
chair 0.0020 74 216 265 303
chair 0.0014 41 180 84 244
chair 0.0012 -27 300 439 367
diningtable 0.4853 -12 296 351 365
diningtable 0.0021 65 306 508 367
diningtable 0.0016 53 292 196 332
diningtable 0.0012 43 106 256 311
diningtable 0.0011 -25 272 446 400
diningtable 0.0011 63 268 430 355
person 0.9992 66 82 255 317
person 0.7150 296 196 425 346
person 0.0012 207 101 234 179
tvmonitor 0.0088 64 62 267 264
tvmonitor 0.0017 280 201 405 338
