bird 0.0042 228 113 450 215
boat 0.0096 195 180 242 208
boat 0.0014 0 167 11 219
boat 0.0012 228 113 450 215
bus 0.9580 243 112 470 215
bus 0.4375 17 144 123 246
bus 0.1260 190 176 248 218
bus 0.0648 196 189 239 212
bus 0.0288 122 193 142 234
bus 0.0260 431 111 500 170
bus 0.0162 194 197 237 224
bus 0.0100 254 79 533 236
bus 0.0078 370 105 519 193
bus 0.0046 8 163 41 231
bus 0.0040 434 96 500 213
bus 0.0039 160 191 196 216
bus 0.0037 0 167 11 219
bus 0.0032 177 195 196 227
bus 0.0031 168 199 204 224
bus 0.0027 -1 158 23 236
bus 0.0021 144 200 188 230
bus 0.0020 121 199 156 229
bus 0.0014 186 183 204 222
bus 0.0013 4 178 19 226
bus 0.0011 474 98 498 183
bus 0.0010 184 206 226 240
car 0.9967 371 186 504 284
car 0.9408 213 207 336 261
car 0.9328 140 203 179 239
car 0.5929 298 201 373 242
car 0.5525 183 210 225 247
car 0.3036 123 204 157 235
car 0.0991 180 208 215 237
car 0.0904 275 205 359 251
car 0.0802 122 193 142 234
car 0.0728 194 206 233 237
car 0.0609 10 218 36 293
car 0.0462 194 197 237 224
car 0.0408 184 195 249 238
car 0.0399 202 188 244 213
car 0.0342 195 207 289 256
car 0.0231 458 190 494 218
car 0.0203 124 208 138 232
car 0.0195 24 236 40 284
car 0.0186 158 199 195 226
car 0.0176 225 200 265 222
car 0.0173 177 195 196 227
car 0.0165 127 201 171 229
car 0.0142 181 204 192 220
car 0.0116 153 199 163 207
car 0.0086 191 205 200 219
car 0.0086 1 212 23 298
car 0.0074 363 192 390 248
car 0.0066 172 204 185 220
car 0.0063 303 201 359 226
car 0.0060 0 167 11 219
car 0.0059 125 204 137 221
car 0.0049 316 197 355 246
car 0.0046 179 210 194 228
car 0.0038 139 199 217 236
car 0.0038 289 199 336 224
car 0.0037 160 191 196 216
car 0.0037 297 207 348 232
car 0.0037 369 189 409 249
car 0.0035 168 205 187 234
car 0.0033 144 198 154 207
car 0.0033 487 174 499 230
car 0.0032 17 230 31 289
car 0.0032 187 195 204 227
car 0.0031 325 211 372 246
car 0.0031 177 200 216 224
car 0.0030 0 227 10 312
car 0.0030 130 212 171 240
car 0.0025 129 208 145 232
car 0.0024 178 212 197 243
car 0.0023 161 199 173 208
car 0.0022 299 202 339 256
car 0.0020 493 163 499 185
car 0.0020 337 195 411 242
car 0.0020 2 177 8 208
car 0.0020 125 209 194 244
car 0.0020 473 187 497 220
car 0.0019 234 204 254 217
car 0.0019 1 186 11 236
car 0.0019 130 206 145 219
car 0.0018 236 199 290 224
car 0.0016 492 151 501 213
car 0.0015 25 222 53 293
car 0.0014 436 182 501 221
car 0.0014 212 204 236 236
car 0.0014 171 210 184 227
car 0.0014 8 234 19 301
car 0.0013 262 186 389 253
car 0.0013 403 189 498 231
car 0.0013 362 208 380 249
car 0.0012 204 197 228 206
car 0.0012 186 212 205 227
car 0.0012 169 198 187 209
car 0.0012 491 8 497 33
car 0.0011 192 180 275 217
car 0.0011 369 203 384 253
car 0.0011 191 195 200 210
car 0.0011 335 205 382 241
car 0.0010 211 207 257 230
car 0.0010 228 113 450 215
car 0.0010 127 197 135 208
car 0.0010 18 242 48 278
car 0.0010 257 196 269 204
motorbike 0.0038 127 202 148 238
motorbike 0.0031 130 203 171 237
motorbike 0.0030 183 210 225 247
motorbike 0.0018 458 190 494 218
person 0.6160 1 212 23 298
person 0.1153 458 190 494 218
person 0.0954 10 218 36 293
person 0.0272 0 208 8 291
person 0.0243 1 186 11 236
person 0.0232 446 193 466 225
person 0.0231 17 230 31 289
person 0.0226 464 193 486 222
person 0.0189 8 224 20 294
person 0.0165 5 193 19 231
person 0.0155 0 237 9 318
person 0.0148 9 200 16 224
person 0.0140 473 187 497 220
person 0.0126 2 204 8 236
person 0.0099 456 193 476 223
person 0.0096 153 199 163 207
person 0.0096 491 8 497 33
person 0.0084 429 192 463 215
person 0.0078 24 236 40 284
person 0.0073 487 174 499 230
person 0.0071 484 7 490 32
person 0.0063 369 197 387 248
person 0.0056 448 198 463 217
person 0.0046 459 198 473 217
person 0.0042 438 195 474 221
person 0.0033 6 209 20 273
person 0.0032 493 15 498 39
person 0.0026 470 123 481 140
person 0.0025 437 197 457 211
person 0.0024 489 -3 498 41
person 0.0024 127 202 148 238
person 0.0023 15 196 29 243
person 0.0023 361 199 382 246
person 0.0020 408 185 499 221
person 0.0020 144 198 154 207
person 0.0020 25 235 55 306
person 0.0019 428 196 447 210
person 0.0019 481 0 493 36
person 0.0014 6 245 18 307
person 0.0013 0 167 11 219
person 0.0013 2 210 6 248
person 0.0013 477 126 493 141
person 0.0011 181 204 192 220
person 0.0010 161 199 173 208
person 0.0010 492 151 501 213
person 0.0010 467 117 484 147
person 0.0010 461 124 472 140
train 0.0356 196 189 239 212
train 0.0070 190 176 248 218
train 0.0045 228 113 450 215
train 0.0032 194 197 237 224
train 0.0020 0 167 11 219
train 0.0012 160 191 196 216
train 0.0012 122 193 142 234
tvmonitor 0.0164 195 180 242 208
tvmonitor 0.0030 0 167 11 219
