boat 0.9997 2 -7 243 231
boat 0.0019 -1 10 56 229
boat 0.0012 -3 -10 30 250
bus 0.0056 11 6 231 254
car 0.0018 30 170 77 193
car 0.0014 113 167 146 196
motorbike 0.0011 113 167 146 196
person 0.2671 117 167 143 197
person 0.2241 128 170 147 197
person 0.0869 149 172 168 196
person 0.0695 112 168 131 197
person 0.0415 159 172 175 212
person 0.0293 169 170 184 215
person 0.0280 142 173 155 194
person 0.0179 152 179 165 197
person 0.0171 148 167 176 224
person 0.0143 160 175 173 193
person 0.0131 162 180 173 199
person 0.0119 112 166 143 222
person 0.0107 93 170 127 194
person 0.0103 128 167 155 224
person 0.0082 132 171 164 195
person 0.0078 91 168 112 195
person 0.0075 176 168 193 216
person 0.0070 119 167 140 182
person 0.0068 120 171 140 190
person 0.0056 93 173 109 190
person 0.0053 130 168 145 182
person 0.0046 102 163 140 188
person 0.0045 140 172 157 208
person 0.0042 172 179 181 202
person 0.0038 120 176 155 202
person 0.0035 151 170 182 196
person 0.0032 119 165 155 188
person 0.0030 131 180 146 196
person 0.0026 101 175 119 190
person 0.0023 10 140 38 214
person 0.0023 31 209 75 231
person 0.0023 113 180 126 196
person 0.0022 165 168 191 224
person 0.0022 100 176 141 202
person 0.0020 171 174 182 192
person 0.0018 113 167 130 182
person 0.0016 93 171 159 219
person 0.0015 46 206 60 220
person 0.0014 55 170 106 192
person 0.0013 18 223 28 237
person 0.0013 142 178 174 202
person 0.0012 0 124 7 202
person 0.0012 81 162 121 188
