bicycle 0.0027 315 -10 494 298
bird 0.0039 178 100 218 168
bottle 0.2837 178 100 218 168
bottle 0.0059 324 46 483 334
bottle 0.0011 166 89 228 187
cat 0.0011 315 -10 494 298
chair 0.0023 324 46 483 334
diningtable 0.0021 315 -10 494 298
dog 0.0011 315 -10 494 298
horse 0.0028 315 -10 494 298
motorbike 0.0025 315 -10 494 298
person 0.9988 316 11 489 325
person 0.9663 36 133 178 329
person 0.8445 141 104 281 327
person 0.6802 238 56 349 327
person 0.0026 157 102 220 168
person 0.0015 48 134 87 186
sheep 0.0011 315 -10 494 298
sofa 0.0017 315 -10 494 298
