bicycle 0.0021 100 23 301 265
boat 0.0029 100 23 301 265
bottle 0.7762 468 238 498 338
bottle 0.0356 457 205 495 344
bottle 0.0202 474 204 497 309
bottle 0.0180 464 201 489 311
bottle 0.0043 490 203 497 311
bottle 0.0035 72 138 87 185
bottle 0.0030 100 161 123 198
bottle 0.0028 479 225 495 290
bottle 0.0016 392 228 465 344
bottle 0.0015 397 246 434 336
bottle 0.0011 336 279 410 332
bottle 0.0010 0 258 5 352
bottle 0.0010 105 260 179 327
bottle 0.0010 0 85 7 179
car 0.0027 100 23 301 265
cat 0.0090 100 23 301 265
chair 0.0807 98 65 299 312
cow 0.0153 100 23 301 265
diningtable 0.0227 100 23 301 265
diningtable 0.0015 24 245 328 336
dog 0.0022 100 23 301 265
horse 0.0020 100 23 301 265
person 0.9997 88 44 281 298
person 0.2515 1 19 106 321
person 0.0044 2 101 96 254
person 0.0036 163 98 178 146
person 0.0033 128 126 171 153
person 0.0016 138 124 159 155
person 0.0011 148 88 182 150
pottedplant 0.0039 100 23 301 265
sheep 0.0032 100 23 301 265
sofa 0.0278 98 65 299 312
