bottle 0.0361 80 250 102 284
bottle 0.0128 73 247 108 276
bottle 0.0070 84 260 118 322
bottle 0.0057 72 270 112 308
bottle 0.0054 84 257 98 277
bottle 0.0029 80 255 120 282
bottle 0.0028 48 252 124 298
bottle 0.0023 79 281 119 312
bottle 0.0021 88 259 111 296
bottle 0.0021 71 248 96 286
bottle 0.0019 92 259 106 277
bottle 0.0016 68 263 136 318
bottle 0.0014 88 254 108 283
bottle 0.0013 81 253 100 270
bottle 0.0010 100 268 118 308
bottle 0.0010 320 316 398 374
chair 0.2651 3 230 120 372
chair 0.0572 0 182 91 332
chair 0.0113 -6 112 123 346
chair 0.0034 0 240 93 305
chair 0.0032 1 243 66 377
chair 0.0032 10 216 164 323
chair 0.0027 37 239 133 280
chair 0.0017 1 317 64 374
chair 0.0014 5 274 176 378
chair 0.0013 -2 302 91 368
person 0.0026 -6 124 458 280
person 0.0012 48 252 124 298
pottedplant 0.0010 79 281 119 312
sofa 0.9999 20 134 487 290
