bicycle 0.0115 57 202 229 368
bicycle 0.0010 338 301 442 375
boat 0.0033 57 202 229 368
cat 0.0016 84 183 229 350
chair 0.1793 57 202 229 368
chair 0.0041 338 296 450 380
diningtable 0.0103 57 202 229 368
dog 0.7414 338 301 442 375
person 0.9988 65 164 227 371
pottedplant 0.7327 324 177 434 214
pottedplant 0.0453 339 185 444 233
pottedplant 0.0041 381 186 434 215
pottedplant 0.0037 305 181 445 257
pottedplant 0.0012 328 181 392 204
pottedplant 0.0011 372 182 425 206
pottedplant 0.0010 47 255 124 299
sofa 0.0310 57 202 229 368
