bicycle 0.0047 68 122 292 352
bird 0.0018 487 86 501 145
boat 0.0013 13 128 409 375
bottle 0.0070 273 143 288 201
bottle 0.0044 487 86 501 145
bottle 0.0016 279 126 311 194
bottle 0.0016 474 86 499 147
bottle 0.0010 189 268 220 353
chair 0.9946 336 103 475 368
chair 0.9843 59 236 229 368
chair 0.8944 33 151 241 368
chair 0.2528 103 117 311 356
chair 0.2484 441 134 497 372
chair 0.1402 256 69 397 371
chair 0.0271 9 104 132 354
chair 0.0162 209 111 364 357
chair 0.0068 110 189 235 342
chair 0.0040 383 41 492 356
chair 0.0021 129 156 285 298
chair 0.0016 465 154 500 386
chair 0.0016 160 144 241 364
chair 0.0016 446 67 497 289
chair 0.0015 256 16 387 124
chair 0.0010 485 81 499 272
diningtable 0.6443 132 120 344 353
diningtable 0.0695 256 69 397 371
diningtable 0.0363 22 102 394 368
diningtable 0.0345 371 100 488 366
diningtable 0.0218 275 132 474 365
diningtable 0.0016 84 145 263 367
diningtable 0.0014 129 156 285 298
person 0.9980 261 6 404 304
person 0.6572 116 136 301 364
person 0.0405 256 16 387 124
person 0.0298 291 80 453 377
person 0.0188 160 144 241 364
person 0.0029 22 118 242 349
person 0.0017 110 189 235 342
person 0.0014 77 237 240 373
person 0.0010 209 111 364 357
pottedplant 0.8413 405 76 470 135
pottedplant 0.1220 474 86 499 147
pottedplant 0.0825 487 86 501 145
pottedplant 0.0570 457 86 494 145
pottedplant 0.0231 408 55 501 143
pottedplant 0.0044 448 105 485 142
pottedplant 0.0028 491 50 499 143
pottedplant 0.0013 68 122 292 352
sofa 0.0016 13 128 409 375
sofa 0.0012 116 136 301 364
sofa 0.0010 291 80 453 377
