bicycle 0.0070 135 214 222 328
bicycle 0.0023 144 204 217 279
bicycle 0.0016 148 160 215 243
car 0.0063 148 160 215 243
car 0.0040 158 151 220 213
motorbike 0.9219 140 197 218 319
motorbike 0.0104 157 157 219 276
motorbike 0.0021 154 211 202 301
motorbike 0.0012 172 198 216 279
person 0.9715 152 148 211 262
person 0.2693 144 183 217 295
person 0.1666 170 148 210 215
person 0.0120 154 195 197 283
person 0.0039 166 139 192 179
person 0.0035 161 140 198 195
person 0.0033 148 186 179 255
person 0.0028 178 159 197 195
person 0.0026 45 162 66 195
person 0.0026 152 207 172 242
person 0.0019 162 139 178 179
person 0.0014 156 215 167 235
person 0.0013 155 140 171 177
person 0.0013 169 163 208 192
person 0.0012 48 168 62 187
