bicycle 0.0046 165 224 456 356
car 0.9980 163 224 424 353
car 0.9900 -1 256 90 307
car 0.9856 53 256 158 304
car 0.1060 103 250 177 297
car 0.0360 0 267 24 308
car 0.0354 -1 259 12 315
car 0.0257 4 252 48 308
car 0.0239 147 245 168 295
car 0.0065 130 245 195 294
car 0.0053 108 261 152 295
car 0.0043 151 223 283 310
car 0.0038 130 260 166 292
car 0.0021 147 232 219 285
car 0.0020 24 253 71 308
car 0.0019 -1 244 11 295
car 0.0016 0 247 8 272
car 0.0012 155 237 199 301
motorbike 0.0010 -1 259 12 315
person 0.0103 -1 251 12 309
person 0.0075 239 210 252 228
person 0.0018 247 211 259 228
person 0.0017 0 247 8 272
person 0.0015 -1 239 11 281
person 0.0011 0 253 29 303
