bottle 0.0017 410 149 424 211
car 0.9997 173 94 422 212
car 0.0018 270 64 317 83
car 0.0013 277 120 311 144
cow 0.0033 281 119 321 145
horse 0.0020 281 119 321 145
motorbike 0.0013 281 119 321 145
person 0.6939 338 0 363 91
person 0.2947 277 120 311 144
person 0.2368 331 -2 355 89
person 0.0278 231 78 245 109
person 0.0175 207 77 220 113
person 0.0055 294 1 308 49
person 0.0038 238 81 245 107
person 0.0034 281 114 321 139
person 0.0033 289 119 331 144
person 0.0026 288 119 310 157
person 0.0018 275 125 295 140
person 0.0017 353 1 382 86
person 0.0015 209 90 220 111
person 0.0015 352 23 366 86
person 0.0013 0 199 5 314
person 0.0012 280 124 323 153
person 0.0010 344 23 359 87
