aeroplane 0.0019 40 53 510 339
bicycle 0.9995 25 51 472 336
bicycle 0.0265 432 87 501 156
bicycle 0.0251 376 45 495 290
bicycle 0.0054 387 71 496 187
bicycle 0.0033 146 5 215 46
bicycle 0.0027 440 74 500 277
bird 0.0015 0 105 15 284
boat 0.0014 -9 -11 508 284
bottle 0.2282 171 263 202 317
bottle 0.0869 168 271 190 315
bottle 0.0263 185 264 202 313
bottle 0.0138 161 277 197 311
car 0.0102 -9 -11 508 284
cat 0.0034 0 105 15 284
chair 0.0015 0 126 14 299
chair 0.0010 22 78 472 376
cow 0.0014 0 105 15 284
dog 0.0105 0 105 15 284
horse 0.0014 0 105 15 284
motorbike 0.0027 435 74 501 195
motorbike 0.0025 398 89 510 154
motorbike 0.0025 -9 -11 508 284
motorbike 0.0016 146 5 215 46
motorbike 0.0014 376 45 495 290
person 0.0075 0 105 15 284
person 0.0061 51 35 497 312
person 0.0020 156 7 199 45
sheep 0.0021 -1 88 14 268
train 0.0017 -9 -11 508 284
tvmonitor 0.0024 21 39 425 313
