bottle 0.9759 453 293 484 375
bottle 0.1505 420 313 447 378
bottle 0.0425 437 318 454 374
bottle 0.0243 453 258 490 327
bottle 0.0216 465 301 481 355
bottle 0.0207 441 296 468 376
bottle 0.0146 397 336 416 374
bottle 0.0106 490 302 498 392
bottle 0.0099 458 302 476 354
bottle 0.0076 428 329 446 376
bottle 0.0071 479 313 494 378
bottle 0.0059 427 303 449 351
bottle 0.0057 447 315 460 377
bottle 0.0051 398 323 462 374
bottle 0.0036 471 292 494 374
bottle 0.0034 468 311 483 379
bottle 0.0032 438 302 498 369
bottle 0.0031 389 340 428 372
bottle 0.0030 388 336 410 376
bottle 0.0024 418 334 437 373
bottle 0.0015 492 285 499 370
bottle 0.0011 434 302 456 352
bottle 0.0011 457 310 474 378
cat 0.0011 363 208 475 343
chair 0.3575 125 265 211 369
chair 0.2737 360 220 473 359
chair 0.0122 0 322 64 375
chair 0.0090 378 261 479 320
chair 0.0060 0 275 65 382
chair 0.0053 0 227 59 355
chair 0.0039 -6 239 111 373
chair 0.0037 176 292 326 365
chair 0.0016 147 284 257 367
chair 0.0014 192 105 301 377
chair 0.0013 165 325 276 372
chair 0.0012 409 200 496 334
diningtable 0.0031 378 261 479 320
diningtable 0.0017 374 349 486 379
diningtable 0.0014 398 323 462 374
diningtable 0.0013 376 218 478 360
person 0.7512 193 115 297 382
person 0.6930 379 194 492 342
person 0.5105 431 180 502 323
person 0.0089 466 124 500 344
person 0.0061 170 153 237 358
person 0.0057 442 95 499 298
person 0.0055 480 149 499 322
person 0.0054 240 95 304 404
person 0.0042 418 191 493 272
person 0.0026 492 93 500 175
person 0.0019 452 234 495 314
person 0.0015 405 266 499 317
person 0.0013 450 187 496 282
person 0.0012 451 91 494 154
person 0.0011 483 96 497 257
sofa 0.0014 379 194 492 342
tvmonitor 0.0018 363 208 475 343
