aeroplane 0.0026 347 218 411 242
bicycle 0.0296 344 207 394 239
bicycle 0.0113 363 209 412 239
bicycle 0.0060 347 218 411 242
bicycle 0.0010 327 218 378 240
boat 0.0015 347 218 411 242
car 0.1847 340 207 385 240
car 0.0289 345 201 394 230
car 0.0129 353 208 404 238
car 0.0038 347 218 411 242
car 0.0012 327 218 378 240
car 0.0011 365 202 410 229
chair 0.0030 117 203 160 268
horse 0.0031 340 207 385 240
horse 0.0015 353 208 404 238
motorbike 0.5161 337 203 405 240
motorbike 0.0080 363 209 412 239
motorbike 0.0070 337 217 387 241
motorbike 0.0037 347 218 411 242
motorbike 0.0024 329 207 378 238
motorbike 0.0011 356 202 401 229
person 0.0094 345 201 394 230
person 0.0028 340 207 385 240
person 0.0012 367 198 391 231
