bus 0.0012 47 334 156 370
car 0.8929 47 334 156 370
car 0.1607 394 346 504 387
car 0.1262 383 338 502 425
car 0.0887 36 329 160 413
car 0.0061 423 335 508 373
car 0.0054 46 340 97 369
car 0.0051 57 318 153 361
car 0.0040 451 334 497 355
car 0.0033 380 336 493 376
car 0.0030 148 345 186 362
car 0.0025 131 335 186 360
car 0.0023 77 334 141 359
car 0.0023 206 351 228 360
car 0.0022 195 348 236 366
car 0.0022 101 334 156 358
car 0.0017 211 354 259 375
car 0.0015 317 359 503 451
car 0.0014 493 333 499 357
car 0.0013 444 343 504 365
car 0.0013 3 332 96 371
car 0.0012 490 312 500 360
car 0.0010 36 350 227 456
car 0.0010 70 340 218 361
car 0.0010 31 341 76 369
person 0.0070 490 312 500 360
person 0.0061 493 333 499 357
person 0.0050 492 323 498 353
person 0.0010 492 323 500 385
tvmonitor 0.0013 47 334 156 370
