aeroplane 0.0017 -1 210 15 249
boat 0.0018 105 61 374 269
bottle 0.0042 105 61 374 269
bus 0.9978 102 92 379 275
bus 0.0129 0 198 14 248
bus 0.0107 28 200 103 241
bus 0.0099 0 184 25 248
bus 0.0011 7 184 38 247
car 0.4327 -1 210 15 249
car 0.0392 1 216 12 243
car 0.0169 3 199 19 246
car 0.0081 7 215 16 244
car 0.0070 1 208 10 236
car 0.0051 28 200 103 241
car 0.0039 0 184 25 248
car 0.0035 3 218 17 256
car 0.0023 -1 184 10 242
car 0.0021 96 222 107 238
car 0.0020 2 224 10 252
car 0.0018 101 226 139 252
car 0.0018 103 221 114 239
car 0.0015 105 61 374 269
car 0.0012 101 214 117 245
car 0.0012 -3 205 28 240
car 0.0010 59 207 102 238
diningtable 0.0014 105 61 374 269
horse 0.0142 105 61 374 269
motorbike 0.0052 -1 210 15 249
motorbike 0.0048 105 61 374 269
person 0.0367 30 217 38 240
person 0.0191 3 207 17 252
person 0.0137 26 202 39 242
person 0.0040 32 200 49 242
person 0.0027 0 198 14 248
person 0.0027 7 215 16 244
person 0.0016 75 220 86 238
person 0.0016 1 216 12 243
person 0.0015 16 199 32 242
train 0.0033 -1 210 15 249
