bird 0.0024 197 243 287 297
bird 0.0016 106 229 176 295
bird 0.0016 442 335 499 374
bird 0.0014 170 234 233 287
bottle 0.8719 103 233 175 300
bottle 0.6390 197 243 287 297
bottle 0.4059 452 336 496 375
bottle 0.2497 170 234 233 287
bottle 0.2149 233 249 317 295
bottle 0.0513 142 238 181 296
bottle 0.0167 462 334 505 361
bottle 0.0110 166 247 322 324
bottle 0.0092 164 235 207 298
bottle 0.0078 208 259 309 310
bottle 0.0067 62 245 213 329
bottle 0.0058 62 237 153 298
bottle 0.0053 184 241 228 277
bottle 0.0037 222 251 267 285
bottle 0.0023 477 332 493 346
bottle 0.0021 258 244 302 300
bottle 0.0020 488 326 500 382
bottle 0.0017 83 228 127 289
bottle 0.0017 469 322 497 379
bottle 0.0015 242 254 287 286
bottle 0.0014 476 337 495 353
bottle 0.0014 146 255 171 296
bottle 0.0013 176 237 219 266
bottle 0.0010 492 328 498 347
bottle 0.0010 465 329 504 350
cat 0.0014 452 336 496 375
chair 0.0027 452 336 496 375
dog 0.0102 452 336 496 375
pottedplant 0.0010 368 11 498 98
tvmonitor 0.9784 -2 38 113 312
tvmonitor 0.8930 372 0 496 91
tvmonitor 0.0168 65 48 211 264
