bicycle 0.0470 97 13 356 489
bicycle 0.0017 289 73 324 102
car 0.0017 290 64 324 101
car 0.0016 260 18 315 83
car 0.0014 1 -2 34 27
cow 0.0017 293 64 321 100
dog 0.0013 293 64 321 100
horse 0.0046 290 64 324 101
motorbike 0.9778 78 58 333 502
motorbike 0.0052 290 64 324 101
motorbike 0.0011 95 149 251 503
motorbike 0.0011 268 20 302 99
person 0.9820 66 1 328 439
person 0.9761 15 45 77 198
person 0.9626 266 11 303 89
person 0.6620 103 3 138 63
person 0.5319 293 64 321 100
person 0.4279 -1 67 18 191
person 0.4141 79 39 113 121
person 0.3622 64 40 96 124
person 0.1423 117 2 148 64
person 0.1142 44 -1 76 54
person 0.0970 48 28 76 107
person 0.0942 52 33 75 71
person 0.0779 320 23 334 83
person 0.0731 1 -2 34 27
person 0.0697 65 48 135 197
person 0.0394 316 59 331 105
person 0.0352 50 40 108 200
person 0.0312 84 12 114 84
person 0.0259 300 60 331 108
person 0.0236 46 14 75 79
person 0.0178 81 23 105 63
person 0.0116 92 50 115 93
person 0.0115 48 25 81 63
person 0.0096 85 34 104 89
person 0.0091 18 -1 74 30
person 0.0090 81 48 149 114
person 0.0085 92 -5 115 49
person 0.0083 134 2 167 64
person 0.0082 68 31 126 140
person 0.0080 303 54 324 96
person 0.0078 96 34 131 103
person 0.0078 257 32 320 94
person 0.0067 61 0 91 56
person 0.0064 74 -2 115 32
person 0.0052 101 51 124 91
person 0.0050 34 25 86 154
person 0.0050 288 66 310 99
person 0.0048 50 -1 78 34
person 0.0047 64 16 95 82
person 0.0043 33 42 57 80
person 0.0041 27 34 62 102
person 0.0041 74 44 95 100
person 0.0037 277 75 319 100
person 0.0032 0 2 14 23
person 0.0031 46 39 66 82
person 0.0030 57 40 72 60
person 0.0030 46 41 77 171
person 0.0029 -6 0 56 15
person 0.0028 -1 53 44 198
person 0.0028 73 0 97 43
person 0.0026 314 32 333 101
person 0.0025 82 -1 105 45
person 0.0025 88 10 150 75
person 0.0024 22 48 59 167
person 0.0024 92 -2 133 32
person 0.0023 49 37 112 103
person 0.0022 29 -1 61 54
person 0.0021 306 70 322 92
person 0.0020 321 60 328 82
person 0.0020 296 71 316 92
person 0.0020 75 26 97 60
person 0.0020 63 56 94 184
person 0.0019 51 42 62 61
person 0.0019 36 42 75 79
person 0.0019 1 119 16 197
person 0.0019 63 -1 86 32
person 0.0018 194 18 238 81
person 0.0018 30 0 81 13
person 0.0018 46 0 110 54
person 0.0017 71 1 133 57
person 0.0017 87 53 102 108
person 0.0017 101 -4 122 51
person 0.0016 92 15 111 67
person 0.0016 320 69 329 92
person 0.0015 5 56 30 160
person 0.0013 76 16 111 53
person 0.0013 10 0 79 50
person 0.0012 96 46 129 82
person 0.0011 -9 48 23 206
person 0.0011 198 26 237 61
person 0.0011 1 85 18 156
person 0.0010 91 62 133 96
person 0.0010 91 83 259 485
person 0.0010 133 -2 151 48
person 0.0010 25 15 145 236
person 0.0010 264 2 295 67
train 0.0013 23 63 327 497
