bicycle 0.0012 244 113 282 138
bottle 0.0010 168 84 487 228
bus 0.9518 159 70 489 225
bus 0.1883 236 76 495 178
bus 0.0167 372 82 490 195
bus 0.0104 0 113 114 206
bus 0.0080 192 97 305 183
bus 0.0077 4 111 89 169
bus 0.0042 56 113 90 173
bus 0.0021 356 52 506 235
bus 0.0016 199 119 234 141
car 0.7188 168 84 487 228
car 0.1452 201 122 233 151
car 0.0575 207 118 242 141
car 0.0298 0 150 30 210
car 0.0265 0 155 58 208
car 0.0236 215 119 238 153
car 0.0211 0 113 114 206
car 0.0178 205 117 238 164
car 0.0141 219 121 234 136
car 0.0115 205 117 275 156
car 0.0097 348 130 487 227
car 0.0096 206 122 226 135
car 0.0085 192 97 305 183
car 0.0057 236 76 495 178
car 0.0048 227 116 243 143
car 0.0045 206 126 226 143
car 0.0044 226 106 294 144
car 0.0043 27 157 102 207
car 0.0040 -3 158 35 192
car 0.0040 216 123 252 148
car 0.0036 262 112 301 138
car 0.0034 468 169 502 267
car 0.0033 238 114 273 139
car 0.0031 218 127 233 142
car 0.0029 200 115 217 160
car 0.0025 202 121 232 192
car 0.0018 202 120 213 135
car 0.0016 33 114 103 168
car 0.0016 487 131 499 181
car 0.0012 188 116 228 142
car 0.0012 -1 145 9 205
car 0.0012 213 131 254 158
car 0.0010 50 149 88 208
car 0.0010 166 115 235 170
horse 0.0020 360 143 479 245
horse 0.0018 238 114 273 139
motorbike 0.9047 366 141 498 248
motorbike 0.0038 244 113 282 138
motorbike 0.0034 183 78 525 233
motorbike 0.0028 225 117 243 154
motorbike 0.0026 414 108 487 238
motorbike 0.0012 487 131 499 181
motorbike 0.0010 203 120 229 153
motorbike 0.0010 458 175 497 261
person 0.9660 174 103 197 190
person 0.9585 132 107 154 190
person 0.9505 417 99 483 221
person 0.7263 245 114 265 139
person 0.4121 321 104 343 147
person 0.3032 71 120 90 173
person 0.2829 225 117 243 154
person 0.2183 371 127 490 233
person 0.1853 185 113 210 201
person 0.1838 254 100 272 139
person 0.1773 228 117 242 139
person 0.1478 293 75 311 121
person 0.1477 322 98 359 151
person 0.1234 65 124 81 171
person 0.1042 261 100 285 136
person 0.1023 238 114 254 141
person 0.1015 285 74 303 120
person 0.0637 80 121 96 172
person 0.0632 101 148 117 185
person 0.0578 96 146 110 186
person 0.0502 335 100 362 140
person 0.0487 255 113 292 137
person 0.0468 248 109 262 128
person 0.0358 302 86 317 129
person 0.0343 311 78 496 180
person 0.0304 487 131 499 181
person 0.0282 113 118 137 191
person 0.0260 229 115 263 139
person 0.0255 328 100 351 139
person 0.0240 229 114 240 127
person 0.0212 478 137 498 175
person 0.0211 268 101 295 135
person 0.0209 255 115 270 136
person 0.0189 105 154 114 179
person 0.0165 110 146 127 185
person 0.0159 430 100 478 181
person 0.0148 218 118 252 139
person 0.0146 238 113 251 126
person 0.0143 56 113 90 173
person 0.0141 287 77 300 100
person 0.0133 315 100 332 137
person 0.0127 239 107 271 134
person 0.0118 98 153 107 179
person 0.0117 199 119 215 175
person 0.0104 266 92 298 125
person 0.0095 235 122 276 145
person 0.0091 219 121 234 136
person 0.0090 259 97 269 117
person 0.0089 204 124 227 166
person 0.0087 202 121 232 192
person 0.0071 215 119 238 153
person 0.0069 123 117 136 180
person 0.0067 257 106 269 127
person 0.0066 260 92 270 107
person 0.0064 265 116 281 135
person 0.0055 327 112 352 156
person 0.0048 297 77 326 132
person 0.0046 66 127 77 147
person 0.0046 226 106 294 144
person 0.0044 180 114 195 179
person 0.0043 317 106 328 129
person 0.0042 261 85 283 116
person 0.0042 191 117 204 178
person 0.0040 276 75 311 105
person 0.0039 330 106 366 163
person 0.0039 114 154 124 178
person 0.0038 55 124 73 167
person 0.0037 295 97 311 131
person 0.0036 476 130 501 195
person 0.0036 298 105 307 126
person 0.0035 70 113 94 147
person 0.0035 132 107 147 169
person 0.0035 318 110 386 160
person 0.0034 272 79 296 119
person 0.0030 317 115 329 135
person 0.0030 295 79 309 99
person 0.0027 93 127 118 188
person 0.0025 298 93 308 120
person 0.0025 94 151 126 182
person 0.0024 322 106 341 128
person 0.0024 297 84 308 108
person 0.0023 396 120 475 201
person 0.0023 414 110 453 211
person 0.0023 250 102 261 116
person 0.0023 265 98 280 116
person 0.0022 305 94 315 120
person 0.0020 265 107 281 126
person 0.0020 247 94 266 128
person 0.0019 67 132 78 156
person 0.0019 138 111 154 167
person 0.0019 238 125 249 141
person 0.0019 323 113 340 136
person 0.0018 56 128 69 145
person 0.0018 273 116 290 134
person 0.0018 282 98 302 134
person 0.0017 450 111 488 207
person 0.0017 84 125 94 146
person 0.0017 370 129 458 191
person 0.0016 248 94 282 124
person 0.0016 246 84 308 131
