bus 0.0053 338 60 402 105
bus 0.0035 234 68 286 93
bus 0.0024 415 76 453 97
bus 0.0024 413 59 494 98
bus 0.0010 308 77 352 96
car 0.9999 78 93 430 310
car 0.9782 236 72 277 92
car 0.1899 415 76 453 97
car 0.0280 310 83 330 93
car 0.0181 488 61 500 110
car 0.0158 349 83 391 105
car 0.0139 413 59 494 98
car 0.0125 308 77 352 96
car 0.0096 248 76 292 91
car 0.0093 338 60 402 105
car 0.0088 263 78 284 90
car 0.0083 308 83 320 92
car 0.0053 454 71 497 98
car 0.0046 423 81 451 94
car 0.0037 322 83 339 93
car 0.0036 493 83 499 104
car 0.0031 405 82 453 101
car 0.0030 312 87 329 97
car 0.0029 335 81 347 96
car 0.0027 490 74 499 100
car 0.0025 233 74 275 85
car 0.0023 477 70 498 99
car 0.0016 406 62 452 97
car 0.0012 299 83 344 101
car 0.0012 232 76 255 90
car 0.0010 341 74 382 102
person 0.0018 493 83 499 104
person 0.0016 74 96 379 301
person 0.0010 488 61 500 110
pottedplant 0.0019 25 102 425 319
train 0.0010 415 76 453 97
