aeroplane 0.0012 13 202 478 512
boat 0.0031 145 163 193 195
bus 0.0020 146 156 190 186
bus 0.0018 131 151 186 174
car 0.0216 68 165 113 194
car 0.0085 131 151 186 174
car 0.0059 146 156 190 186
car 0.0044 124 154 196 194
car 0.0032 160 148 176 157
car 0.0014 151 148 167 156
car 0.0012 61 159 107 186
car 0.0011 73 160 123 184
car 0.0011 216 155 285 226
chair 0.0249 216 155 285 226
chair 0.0073 2 227 116 317
cow 0.0013 216 155 285 226
person 0.0027 133 164 145 177
person 0.0024 141 165 155 178
person 0.0021 146 156 190 186
person 0.0019 160 148 176 157
sofa 0.8347 2 227 116 317
sofa 0.6879 24 247 465 413
sofa 0.5383 17 248 480 328
sofa 0.0130 -2 177 448 541
sofa 0.0031 216 155 285 226
train 0.0017 146 156 190 186
train 0.0013 216 155 285 226
train 0.0012 131 151 186 174
tvmonitor 0.9201 213 156 279 226
tvmonitor 0.0075 124 154 196 194
tvmonitor 0.0013 146 156 190 186
