boat 0.0020 152 11 505 366
bottle 0.0064 479 96 493 153
bottle 0.0031 483 56 498 180
bottle 0.0030 491 63 497 168
car 0.0050 68 19 426 370
car 0.0010 217 -5 514 373
chair 0.0128 152 11 505 366
chair 0.0071 30 37 390 396
chair 0.0050 352 79 501 387
chair 0.0044 13 16 179 357
chair 0.0020 156 133 318 370
chair 0.0013 281 97 465 365
chair 0.0012 256 15 399 357
person 0.9991 329 121 486 379
person 0.9952 28 130 168 370
person 0.9588 130 26 306 348
person 0.9167 256 15 399 357
person 0.8797 374 -28 503 386
person 0.5531 217 -5 514 373
person 0.1172 51 143 302 366
person 0.0707 15 23 177 292
person 0.0405 152 162 278 350
person 0.0393 6 50 349 385
person 0.0176 422 -11 512 329
person 0.0054 107 52 183 227
person 0.0013 493 -20 499 79
person 0.0011 444 46 498 381
person 0.0011 468 -23 502 336
person 0.0010 483 0 502 124
sofa 0.9566 68 19 426 370
sofa 0.0927 130 26 306 348
sofa 0.0920 217 -5 514 373
sofa 0.0211 13 16 179 357
sofa 0.0082 198 36 377 344
sofa 0.0032 281 97 465 365
sofa 0.0016 352 79 501 387
sofa 0.0015 -10 41 293 404
sofa 0.0013 51 143 302 366
