bird 0.0030 67 177 98 207
bird 0.0016 73 182 92 199
boat 0.0014 197 119 233 147
bottle 0.0053 55 189 66 210
bottle 0.0049 51 188 59 210
bottle 0.0024 52 185 69 213
bottle 0.0012 434 106 453 157
chair 0.7319 319 112 391 199
chair 0.0102 303 112 342 147
chair 0.0038 296 112 383 169
chair 0.0036 245 124 349 193
chair 0.0026 197 119 233 147
chair 0.0015 237 174 362 211
pottedplant 0.1053 75 179 100 213
pottedplant 0.0369 52 168 114 212
pottedplant 0.0284 422 105 456 164
pottedplant 0.0271 197 119 233 147
pottedplant 0.0148 64 150 100 210
pottedplant 0.0091 73 182 92 199
pottedplant 0.0073 151 30 183 88
pottedplant 0.0070 155 35 175 74
pottedplant 0.0065 434 106 453 157
pottedplant 0.0062 80 182 97 201
pottedplant 0.0032 55 189 66 210
pottedplant 0.0027 206 125 227 142
pottedplant 0.0025 52 185 69 213
pottedplant 0.0018 56 176 93 206
pottedplant 0.0016 51 188 59 210
pottedplant 0.0016 120 167 160 196
pottedplant 0.0015 66 188 77 208
pottedplant 0.0011 64 181 81 213
sofa 0.0026 197 119 233 147
tvmonitor 0.0603 197 119 233 147
tvmonitor 0.0042 303 112 342 147
tvmonitor 0.0027 206 125 227 142
tvmonitor 0.0024 72 179 105 212
