bird 0.0038 84 36 233 287
bird 0.0024 -4 60 103 181
bird 0.0021 206 128 281 279
bird 0.0016 328 62 500 359
bird 0.0016 294 56 428 307
bird 0.0015 2 55 106 321
cat 0.0042 206 128 281 279
cat 0.0026 84 36 233 287
chair 0.0015 238 166 393 333
chair 0.0013 81 181 204 317
cow 0.0136 328 62 500 359
cow 0.0027 209 135 295 298
cow 0.0021 294 56 428 307
cow 0.0015 277 63 368 251
cow 0.0015 64 36 222 286
cow 0.0011 268 155 365 319
cow 0.0011 -1 88 27 181
dog 0.9349 203 131 282 298
dog 0.9292 223 176 368 330
dog 0.5692 97 148 224 318
dog 0.5546 0 150 102 324
dog 0.0520 270 59 395 312
dog 0.0367 328 62 500 359
dog 0.0280 84 36 233 287
dog 0.0114 24 158 151 310
dog 0.0071 149 148 268 297
dog 0.0061 -7 104 119 270
dog 0.0052 142 114 220 280
dog 0.0031 0 116 61 283
dog 0.0024 -4 60 103 181
dog 0.0017 296 164 412 293
dog 0.0012 86 182 176 317
dog 0.0012 181 84 322 308
horse 0.0434 328 62 500 359
horse 0.0020 248 157 385 317
horse 0.0018 -4 151 117 319
horse 0.0011 201 142 285 314
person 0.2924 2 55 106 321
person 0.1046 294 56 428 307
person 0.0968 91 65 228 312
person 0.0324 328 62 500 359
person 0.0176 244 135 389 327
sheep 0.9902 352 49 504 348
sheep 0.4643 64 36 222 286
sheep 0.3191 294 56 428 307
sheep 0.1795 -2 46 105 266
sheep 0.0423 6 59 96 181
sheep 0.0324 -1 75 31 166
sheep 0.0199 206 128 281 279
sheep 0.0198 90 86 228 233
sheep 0.0132 -2 58 56 178
sheep 0.0070 277 63 368 251
sheep 0.0041 213 77 375 311
sheep 0.0024 -1 100 60 258
sheep 0.0024 248 157 385 317
sheep 0.0018 97 148 224 318
sheep 0.0018 142 114 220 280
sheep 0.0017 -4 151 117 319
sheep 0.0014 -2 93 21 219
sheep 0.0014 347 98 472 264
sheep 0.0010 3 140 46 219
train 0.0015 64 36 222 286
