bottle 0.0994 440 118 454 154
bottle 0.0100 381 98 413 151
bottle 0.0064 399 100 410 147
bottle 0.0055 390 102 408 146
bottle 0.0036 382 96 401 137
bottle 0.0033 419 134 433 150
bottle 0.0025 442 117 450 136
bottle 0.0023 402 110 409 139
bottle 0.0023 446 114 461 157
bottle 0.0020 420 129 433 144
bottle 0.0017 431 122 464 151
bottle 0.0016 490 102 499 167
bottle 0.0014 464 118 487 153
bottle 0.0013 417 127 435 157
bottle 0.0010 204 233 237 315
person 0.9972 123 135 288 370
person 0.9832 286 98 457 348
person 0.9602 2 20 168 408
person 0.4194 301 108 434 264
person 0.0730 91 139 480 371
person 0.0255 315 105 400 220
person 0.0132 480 5 499 119
person 0.0078 490 28 499 107
person 0.0050 201 58 538 393
person 0.0047 436 152 498 319
person 0.0047 354 119 428 274
person 0.0047 316 150 476 286
person 0.0030 349 102 509 345
person 0.0025 336 116 407 193
person 0.0019 235 217 269 326
person 0.0014 481 41 495 112
person 0.0011 355 110 397 173
pottedplant 0.0272 381 98 413 151
pottedplant 0.0053 390 102 408 146
pottedplant 0.0039 382 96 401 137
pottedplant 0.0016 399 100 410 147
pottedplant 0.0016 361 104 422 165
