bird 0.0017 1 154 11 213
bird 0.0012 1 162 19 203
bottle 0.0052 244 257 260 300
bottle 0.0049 241 200 255 240
bottle 0.0040 1 154 11 213
bottle 0.0032 1 162 19 203
bottle 0.0028 261 302 306 327
bottle 0.0014 269 301 293 328
bottle 0.0011 243 220 252 239
bottle 0.0011 2 171 7 212
bottle 0.0010 6 171 16 194
cat 0.0010 1 162 19 203
chair 0.8767 264 247 402 367
chair 0.7496 13 203 74 351
chair 0.6662 132 251 271 376
chair 0.4732 107 207 148 272
chair 0.3752 117 215 175 370
chair 0.3539 331 214 372 292
chair 0.3187 359 219 397 291
chair 0.2540 250 204 313 264
chair 0.2269 112 217 169 279
chair 0.1739 413 254 485 324
chair 0.1711 126 244 200 376
chair 0.1472 321 217 386 328
chair 0.1258 369 227 414 309
chair 0.1138 397 238 470 344
chair 0.0686 281 214 352 334
chair 0.0580 253 217 404 326
chair 0.0509 380 209 488 319
chair 0.0460 320 211 355 269
chair 0.0360 256 215 300 281
chair 0.0320 343 220 408 325
chair 0.0270 368 207 407 236
chair 0.0262 0 237 62 375
chair 0.0258 336 239 473 355
chair 0.0255 186 212 222 242
chair 0.0205 196 230 272 286
chair 0.0195 409 241 456 313
chair 0.0166 427 238 474 315
chair 0.0165 411 218 489 288
chair 0.0161 390 237 434 311
chair 0.0160 436 248 497 371
chair 0.0132 152 222 427 366
chair 0.0128 177 204 216 265
chair 0.0119 10 208 44 343
chair 0.0114 255 197 327 245
chair 0.0106 164 216 205 283
chair 0.0083 450 250 492 332
chair 0.0080 358 229 430 353
chair 0.0079 297 215 338 288
chair 0.0077 149 293 247 371
chair 0.0068 452 218 495 289
chair 0.0066 372 213 408 266
chair 0.0064 246 201 281 265
chair 0.0061 252 214 295 246
chair 0.0059 119 210 202 265
chair 0.0056 168 194 230 240
chair 0.0056 400 212 470 259
chair 0.0054 147 279 333 372
chair 0.0051 302 211 341 249
chair 0.0042 272 216 318 283
chair 0.0040 280 209 350 265
chair 0.0039 379 250 451 324
chair 0.0037 111 213 234 327
chair 0.0035 158 223 239 281
chair 0.0034 349 208 392 233
chair 0.0031 323 239 419 374
chair 0.0030 195 256 277 367
chair 0.0029 31 200 67 312
chair 0.0029 244 192 276 244
chair 0.0029 366 206 392 250
chair 0.0028 394 214 443 244
chair 0.0027 0 164 10 217
chair 0.0027 2 193 21 355
chair 0.0026 409 216 464 245
chair 0.0025 259 205 332 307
chair 0.0023 475 237 498 349
chair 0.0023 307 280 400 344
chair 0.0022 259 220 307 255
chair 0.0022 242 199 260 242
chair 0.0020 6 185 43 248
chair 0.0020 375 208 400 248
chair 0.0019 45 212 76 333
chair 0.0018 268 211 314 249
chair 0.0018 257 194 468 360
chair 0.0017 0 184 7 275
chair 0.0017 225 196 299 241
chair 0.0016 184 205 210 238
chair 0.0016 101 204 157 302
chair 0.0015 310 205 350 237
chair 0.0015 161 204 195 236
chair 0.0014 128 219 170 243
chair 0.0014 -4 197 36 384
chair 0.0014 379 219 450 293
chair 0.0013 144 205 179 266
chair 0.0013 159 216 196 243
chair 0.0013 96 199 159 246
chair 0.0013 158 220 348 309
chair 0.0013 472 214 499 292
chair 0.0012 386 208 430 237
chair 0.0011 334 201 481 278
chair 0.0011 1 173 20 207
chair 0.0011 124 224 172 254
chair 0.0011 216 224 301 278
chair 0.0010 318 204 342 254
chair 0.0010 376 213 420 244
chair 0.0010 360 205 382 237
chair 0.0010 124 197 204 241
chair 0.0010 190 266 284 318
cow 0.0013 108 215 149 280
diningtable 0.3122 1 215 62 365
diningtable 0.1039 152 222 427 366
diningtable 0.0913 132 251 271 376
diningtable 0.0535 336 210 477 319
diningtable 0.0291 253 217 404 326
diningtable 0.0269 284 243 424 364
diningtable 0.0156 -5 212 103 336
diningtable 0.0151 384 240 490 357
diningtable 0.0081 250 204 313 264
diningtable 0.0080 257 194 468 360
diningtable 0.0058 111 195 541 396
diningtable 0.0048 181 229 267 287
diningtable 0.0036 158 220 348 309
diningtable 0.0032 115 221 202 280
diningtable 0.0032 18 188 74 331
diningtable 0.0029 413 254 485 324
diningtable 0.0026 108 212 170 267
diningtable 0.0022 34 199 85 351
diningtable 0.0021 150 211 220 263
diningtable 0.0021 368 207 407 236
diningtable 0.0020 204 206 370 261
diningtable 0.0019 89 204 256 262
diningtable 0.0019 286 203 449 274
diningtable 0.0018 -4 197 36 384
diningtable 0.0018 111 213 234 327
diningtable 0.0017 147 279 333 372
diningtable 0.0015 186 212 222 242
diningtable 0.0014 255 197 327 245
diningtable 0.0011 148 195 222 241
diningtable 0.0010 103 198 321 362
dog 0.0013 1 154 11 213
person 0.0202 380 209 488 319
person 0.0080 411 218 489 288
person 0.0059 400 212 470 259
person 0.0053 452 218 495 289
person 0.0019 261 302 306 327
person 0.0018 334 201 481 278
person 0.0015 284 243 424 364
person 0.0014 409 212 456 298
person 0.0014 368 207 407 236
person 0.0012 435 211 499 265
person 0.0011 472 214 499 292
pottedplant 0.0387 1 154 11 213
pottedplant 0.0367 1 162 19 203
pottedplant 0.0043 12 180 52 202
pottedplant 0.0038 2 185 6 215
pottedplant 0.0033 0 171 8 228
pottedplant 0.0029 186 212 222 242
pottedplant 0.0028 6 171 16 194
pottedplant 0.0023 16 186 31 199
pottedplant 0.0023 244 181 264 222
pottedplant 0.0022 5 180 17 202
pottedplant 0.0021 23 185 42 196
pottedplant 0.0020 0 189 49 211
pottedplant 0.0013 -2 175 29 207
pottedplant 0.0013 3 164 8 203
pottedplant 0.0013 244 180 282 207
pottedplant 0.0012 1 155 23 236
pottedplant 0.0012 2 169 46 199
pottedplant 0.0011 167 193 189 230
pottedplant 0.0011 7 166 39 227
pottedplant 0.0011 179 168 217 232
sofa 0.0164 380 209 488 319
sofa 0.0051 411 218 489 288
sofa 0.0027 334 201 481 278
sofa 0.0016 400 212 470 259
sofa 0.0013 368 207 407 236
sofa 0.0012 309 190 496 357
tvmonitor 0.0033 186 212 222 242
tvmonitor 0.0018 361 207 399 235
