bicycle 0.1134 373 215 493 309
bicycle 0.0178 344 229 474 361
bicycle 0.0118 438 213 500 324
bicycle 0.0077 469 224 500 316
bicycle 0.0060 396 205 466 335
bicycle 0.0010 380 201 447 376
bottle 0.0058 348 216 370 255
bottle 0.0043 344 217 361 256
bottle 0.0018 195 210 236 247
car 0.0012 166 79 210 110
car 0.0012 111 59 131 92
chair 0.6168 286 12 415 128
chair 0.0319 287 47 395 108
chair 0.0127 219 53 402 251
chair 0.0062 1 313 84 372
chair 0.0032 408 8 500 154
chair 0.0015 373 215 493 309
dog 0.0022 213 92 362 248
person 0.9987 205 62 372 252
pottedplant 0.0094 442 11 491 40
pottedplant 0.0044 452 4 495 31
pottedplant 0.0038 277 17 406 124
pottedplant 0.0019 446 -2 488 20
sofa 0.0015 277 17 406 124
tvmonitor 0.0019 1 313 84 372
tvmonitor 0.0017 277 17 406 124
