bicycle 0.0052 396 198 467 271
bicycle 0.0035 451 198 492 274
bicycle 0.0020 472 199 498 270
bicycle 0.0019 392 175 427 244
car 0.0202 382 169 438 225
car 0.0092 396 198 467 271
car 0.0044 392 175 427 244
car 0.0023 383 178 418 221
car 0.0020 397 171 466 227
car 0.0011 451 198 492 274
chair 0.1896 451 198 492 274
chair 0.0232 472 199 498 270
chair 0.0044 490 191 499 266
chair 0.0011 434 188 471 275
diningtable 0.0160 451 198 492 274
diningtable 0.0105 407 199 493 272
diningtable 0.0037 472 199 498 270
motorbike 0.1464 396 198 467 271
motorbike 0.1051 392 175 427 244
motorbike 0.0107 414 182 484 276
motorbike 0.0097 451 198 492 274
motorbike 0.0046 434 188 471 275
motorbike 0.0044 390 177 445 281
motorbike 0.0035 382 169 438 225
motorbike 0.0030 414 174 451 253
motorbike 0.0012 406 212 452 277
motorbike 0.0011 472 199 498 270
person 0.5637 390 164 423 230
person 0.2695 433 169 465 258
person 0.0733 414 174 451 253
person 0.0161 436 178 456 221
person 0.0145 401 164 466 270
person 0.0126 409 169 425 212
person 0.0099 390 168 412 214
person 0.0061 430 178 447 220
person 0.0059 444 177 464 223
person 0.0054 413 181 484 249
person 0.0049 395 162 419 204
person 0.0037 390 183 411 231
person 0.0034 431 183 445 201
person 0.0032 429 179 464 206
person 0.0025 396 192 436 270
person 0.0022 490 191 499 266
person 0.0022 438 183 454 200
person 0.0022 407 183 426 233
person 0.0017 433 188 444 206
person 0.0016 383 178 418 221
person 0.0015 451 198 492 274
person 0.0015 413 178 422 201
person 0.0015 407 199 493 272
person 0.0014 395 184 436 216
person 0.0014 382 173 399 227
person 0.0011 440 188 453 207
train 0.0012 217 154 367 241
