bus 0.0047 50 264 149 333
car 0.6220 50 264 149 333
car 0.0058 211 102 278 163
car 0.0019 178 106 324 176
horse 0.0011 211 102 278 163
motorbike 0.0026 211 102 278 163
motorbike 0.0011 290 117 331 153
person 0.9901 478 247 500 380
person 0.6685 235 98 275 155
person 0.6211 154 105 215 167
person 0.6119 291 115 332 167
person 0.3861 180 94 220 153
person 0.1688 284 115 324 151
person 0.1247 222 100 266 165
person 0.0861 156 115 204 193
person 0.0517 273 115 294 151
person 0.0450 282 122 342 187
person 0.0190 238 108 314 161
person 0.0165 199 95 232 152
person 0.0119 292 127 333 214
person 0.0116 178 106 324 176
person 0.0092 160 115 198 155
person 0.0086 243 96 269 136
person 0.0078 164 92 230 188
person 0.0071 183 105 258 162
person 0.0069 265 117 304 150
person 0.0068 217 117 255 148
person 0.0067 244 105 281 143
person 0.0062 183 100 227 129
person 0.0055 260 108 292 163
person 0.0052 269 110 334 210
person 0.0040 276 116 291 136
person 0.0033 152 145 215 201
person 0.0031 224 94 288 180
person 0.0027 296 111 321 145
person 0.0027 276 113 312 141
person 0.0024 297 120 340 152
person 0.0020 166 105 208 145
person 0.0017 271 126 315 156
person 0.0016 152 110 213 240
person 0.0016 179 121 219 191
person 0.0014 159 230 175 287
person 0.0014 176 95 218 120
person 0.0011 290 121 317 159
person 0.0011 293 118 314 133
person 0.0011 232 129 328 181
person 0.0011 264 114 286 152
person 0.0010 483 268 498 423
person 0.0010 190 108 241 139
pottedplant 0.0013 157 96 219 155
tvmonitor 0.0038 50 264 149 333
