bird 0.0027 1 46 23 91
bird 0.0015 0 51 13 103
boat 0.0012 57 174 268 345
bottle 0.0203 213 304 235 349
bottle 0.0038 209 298 226 337
bottle 0.0019 0 51 13 103
bottle 0.0012 211 307 222 328
bottle 0.0010 208 317 241 353
bottle 0.0010 1 46 23 91
chair 0.0200 459 146 497 249
chair 0.0040 391 26 495 263
chair 0.0040 437 61 502 220
chair 0.0037 182 234 305 353
chair 0.0028 472 119 497 237
chair 0.0025 410 99 490 222
chair 0.0015 457 115 494 204
chair 0.0011 480 67 499 214
diningtable 0.0010 437 34 503 208
person 0.5078 192 171 288 347
pottedplant 0.9806 44 177 218 352
pottedplant 0.9525 282 234 360 309
pottedplant 0.5634 306 39 395 95
pottedplant 0.2014 0 52 23 97
pottedplant 0.0431 4 36 38 98
pottedplant 0.0342 270 26 407 100
pottedplant 0.0207 70 57 105 113
pottedplant 0.0129 335 0 409 50
pottedplant 0.0124 408 126 488 194
pottedplant 0.0120 0 61 10 105
pottedplant 0.0101 80 69 118 103
pottedplant 0.0090 0 42 14 96
pottedplant 0.0088 1 41 22 79
pottedplant 0.0050 52 70 90 124
pottedplant 0.0049 391 26 495 263
pottedplant 0.0046 1 68 7 101
pottedplant 0.0040 320 37 480 256
pottedplant 0.0037 475 96 498 223
pottedplant 0.0031 37 61 103 110
pottedplant 0.0031 459 146 497 249
pottedplant 0.0029 11 53 29 98
pottedplant 0.0028 446 104 499 255
pottedplant 0.0028 336 246 376 306
pottedplant 0.0027 269 50 374 99
pottedplant 0.0022 262 39 335 92
pottedplant 0.0021 51 77 75 113
pottedplant 0.0020 5 57 21 78
pottedplant 0.0019 416 136 456 208
pottedplant 0.0017 412 110 489 247
pottedplant 0.0016 350 32 393 93
pottedplant 0.0015 5 62 19 88
pottedplant 0.0014 457 115 494 204
pottedplant 0.0014 467 57 501 259
pottedplant 0.0013 310 27 476 109
pottedplant 0.0013 89 61 111 95
pottedplant 0.0011 69 78 114 107
pottedplant 0.0011 -1 -9 22 102
pottedplant 0.0010 296 47 435 160
pottedplant 0.0010 311 13 400 81
pottedplant 0.0010 330 59 370 94
sofa 0.0013 57 174 268 345
