bird 0.0021 412 186 443 256
bottle 0.6746 234 223 252 274
bottle 0.2658 416 197 444 265
bottle 0.0262 397 178 432 252
bottle 0.0150 227 230 245 285
bottle 0.0069 233 238 253 293
bottle 0.0054 214 231 236 284
bottle 0.0048 422 206 448 254
bottle 0.0033 228 224 260 261
bottle 0.0028 207 234 244 264
bottle 0.0023 217 230 255 266
bottle 0.0021 408 192 444 231
bottle 0.0020 237 231 251 265
bottle 0.0015 205 238 229 278
bottle 0.0015 401 189 461 250
bottle 0.0015 412 204 428 274
bottle 0.0014 208 231 266 276
bottle 0.0013 129 249 236 296
bottle 0.0011 159 246 194 273
chair 0.2811 261 203 455 372
chair 0.0805 20 220 187 374
chair 0.0656 0 258 62 374
chair 0.0426 280 284 455 368
chair 0.0060 -1 260 25 369
chair 0.0050 0 282 123 371
chair 0.0017 156 277 315 371
chair 0.0016 13 285 242 372
chair 0.0012 366 256 452 374
diningtable 0.9496 150 249 290 379
diningtable 0.0122 240 196 431 375
diningtable 0.0043 9 201 240 377
diningtable 0.0023 129 249 236 296
diningtable 0.0012 87 284 275 370
dog 0.0019 412 186 443 256
dog 0.0011 397 178 432 252
dog 0.0010 282 177 422 352
person 0.9974 252 154 418 383
person 0.9967 23 174 188 379
person 0.9951 391 43 499 389
person 0.4213 129 172 240 271
person 0.0304 107 171 244 364
person 0.0032 392 164 427 237
person 0.0018 414 125 493 307
person 0.0017 134 204 265 326
person 0.0016 299 151 487 382
person 0.0013 130 233 233 279
person 0.0011 230 190 366 347
sofa 0.0013 261 203 455 372
