aeroplane 0.0014 -9 139 503 366
boat 0.0019 -9 139 503 366
bottle 0.0023 311 120 351 148
car 0.0049 -9 139 503 366
chair 0.7318 151 7 239 150
chair 0.3255 147 0 220 80
chair 0.1504 158 62 231 174
chair 0.0193 137 57 267 159
chair 0.0123 171 78 224 154
chair 0.0064 145 -13 254 101
chair 0.0063 -34 129 382 367
chair 0.0041 152 25 238 93
chair 0.0027 116 0 223 124
chair 0.0024 152 96 505 367
chair 0.0016 155 49 237 116
chair 0.0010 210 -7 271 124
person 0.9982 17 90 328 353
person 0.9976 236 87 502 379
person 0.0287 90 101 331 197
person 0.0046 78 95 499 301
person 0.0036 483 45 499 232
person 0.0024 127 148 461 367
person 0.0018 16 51 399 265
person 0.0016 137 57 267 159
person 0.0016 147 -3 242 132
person 0.0015 472 84 499 383
person 0.0015 259 0 327 119
person 0.0014 258 4 301 93
person 0.0012 472 8 498 268
person 0.0011 485 155 500 353
person 0.0010 301 162 371 306
person 0.0010 446 97 500 369
pottedplant 0.2003 214 1 262 88
pottedplant 0.0039 145 -13 254 101
pottedplant 0.0031 234 3 277 89
pottedplant 0.0016 206 0 246 62
pottedplant 0.0014 188 -7 258 130
sofa 0.9265 -9 139 503 366
sofa 0.0185 246 122 493 378
sofa 0.0109 11 79 395 320
sofa 0.0040 147 -3 242 132
sofa 0.0014 147 0 220 80
tvmonitor 0.1032 147 0 220 80
tvmonitor 0.0011 145 -13 254 101
