bicycle 0.9936 113 327 368 493
bicycle 0.8200 0 376 63 478
bicycle 0.3131 126 377 194 444
bicycle 0.0484 136 349 179 433
bicycle 0.0111 22 363 57 466
bicycle 0.0052 106 355 203 465
bicycle 0.0048 56 385 96 439
bicycle 0.0040 207 337 381 473
bicycle 0.0023 112 343 263 473
bicycle 0.0018 170 225 335 485
bicycle 0.0010 135 361 212 428
chair 0.0037 5 392 70 467
dog 0.0023 5 392 70 467
motorbike 0.0608 184 314 396 497
motorbike 0.0058 0 376 63 478
motorbike 0.0026 126 377 194 444
motorbike 0.0012 319 350 382 402
person 0.9995 5 322 58 464
person 0.9968 180 202 324 476
person 0.9325 136 327 181 428
person 0.0174 151 328 193 421
person 0.0066 134 329 212 452
person 0.0051 22 363 57 466
person 0.0049 131 325 193 390
person 0.0040 129 351 167 434
person 0.0031 -1 354 63 430
person 0.0011 184 314 396 497
