bird 0.0020 19 144 216 341
bottle 0.0012 10 140 198 346
bus 0.9997 7 155 202 354
bus 0.0037 205 257 322 291
car 0.8783 189 279 340 346
car 0.0064 270 290 359 339
car 0.0061 194 278 326 313
car 0.0022 10 140 198 346
horse 0.0014 19 144 216 341
person 0.6834 460 279 494 336
person 0.1594 474 284 497 345
person 0.0463 466 288 487 331
person 0.0221 282 271 305 303
person 0.0155 489 280 499 337
person 0.0045 259 274 306 303
person 0.0024 457 292 479 326
person 0.0022 435 276 501 325
person 0.0018 492 291 498 323
person 0.0015 274 272 295 305
person 0.0015 277 265 311 296
person 0.0014 119 263 161 294
person 0.0012 493 283 498 314
person 0.0011 438 294 476 322
person 0.0011 255 283 293 307
person 0.0010 224 256 329 293
train 0.0015 224 256 329 293
