bird 0.0011 284 135 393 217
cat 0.0018 284 124 392 213
cat 0.0012 183 143 293 229
cow 0.0116 423 133 493 212
cow 0.0052 284 135 393 217
cow 0.0029 270 98 326 141
cow 0.0021 109 161 227 246
cow 0.0017 410 132 446 160
cow 0.0016 183 143 293 229
cow 0.0014 438 97 492 141
cow 0.0014 331 110 352 134
dog 0.0023 284 135 393 217
dog 0.0014 183 143 293 229
dog 0.0011 109 161 227 246
horse 0.0015 284 135 393 217
horse 0.0010 102 169 222 254
person 0.0014 109 161 227 246
person 0.0010 183 143 293 229
sheep 0.9823 431 132 496 204
sheep 0.9176 344 114 406 168
sheep 0.8971 270 98 326 141
sheep 0.8245 109 161 227 246
sheep 0.8228 438 97 492 141
sheep 0.8004 284 135 393 217
sheep 0.3664 196 148 287 223
sheep 0.2685 145 150 272 234
sheep 0.1512 410 132 446 160
sheep 0.0255 332 111 352 140
sheep 0.0178 437 102 501 188
sheep 0.0177 429 92 466 113
sheep 0.0144 272 95 316 124
sheep 0.0110 330 113 370 139
sheep 0.0104 324 113 358 132
sheep 0.0084 432 98 445 115
sheep 0.0078 317 112 403 146
sheep 0.0077 417 120 455 164
sheep 0.0072 419 111 492 168
sheep 0.0060 268 117 319 154
sheep 0.0041 283 94 301 106
sheep 0.0039 442 105 468 147
sheep 0.0039 460 104 504 134
sheep 0.0036 298 109 376 141
sheep 0.0033 275 91 311 110
sheep 0.0027 491 114 500 183
sheep 0.0025 431 93 444 110
sheep 0.0024 345 113 393 143
sheep 0.0024 434 94 458 122
sheep 0.0023 433 95 479 124
sheep 0.0023 311 125 405 197
sheep 0.0022 131 154 235 218
sheep 0.0020 424 124 447 155
sheep 0.0015 433 94 458 108
sheep 0.0015 91 176 171 229
sheep 0.0014 492 119 500 135
sheep 0.0013 311 113 354 140
sheep 0.0013 403 102 474 150
sheep 0.0012 340 118 359 136
sheep 0.0012 473 118 499 205
sheep 0.0010 416 138 440 156
sheep 0.0010 416 131 458 187
