boat 0.9999 0 35 268 279
car 0.0164 439 154 496 316
car 0.0056 409 129 448 323
person 0.9967 292 142 334 320
person 0.9932 409 145 446 323
person 0.9880 254 165 292 313
person 0.9732 331 141 375 320
person 0.8894 375 154 402 321
person 0.3451 362 149 395 319
person 0.2545 402 143 426 326
person 0.0115 425 143 477 326
person 0.0053 251 169 277 273
person 0.0037 366 148 389 183
person 0.0027 369 150 392 251
person 0.0019 438 169 464 302
person 0.0019 439 154 496 316
person 0.0017 286 160 312 309
person 0.0011 329 141 351 302
person 0.0011 271 167 280 185
