aeroplane 0.0048 413 119 441 180
aeroplane 0.0035 205 147 231 180
bird 0.9193 73 133 136 186
bird 0.6083 205 147 231 180
bird 0.3399 247 133 346 172
bird 0.1582 413 119 441 180
bird 0.0559 202 147 243 188
bird 0.0388 277 128 326 157
bird 0.0195 207 154 228 172
bird 0.0085 204 139 317 175
bird 0.0073 276 136 387 175
bird 0.0055 68 131 139 223
bird 0.0051 219 125 359 184
bird 0.0047 212 147 253 177
bird 0.0038 411 126 429 180
bird 0.0037 288 134 334 169
bird 0.0035 246 132 284 153
bird 0.0030 91 142 130 182
bird 0.0030 224 144 243 181
bird 0.0027 205 141 242 171
bird 0.0018 272 125 316 146
bird 0.0016 254 135 274 147
bird 0.0012 211 156 235 169
bird 0.0011 210 157 225 181
bird 0.0011 226 154 242 169
bottle 0.0017 413 119 441 180
bottle 0.0012 247 133 346 172
cat 0.0632 413 119 441 180
cat 0.0012 411 126 429 180
cow 0.0033 411 126 429 180
cow 0.0032 417 123 435 182
dog 0.1697 413 119 441 180
dog 0.0057 411 126 429 180
dog 0.0014 247 133 346 172
horse 0.0020 413 119 441 180
person 0.1744 413 119 441 180
pottedplant 0.0020 413 119 441 180
sheep 0.0138 413 119 441 180
sheep 0.0072 277 128 326 157
sheep 0.0058 247 133 346 172
sheep 0.0046 205 147 231 180
sheep 0.0016 411 126 429 180
sheep 0.0012 246 132 284 153
