bus 0.9991 11 152 199 242
bus 0.0025 240 72 463 333
bus 0.0010 8 168 43 229
car 0.4991 398 205 458 233
car 0.1174 419 202 470 228
car 0.0173 205 215 246 241
car 0.0150 216 210 255 232
car 0.0079 444 203 469 233
car 0.0032 195 208 238 237
car 0.0024 219 199 253 224
car 0.0023 220 216 268 240
car 0.0020 225 214 244 226
car 0.0020 227 206 242 220
car 0.0017 220 205 229 220
car 0.0017 205 204 226 240
car 0.0013 213 204 221 219
horse 0.0023 240 72 463 333
motorbike 0.0018 240 72 463 333
person 0.9996 236 77 467 383
person 0.0018 220 205 229 220
person 0.0017 3 193 7 228
person 0.0013 213 204 221 219
person 0.0011 8 200 14 222
sheep 0.0028 240 72 463 333
train 0.0013 234 73 551 382
