cow 0.9966 44 211 129 269
cow 0.5044 204 162 244 209
cow 0.4277 455 150 495 187
cow 0.3007 74 148 110 183
cow 0.1359 51 186 89 214
cow 0.1109 473 155 498 186
cow 0.0710 486 152 500 191
cow 0.0563 26 194 109 237
cow 0.0182 31 181 104 217
cow 0.0143 457 153 480 186
cow 0.0070 468 148 500 196
cow 0.0056 197 160 238 192
cow 0.0045 56 151 114 196
cow 0.0035 50 193 77 224
cow 0.0022 14 193 53 225
cow 0.0018 59 172 100 215
cow 0.0015 33 158 107 204
dog 0.0144 74 148 110 183
dog 0.0048 51 186 89 214
dog 0.0044 453 148 495 185
dog 0.0025 486 152 500 191
dog 0.0019 473 155 498 186
dog 0.0018 204 160 243 208
horse 0.0503 455 150 495 187
horse 0.0415 74 148 110 183
horse 0.0145 204 160 243 208
horse 0.0117 486 152 500 191
horse 0.0085 51 186 89 214
horse 0.0083 473 155 498 186
person 0.0073 74 148 110 183
person 0.0027 486 152 500 191
person 0.0021 204 160 243 208
person 0.0012 51 186 89 214
sheep 0.0479 453 148 495 185
sheep 0.0129 74 148 110 183
sheep 0.0112 473 155 498 186
sheep 0.0107 486 152 500 191
sheep 0.0100 44 189 83 215
sheep 0.0060 204 160 243 208
sheep 0.0042 61 216 132 275
sheep 0.0028 53 179 90 211
sheep 0.0012 457 153 480 186
