bottle 0.0011 225 351 235 370
car 0.0014 195 309 247 359
person 0.9988 125 334 156 450
person 0.9456 222 345 251 450
person 0.9201 200 343 228 449
person 0.8963 162 342 188 436
person 0.8951 184 343 211 442
person 0.8792 272 331 303 454
person 0.8487 259 336 291 447
person 0.7258 240 343 264 443
person 0.6093 203 307 240 360
person 0.2724 147 337 171 441
person 0.0475 267 320 289 359
person 0.0259 211 309 234 338
person 0.0149 211 343 232 377
person 0.0148 240 341 260 377
person 0.0142 274 323 304 395
person 0.0130 262 322 290 390
person 0.0125 262 319 280 363
person 0.0119 203 317 234 383
person 0.0117 207 316 248 347
person 0.0081 184 338 202 381
person 0.0074 247 339 268 379
person 0.0060 231 329 251 371
person 0.0058 244 349 255 369
person 0.0052 174 333 223 453
person 0.0048 217 317 248 381
person 0.0045 235 350 245 368
person 0.0040 215 350 227 369
person 0.0040 243 365 258 430
person 0.0038 225 351 235 370
person 0.0037 112 337 136 445
person 0.0037 277 337 299 383
person 0.0032 209 329 233 370
person 0.0031 189 341 209 380
person 0.0031 270 322 286 342
person 0.0029 250 360 267 418
person 0.0028 220 315 237 331
person 0.0027 163 350 180 409
person 0.0026 202 311 224 354
person 0.0025 183 316 201 366
person 0.0025 240 321 258 365
person 0.0023 156 351 170 409
person 0.0023 163 336 180 384
person 0.0022 299 312 323 400
person 0.0021 259 336 277 382
person 0.0021 154 334 204 447
person 0.0018 241 349 310 434
person 0.0018 130 326 182 455
person 0.0017 183 323 208 392
person 0.0016 260 331 297 367
person 0.0016 242 353 259 407
person 0.0016 271 329 286 349
person 0.0015 227 332 276 454
person 0.0015 166 342 177 359
person 0.0014 267 337 288 381
person 0.0014 174 350 189 409
person 0.0013 276 322 295 358
person 0.0012 221 344 239 376
person 0.0012 264 329 276 350
person 0.0011 108 353 173 432
person 0.0011 293 333 319 412
person 0.0011 156 334 173 386
person 0.0010 243 334 275 369
person 0.0010 248 322 269 364
person 0.0010 187 340 198 360
person 0.0010 186 308 215 366
person 0.0010 193 314 234 349
person 0.0010 244 340 255 362
person 0.0010 148 357 161 421
