car 0.0048 154 214 189 270
car 0.0040 170 222 191 266
car 0.0036 163 227 274 363
car 0.0028 162 214 182 260
car 0.0026 162 221 197 253
horse 0.0021 167 252 271 372
motorbike 0.5086 167 252 271 372
motorbike 0.0017 154 214 189 270
person 0.9449 181 202 252 357
person 0.0889 221 206 272 354
person 0.0693 260 236 287 323
person 0.0348 236 220 267 337
person 0.0119 260 245 274 302
person 0.0109 147 207 173 276
person 0.0076 266 250 285 300
person 0.0057 194 218 230 338
person 0.0029 252 248 267 300
person 0.0028 253 245 262 264
person 0.0027 161 219 181 269
person 0.0016 270 229 293 328
person 0.0015 168 185 230 339
person 0.0013 249 237 267 272
person 0.0012 247 210 293 352
person 0.0012 170 222 191 266
person 0.0011 145 212 160 276
person 0.0010 156 198 280 378
