bicycle 0.0030 485 310 499 378
boat 0.4001 110 68 474 377
boat 0.0010 137 186 361 266
car 0.0011 492 275 500 342
dog 0.0010 485 306 499 367
horse 0.0024 485 310 499 378
horse 0.0012 446 296 462 354
motorbike 0.0037 485 310 499 378
person 0.9097 446 296 462 354
person 0.3630 485 306 499 367
person 0.0096 489 314 498 390
person 0.0084 455 297 469 357
person 0.0075 490 291 500 346
person 0.0069 480 324 497 380
person 0.0068 114 226 145 290
person 0.0057 492 307 498 328
person 0.0054 449 303 461 329
person 0.0037 455 296 480 367
person 0.0034 490 312 498 341
person 0.0030 443 305 457 360
person 0.0027 440 302 472 350
person 0.0019 450 299 458 318
person 0.0016 445 302 454 330
person 0.0015 122 226 133 238
person 0.0011 446 306 453 345
person 0.0011 484 295 500 438
person 0.0011 483 314 493 340
person 0.0011 122 231 135 244
