bicycle 0.0038 235 74 477 331
boat 0.0011 25 43 329 353
bottle 0.0375 44 134 59 174
bottle 0.0190 38 121 51 166
bottle 0.0083 44 142 58 201
bottle 0.0061 46 142 56 167
bottle 0.0040 38 93 61 178
bottle 0.0031 39 119 59 198
bottle 0.0016 40 129 48 160
car 0.0179 1 33 58 93
car 0.0016 0 28 28 100
car 0.0013 3 53 23 99
cat 0.0010 235 74 477 331
chair 0.0760 259 47 309 113
chair 0.0408 252 112 478 384
chair 0.0351 67 130 273 371
chair 0.0146 151 55 325 373
chair 0.0099 2 44 44 106
chair 0.0063 211 52 303 115
chair 0.0023 55 81 124 157
chair 0.0010 137 1 199 80
diningtable 0.0030 53 65 360 369
diningtable 0.0023 235 74 477 331
diningtable 0.0010 2 44 44 106
diningtable 0.0010 74 16 143 100
motorbike 0.0014 3 31 43 96
motorbike 0.0011 235 74 477 331
person 0.9992 244 91 478 368
person 0.9962 70 65 270 374
person 0.8289 35 33 98 157
person 0.7212 83 11 153 113
person 0.6828 164 34 326 349
person 0.4653 144 1 196 83
person 0.2550 36 77 181 367
person 0.2023 55 81 124 157
person 0.1215 143 -8 208 128
person 0.1085 65 33 137 160
person 0.1020 3 31 43 96
person 0.0942 31 33 70 128
person 0.0825 36 21 144 121
person 0.0393 81 13 132 80
person 0.0190 213 53 261 118
person 0.0180 12 31 82 96
person 0.0111 0 10 10 66
person 0.0082 129 68 164 129
person 0.0082 212 48 299 156
person 0.0076 70 23 111 99
person 0.0068 0 5 25 83
person 0.0060 0 26 11 88
person 0.0058 32 31 71 63
person 0.0056 1 41 26 111
person 0.0054 68 56 110 149
person 0.0044 143 51 215 189
person 0.0038 99 -1 180 127
person 0.0036 0 31 24 64
person 0.0036 1 33 8 60
person 0.0025 137 62 180 133
person 0.0025 0 -62 19 71
person 0.0020 142 52 216 116
person 0.0020 1 22 7 54
person 0.0018 82 29 126 124
person 0.0018 0 43 11 110
person 0.0018 238 85 321 269
person 0.0014 204 51 242 111
person 0.0014 68 93 111 168
person 0.0011 0 35 58 162
person 0.0011 21 41 80 187
person 0.0010 0 -28 6 68
person 0.0010 5 65 23 104
sofa 0.0907 53 65 360 369
sofa 0.0020 181 80 490 373
train 0.0011 25 43 329 353
tvmonitor 0.0029 137 1 199 80
