aeroplane 0.0011 19 -38 299 353
bird 0.0042 18 -13 268 385
boat 0.0068 19 -38 299 353
bottle 0.0082 372 214 424 245
bottle 0.0026 370 215 451 257
bottle 0.0015 362 209 419 235
bus 0.6184 18 -13 268 385
car 0.0323 19 -38 299 353
cow 0.0039 18 -13 268 385
horse 0.0022 18 -13 268 385
motorbike 0.0026 19 -38 299 353
person 0.9963 138 10 266 380
person 0.8296 375 174 503 374
person 0.7215 25 -4 291 382
person 0.6812 0 -7 85 133
person 0.0179 0 37 64 198
person 0.0143 0 56 52 374
person 0.0058 0 29 28 363
person 0.0038 0 115 12 354
person 0.0034 1 3 67 85
person 0.0030 -5 28 105 162
person 0.0024 0 21 20 140
person 0.0022 1 78 15 274
person 0.0021 3 45 82 116
person 0.0020 -4 -24 109 324
person 0.0015 1 -8 23 99
person 0.0014 11 8 154 133
person 0.0012 0 65 68 135
person 0.0010 51 13 119 147
person 0.0010 0 -26 6 102
sheep 0.0012 18 -13 268 385
train 0.0092 19 -38 299 353
