car 0.0029 53 121 444 389
chair 0.0337 78 19 493 375
chair 0.0129 -6 19 289 403
chair 0.0014 205 122 425 355
dog 0.9922 188 144 403 368
dog 0.0262 217 165 369 303
dog 0.0068 53 121 444 389
dog 0.0024 269 -9 480 365
person 0.9939 17 -21 266 398
person 0.9907 288 -15 499 332
person 0.0879 78 19 493 375
person 0.0416 205 122 425 355
person 0.0061 71 93 351 365
person 0.0025 366 44 494 398
sofa 0.9868 30 43 466 405
sofa 0.0502 243 -30 491 391
sofa 0.0358 178 127 408 351
sofa 0.0036 53 151 377 362
sofa 0.0010 17 -21 266 398
