aeroplane 0.0012 255 131 315 172
bicycle 0.0140 257 128 314 167
bicycle 0.0080 33 128 105 171
bicycle 0.0011 -1 92 28 173
bird 0.0159 108 139 155 183
bird 0.0111 268 132 314 162
bird 0.0015 -1 92 28 173
bottle 0.0165 110 139 153 175
bottle 0.0066 260 131 309 160
bottle 0.0013 113 137 162 163
cat 0.1620 110 139 153 175
cat 0.1069 260 131 309 160
cat 0.0018 113 137 162 163
cat 0.0016 46 135 99 176
chair 0.0047 110 139 153 175
chair 0.0012 260 131 309 160
cow 0.0209 260 131 309 160
cow 0.0046 110 138 161 175
cow 0.0010 41 133 113 179
dog 0.9933 36 131 104 178
dog 0.8399 257 128 314 167
dog 0.5719 110 139 153 175
dog 0.0275 7 118 120 200
dog 0.0067 3 95 37 172
dog 0.0051 113 137 162 163
dog 0.0015 48 139 174 175
dog 0.0012 121 141 169 170
horse 0.0012 -1 92 28 173
horse 0.0010 255 131 315 172
person 0.9748 0 81 31 162
person 0.0121 -4 75 47 170
person 0.0053 257 128 314 167
person 0.0048 110 139 153 175
person 0.0039 33 128 105 171
person 0.0014 0 70 7 164
