bicycle 0.0014 288 144 494 337
chair 0.9967 274 156 468 354
chair 0.8481 41 198 295 375
chair 0.2075 439 165 499 303
chair 0.0327 471 178 499 292
chair 0.0263 325 228 470 349
chair 0.0100 378 188 490 333
chair 0.0036 474 213 500 329
chair 0.0034 415 129 498 272
chair 0.0023 457 198 496 302
chair 0.0019 397 154 471 281
chair 0.0018 416 197 493 269
chair 0.0015 476 139 498 257
chair 0.0014 65 182 260 295
chair 0.0012 63 286 289 372
chair 0.0011 452 152 498 241
chair 0.0010 166 249 332 373
diningtable 0.0014 267 199 471 370
diningtable 0.0013 412 152 500 286
sofa 0.8925 46 171 277 372
sofa 0.0073 288 144 494 337
sofa 0.0031 65 182 260 295
