bottle 0.0015 137 59 316 215
bus 0.0013 137 59 316 215
cow 0.0016 0 22 57 181
cow 0.0010 133 55 411 221
diningtable 0.0021 137 59 316 215
dog 0.0076 398 32 509 164
dog 0.0018 133 55 411 221
dog 0.0017 0 22 57 181
horse 0.9997 146 59 342 219
horse 0.9593 0 14 57 216
horse 0.2561 427 37 500 192
horse 0.0259 432 -21 499 331
horse 0.0064 413 75 501 152
horse 0.0045 6 38 43 162
horse 0.0042 395 19 515 234
horse 0.0018 2 28 18 208
motorbike 0.0048 0 29 59 232
motorbike 0.0034 412 34 504 168
motorbike 0.0012 133 55 411 221
person 0.0087 -1 2 58 166
person 0.0020 3 25 47 95
person 0.0013 432 -21 499 331
person 0.0010 486 -58 497 101
