bus 0.0013 27 59 420 359
bus 0.0010 46 18 64 58
car 0.9999 43 36 446 340
dog 0.0018 31 7 417 319
motorbike 0.0020 31 7 417 319
person 0.0912 22 75 45 118
person 0.0479 33 75 51 118
person 0.0279 14 83 33 127
person 0.0184 28 73 61 123
person 0.0133 42 77 60 115
person 0.0108 6 84 24 125
person 0.0088 5 87 43 123
person 0.0066 0 67 8 125
person 0.0048 46 78 80 112
person 0.0038 13 82 41 149
person 0.0037 22 92 44 131
person 0.0029 38 93 47 115
person 0.0027 0 85 10 142
person 0.0018 2 90 7 118
person 0.0017 34 91 50 133
person 0.0015 1 78 6 115
person 0.0013 18 73 50 103
person 0.0013 37 84 48 108
person 0.0013 425 156 470 184
person 0.0012 45 92 56 114
person 0.0011 18 69 35 109
person 0.0011 431 147 471 196
person 0.0011 45 84 57 108
person 0.0010 31 73 94 121
person 0.0010 36 77 48 94
pottedplant 0.0046 423 140 483 188
pottedplant 0.0010 27 59 420 359
tvmonitor 0.0022 46 18 64 58
