aeroplane 0.0019 31 128 478 346
bird 0.0025 108 185 513 386
boat 0.0022 31 128 478 346
bottle 0.0035 108 185 513 386
bus 0.0101 12 122 422 343
car 0.9994 57 160 512 379
car 0.9483 2 120 276 339
car 0.0104 355 142 470 171
car 0.0100 392 140 442 163
car 0.0069 92 140 403 325
car 0.0058 147 127 287 227
car 0.0020 364 139 499 220
car 0.0019 413 141 459 164
car 0.0013 401 134 452 159
car 0.0012 0 205 123 330
car 0.0011 362 124 459 164
car 0.0010 399 142 505 174
chair 0.0027 28 187 490 384
diningtable 0.0022 108 185 513 386
dog 0.0021 135 163 490 381
motorbike 0.0025 31 128 478 346
person 0.9070 202 115 272 228
person 0.0457 65 123 348 331
person 0.0415 147 127 287 227
person 0.0045 186 125 288 197
person 0.0012 127 188 500 385
pottedplant 0.0038 28 187 490 384
sofa 0.0013 31 128 478 346
train 0.0022 12 122 422 343
tvmonitor 0.0040 12 122 422 343
tvmonitor 0.0012 108 185 513 386
