bottle 0.0099 243 234 268 264
bottle 0.0017 206 236 247 263
bottle 0.0013 45 232 188 370
cat 0.0013 156 177 333 286
chair 0.9876 34 232 180 369
chair 0.0767 160 190 337 305
chair 0.0114 39 233 170 280
chair 0.0109 100 224 182 275
diningtable 0.0013 160 190 337 305
person 0.7397 146 174 296 284
person 0.2045 165 164 242 273
person 0.0047 140 153 350 314
person 0.0045 193 178 348 285
person 0.0024 170 170 259 233
person 0.0011 187 235 291 275
pottedplant 0.1029 396 142 436 212
pottedplant 0.0013 386 131 443 261
sofa 0.9686 156 177 333 286
tvmonitor 0.0012 34 232 180 369
