bicycle 0.0083 370 136 411 164
bicycle 0.0029 331 135 421 185
bicycle 0.0026 378 129 416 159
bicycle 0.0016 375 132 454 186
bicycle 0.0016 258 141 334 215
bicycle 0.0014 477 129 497 176
bicycle 0.0014 457 134 496 172
bicycle 0.0011 487 121 498 184
car 0.0633 439 125 500 183
car 0.0268 -3 179 99 316
car 0.0186 477 129 497 176
car 0.0098 457 134 496 172
car 0.0084 487 121 498 184
car 0.0082 0 123 8 147
car 0.0072 20 125 86 197
car 0.0056 398 130 465 190
car 0.0054 72 117 93 150
car 0.0047 0 131 7 152
car 0.0046 370 129 411 160
car 0.0038 381 112 449 171
car 0.0028 -1 117 11 152
car 0.0026 352 132 438 184
car 0.0025 48 121 95 145
car 0.0019 416 114 488 173
car 0.0019 377 137 418 164
car 0.0018 258 141 334 215
car 0.0014 74 124 90 141
car 0.0013 268 138 317 167
car 0.0013 490 100 498 169
car 0.0011 333 140 369 169
car 0.0010 468 128 502 162
car 0.0010 452 113 490 174
horse 0.0033 439 125 500 183
horse 0.0023 258 141 334 215
horse 0.0014 398 130 465 190
horse 0.0013 30 124 92 195
horse 0.0013 370 129 411 160
motorbike 0.9423 69 155 205 289
motorbike 0.8287 299 141 427 227
motorbike 0.6308 188 139 311 246
motorbike 0.5497 439 125 500 183
motorbike 0.5276 0 164 97 309
motorbike 0.5235 398 130 465 190
motorbike 0.2069 258 141 334 215
motorbike 0.1387 436 124 470 190
motorbike 0.1162 352 132 438 184
motorbike 0.1026 452 113 490 174
motorbike 0.0912 183 158 267 261
motorbike 0.0568 414 138 455 204
motorbike 0.0530 467 127 500 181
motorbike 0.0472 369 140 456 206
motorbike 0.0239 4 136 102 237
motorbike 0.0200 398 123 434 186
motorbike 0.0163 111 141 231 243
motorbike 0.0067 416 114 488 173
motorbike 0.0067 322 138 395 186
motorbike 0.0067 370 129 411 160
motorbike 0.0058 381 112 449 171
motorbike 0.0048 246 136 319 189
motorbike 0.0048 198 154 249 242
motorbike 0.0034 377 137 418 164
motorbike 0.0031 487 121 498 184
motorbike 0.0022 179 153 268 213
motorbike 0.0019 32 118 90 268
motorbike 0.0017 210 163 353 252
motorbike 0.0014 115 162 209 225
motorbike 0.0014 377 126 414 185
motorbike 0.0013 278 150 324 232
motorbike 0.0012 411 106 445 176
motorbike 0.0012 30 124 92 195
motorbike 0.0012 477 136 497 185
motorbike 0.0012 0 184 17 322
motorbike 0.0010 131 155 231 203
motorbike 0.0010 262 169 399 246
motorbike 0.0010 259 126 398 204
person 0.8853 31 122 89 230
person 0.3625 400 105 432 173
person 0.3358 411 106 445 176
person 0.1952 258 141 334 215
person 0.1012 452 113 490 174
person 0.0640 379 126 402 160
person 0.0609 396 112 462 173
person 0.0539 406 113 426 155
person 0.0493 436 124 470 190
person 0.0386 437 116 455 152
person 0.0320 2 141 94 293
person 0.0275 322 138 395 186
person 0.0192 399 121 419 165
person 0.0179 19 126 29 146
person 0.0172 0 123 8 147
person 0.0146 477 122 495 168
person 0.0126 490 100 498 169
person 0.0115 2 167 22 304
person 0.0113 456 114 476 156
person 0.0107 389 126 428 161
person 0.0100 447 114 465 154
person 0.0094 370 136 411 164
person 0.0092 406 126 426 176
person 0.0082 333 140 369 169
person 0.0082 440 123 452 144
person 0.0073 383 128 398 144
person 0.0070 0 131 7 152
person 0.0061 72 117 93 150
person 0.0060 8 125 18 143
person 0.0056 467 121 486 167
person 0.0056 336 138 378 211
person 0.0054 27 125 37 144
person 0.0051 400 117 435 151
person 0.0048 375 132 454 186
person 0.0048 428 115 449 151
person 0.0046 -1 117 11 152
person 0.0044 469 115 498 172
person 0.0042 339 146 380 178
person 0.0036 381 123 415 150
person 0.0034 263 133 305 193
person 0.0034 403 123 416 144
person 0.0033 380 115 414 167
person 0.0031 258 141 402 230
person 0.0029 487 121 498 184
person 0.0029 415 112 438 152
person 0.0029 401 110 422 145
person 0.0027 456 127 496 162
person 0.0025 360 119 433 168
person 0.0022 0 166 10 237
person 0.0019 416 114 488 173
person 0.0019 3 181 41 205
person 0.0018 216 139 350 238
person 0.0018 0 159 23 240
person 0.0017 74 124 90 141
person 0.0017 450 123 461 144
person 0.0016 46 126 59 143
person 0.0016 48 121 95 145
person 0.0015 410 122 423 143
person 0.0015 418 113 454 142
person 0.0015 36 127 49 142
person 0.0014 432 124 445 142
person 0.0013 439 126 456 179
person 0.0012 440 117 453 134
person 0.0012 24 119 40 146
person 0.0012 390 128 405 143
person 0.0012 481 126 491 144
person 0.0012 382 132 398 153
person 0.0011 268 138 317 167
person 0.0011 35 121 95 166
person 0.0011 447 128 465 176
person 0.0011 268 141 358 186
person 0.0011 470 125 481 143
person 0.0011 440 117 472 150
person 0.0011 -2 125 6 179
person 0.0010 455 128 475 175
