bottle 0.0033 28 190 38 205
bottle 0.0020 67 116 208 270
bottle 0.0019 2 188 43 210
bottle 0.0011 120 215 211 287
bottle 0.0010 122 192 164 275
chair 0.1215 104 195 321 300
chair 0.1174 67 116 208 270
chair 0.0351 58 184 214 289
chair 0.0221 121 188 211 310
chair 0.0221 89 159 426 318
chair 0.0124 64 176 146 285
chair 0.0111 236 144 468 324
chair 0.0061 126 220 229 283
chair 0.0055 75 153 271 310
chair 0.0044 73 198 170 270
chair 0.0036 131 136 224 285
chair 0.0019 249 211 344 254
chair 0.0016 107 174 185 290
chair 0.0011 135 211 262 260
chair 0.0010 51 198 130 269
diningtable 0.0074 93 194 414 298
diningtable 0.0013 0 188 89 246
diningtable 0.0012 43 153 469 320
dog 0.0021 93 194 414 298
dog 0.0011 67 115 204 249
person 0.9790 181 136 470 289
person 0.6768 67 116 208 270
person 0.6616 89 159 426 318
person 0.0241 113 139 300 270
person 0.0182 130 123 224 264
person 0.0181 104 195 321 300
person 0.0046 319 148 363 232
person 0.0042 88 33 162 83
person 0.0038 215 139 436 217
person 0.0021 116 38 161 72
person 0.0016 34 116 164 239
person 0.0011 229 211 330 254
pottedplant 0.8590 31 120 100 184
pottedplant 0.0064 316 147 361 212
pottedplant 0.0063 10 106 107 220
pottedplant 0.0063 312 147 354 176
pottedplant 0.0059 437 178 497 321
pottedplant 0.0032 279 131 358 180
pottedplant 0.0016 279 146 361 204
pottedplant 0.0012 43 130 91 206
sofa 0.6372 70 153 499 319
sofa 0.0328 91 221 412 317
