aeroplane 0.0035 284 278 363 349
aeroplane 0.0034 422 274 492 331
bird 0.0041 289 290 374 355
bird 0.0014 422 274 492 331
bottle 0.0042 284 278 363 349
bottle 0.0034 119 171 139 214
bottle 0.0026 428 272 497 334
car 0.0015 492 191 499 214
car 0.0014 491 175 501 227
car 0.0013 284 278 363 349
car 0.0010 279 204 343 348
car 0.0010 491 208 499 274
cat 0.0019 422 274 492 331
cat 0.0013 284 278 363 349
cow 0.2302 429 268 497 326
cow 0.0592 284 278 363 349
cow 0.0013 484 238 502 335
cow 0.0011 275 223 354 349
dog 0.2124 425 269 491 327
dog 0.0720 284 278 363 349
dog 0.0014 365 232 425 337
horse 0.0418 429 268 497 326
horse 0.0240 284 278 363 349
horse 0.0024 365 232 425 337
person 0.9946 368 213 421 331
person 0.9885 276 202 322 351
person 0.4090 483 226 502 319
person 0.1016 488 231 498 305
person 0.0574 481 235 497 285
person 0.0212 284 278 363 349
person 0.0081 491 208 499 274
person 0.0073 200 144 230 211
person 0.0053 439 227 503 321
person 0.0052 119 171 139 214
person 0.0046 491 234 497 265
person 0.0045 490 235 498 340
person 0.0044 483 182 499 292
person 0.0026 6 166 36 266
person 0.0024 428 272 497 334
person 0.0024 2 151 21 317
person 0.0022 493 227 498 255
person 0.0020 490 242 497 275
person 0.0020 367 227 398 322
person 0.0018 293 213 328 333
person 0.0016 277 264 313 350
person 0.0015 263 216 374 338
person 0.0015 2 148 43 324
person 0.0010 286 198 320 277
person 0.0010 215 156 237 208
sheep 0.8743 292 282 370 346
sheep 0.5745 428 272 497 334
sheep 0.0017 275 223 354 349
sheep 0.0016 365 232 425 337
sheep 0.0015 484 238 502 335
