chair 0.0024 85 66 153 139
cow 0.9996 132 30 431 373
cow 0.7889 7 52 85 141
cow 0.3872 -1 55 26 140
cow 0.0783 0 46 47 145
cow 0.0442 85 66 153 139
cow 0.0023 104 85 145 144
cow 0.0019 1 54 9 156
cow 0.0010 27 75 94 150
dog 0.0344 85 66 153 139
dog 0.0036 -1 55 26 140
dog 0.0024 104 85 145 144
dog 0.0011 8 52 87 143
horse 0.0154 85 66 153 139
horse 0.0029 -1 55 26 140
horse 0.0012 8 52 87 143
sheep 0.0044 -1 55 26 140
sheep 0.0024 85 66 153 139
sheep 0.0015 8 52 87 143
sofa 0.0014 165 18 456 383
