bicycle 0.9934 -16 296 345 489
bicycle 0.0033 26 312 304 424
bicycle 0.0023 -2 380 258 491
bicycle 0.0011 -58 227 373 430
boat 0.0125 6 293 375 499
cat 0.0014 -39 84 326 464
chair 0.0020 28 295 352 497
person 0.9999 -19 12 331 491
person 0.1930 190 -2 311 262
person 0.0555 60 11 177 106
person 0.0194 297 110 322 219
person 0.0151 227 45 309 237
person 0.0029 261 8 317 165
person 0.0018 64 33 139 100
person 0.0017 39 20 209 145
person 0.0014 217 16 290 158
person 0.0011 282 111 311 216
person 0.0011 88 15 317 196
person 0.0010 77 3 157 66
pottedplant 0.0011 6 293 375 499
tvmonitor 0.0063 -15 289 341 468
