bottle 0.7482 190 100 213 168
bottle 0.2505 158 19 172 54
bottle 0.1700 156 74 171 109
bottle 0.1389 104 96 126 144
bottle 0.0661 187 83 205 159
bottle 0.0629 143 8 155 52
bottle 0.0530 205 169 231 223
bottle 0.0492 149 82 170 184
bottle 0.0134 150 8 163 52
bottle 0.0117 136 7 148 52
bottle 0.0091 165 20 177 54
bottle 0.0087 184 98 223 197
bottle 0.0075 188 76 203 107
bottle 0.0070 153 70 165 101
bottle 0.0067 227 168 249 219
bottle 0.0052 152 78 178 106
bottle 0.0050 152 76 166 118
bottle 0.0047 195 176 243 220
bottle 0.0047 241 173 296 217
bottle 0.0042 164 91 188 175
bottle 0.0034 270 171 296 215
bottle 0.0034 128 9 138 50
bottle 0.0034 238 170 265 219
bottle 0.0033 120 18 132 54
bottle 0.0029 194 87 210 127
bottle 0.0028 111 94 139 143
bottle 0.0022 164 75 177 109
bottle 0.0022 159 81 169 102
bottle 0.0021 183 79 202 130
bottle 0.0019 173 21 186 53
bottle 0.0019 154 81 163 101
bottle 0.0017 136 5 159 48
bottle 0.0016 172 82 203 103
bottle 0.0016 157 83 170 127
bottle 0.0015 154 76 162 94
bottle 0.0012 153 23 177 52
bottle 0.0012 119 181 207 214
bottle 0.0010 167 84 196 112
diningtable 0.8709 32 105 323 216
diningtable 0.0041 14 171 374 216
diningtable 0.0036 61 80 282 157
person 0.9871 195 13 329 152
person 0.9156 30 6 133 167
person 0.8995 345 106 400 220
person 0.7838 254 79 384 214
person 0.4686 4 22 92 211
person 0.1770 92 15 115 47
person 0.0838 199 14 220 46
person 0.0601 214 35 364 185
person 0.0384 232 65 347 159
person 0.0347 96 15 123 60
person 0.0104 195 3 252 109
person 0.0099 78 7 124 50
person 0.0063 382 108 399 221
person 0.0056 196 9 243 46
person 0.0055 110 21 127 52
person 0.0042 49 4 119 49
person 0.0039 195 19 226 52
person 0.0038 202 10 232 36
person 0.0037 297 65 357 203
person 0.0037 201 0 274 145
person 0.0036 191 11 218 36
person 0.0032 371 95 401 233
person 0.0028 120 13 133 48
person 0.0020 201 11 233 67
person 0.0019 0 6 8 231
person 0.0017 181 18 212 41
person 0.0017 90 19 106 52
person 0.0017 0 -9 21 246
person 0.0015 198 14 223 92
person 0.0015 50 16 61 58
person 0.0013 100 75 354 216
person 0.0012 224 8 244 35
