bird 0.0088 127 485 178 500
bird 0.0059 167 485 213 499
bird 0.0011 193 439 227 472
bird 0.0010 138 488 203 499
bird 0.0010 171 487 205 497
bottle 0.0038 127 485 178 500
bottle 0.0025 167 485 213 499
cat 0.0035 127 485 178 500
cat 0.0018 167 485 213 499
chair 0.0035 127 485 178 500
chair 0.0029 167 485 213 499
chair 0.0012 138 488 203 499
diningtable 0.0013 127 485 178 500
diningtable 0.0010 167 485 213 499
dog 0.0020 127 485 178 500
dog 0.0013 167 485 213 499
pottedplant 0.9834 129 168 178 233
pottedplant 0.9820 129 281 178 351
pottedplant 0.9758 128 62 179 122
pottedplant 0.6608 117 349 234 465
pottedplant 0.1417 127 485 178 500
pottedplant 0.1359 123 392 198 465
pottedplant 0.1249 167 485 213 499
pottedplant 0.1122 162 451 232 497
pottedplant 0.0520 103 474 212 501
pottedplant 0.0280 191 442 228 497
pottedplant 0.0230 165 468 252 501
pottedplant 0.0197 138 488 203 499
pottedplant 0.0188 199 436 222 475
pottedplant 0.0158 123 267 161 338
pottedplant 0.0151 183 318 200 363
pottedplant 0.0136 174 279 206 357
pottedplant 0.0116 133 109 171 131
pottedplant 0.0113 180 424 221 487
pottedplant 0.0087 293 443 335 497
pottedplant 0.0068 111 456 206 497
pottedplant 0.0065 153 479 210 498
pottedplant 0.0061 139 340 183 363
pottedplant 0.0056 103 441 240 506
pottedplant 0.0055 131 382 253 490
pottedplant 0.0052 171 487 205 497
pottedplant 0.0047 195 473 242 500
pottedplant 0.0047 118 477 169 499
pottedplant 0.0047 137 323 244 422
pottedplant 0.0044 278 472 330 499
pottedplant 0.0043 186 487 252 499
pottedplant 0.0031 176 481 200 506
pottedplant 0.0030 313 456 334 495
pottedplant 0.0030 259 488 333 499
pottedplant 0.0028 147 345 193 373
pottedplant 0.0027 129 347 220 404
pottedplant 0.0025 132 488 169 496
pottedplant 0.0023 179 190 196 242
pottedplant 0.0022 131 91 170 128
pottedplant 0.0019 194 398 225 475
pottedplant 0.0018 174 190 190 243
pottedplant 0.0018 280 490 349 500
pottedplant 0.0017 112 281 212 360
pottedplant 0.0017 204 458 230 493
pottedplant 0.0016 97 489 170 499
pottedplant 0.0016 153 489 187 496
pottedplant 0.0015 163 344 178 358
pottedplant 0.0014 250 451 335 497
pottedplant 0.0012 171 463 210 492
pottedplant 0.0012 179 441 225 473
pottedplant 0.0011 126 97 190 236
pottedplant 0.0011 161 335 179 368
pottedplant 0.0011 126 425 222 477
pottedplant 0.0011 172 482 191 492
pottedplant 0.0010 313 491 335 498
pottedplant 0.0010 176 481 201 493
sofa 0.0012 127 485 178 500
tvmonitor 0.0024 127 485 178 500
tvmonitor 0.0021 167 485 213 499
