bird 0.0042 36 210 46 222
bird 0.0033 58 211 67 223
bird 0.0013 30 211 40 222
bottle 0.0230 58 211 67 223
bottle 0.0178 390 262 409 300
bottle 0.0150 36 210 46 222
bottle 0.0078 30 211 40 222
bottle 0.0062 8 209 16 224
bottle 0.0059 388 243 410 287
bottle 0.0040 397 263 413 301
bottle 0.0035 57 215 67 230
bottle 0.0025 36 215 46 231
bottle 0.0016 382 245 416 268
bottle 0.0013 30 217 41 230
bottle 0.0013 390 249 408 261
bottle 0.0012 18 211 29 222
bottle 0.0012 401 271 411 297
bottle 0.0011 7 215 16 231
bottle 0.0011 393 270 405 297
cat 0.0012 344 202 408 253
chair 0.3543 455 192 493 272
chair 0.3356 267 220 333 322
chair 0.0869 416 196 454 261
chair 0.0479 469 208 499 280
chair 0.0407 300 188 338 238
chair 0.0389 431 196 471 268
chair 0.0286 290 218 374 323
chair 0.0266 439 214 498 278
chair 0.0235 475 192 497 240
chair 0.0233 344 202 408 253
chair 0.0147 489 189 499 260
chair 0.0144 404 266 497 320
chair 0.0083 312 199 351 232
chair 0.0073 357 212 401 243
chair 0.0070 474 229 496 279
chair 0.0066 475 181 499 214
chair 0.0065 302 199 326 248
chair 0.0046 300 261 402 317
chair 0.0043 302 197 367 254
chair 0.0043 464 194 486 238
chair 0.0041 467 230 486 279
chair 0.0040 296 193 329 224
chair 0.0039 302 244 400 297
chair 0.0039 268 193 298 216
chair 0.0038 456 192 477 238
chair 0.0037 309 196 332 235
chair 0.0036 452 231 492 296
chair 0.0033 490 215 498 293
chair 0.0032 455 227 477 279
chair 0.0028 402 215 465 275
chair 0.0027 378 233 498 323
chair 0.0027 473 174 500 201
chair 0.0025 284 185 318 235
chair 0.0024 428 210 448 258
chair 0.0023 416 241 489 293
chair 0.0022 320 192 343 224
chair 0.0022 436 219 455 269
chair 0.0021 417 189 488 276
chair 0.0021 309 220 401 274
chair 0.0020 489 170 499 224
chair 0.0020 318 194 362 220
chair 0.0020 267 188 336 232
chair 0.0019 297 214 335 285
chair 0.0019 350 218 392 251
chair 0.0018 469 189 502 224
chair 0.0018 398 188 467 244
chair 0.0018 443 230 467 276
chair 0.0017 396 196 438 259
chair 0.0017 333 193 420 239
chair 0.0016 440 187 501 242
chair 0.0013 58 211 67 223
chair 0.0013 479 189 494 204
chair 0.0012 318 205 343 241
chair 0.0011 435 231 475 298
chair 0.0011 473 160 501 226
chair 0.0011 310 229 357 310
chair 0.0010 273 198 292 211
chair 0.0010 491 188 498 207
diningtable 0.0060 307 237 499 329
diningtable 0.0052 289 189 350 235
diningtable 0.0050 455 192 493 272
diningtable 0.0028 274 221 355 322
diningtable 0.0016 312 199 351 232
diningtable 0.0016 366 266 460 313
diningtable 0.0014 352 284 474 324
diningtable 0.0012 298 196 329 235
diningtable 0.0011 417 198 486 267
diningtable 0.0010 416 196 454 261
person 0.0036 455 192 493 272
person 0.0025 357 212 401 243
person 0.0021 431 196 471 268
person 0.0015 344 202 408 253
person 0.0013 488 184 500 248
person 0.0011 58 211 67 223
pottedplant 0.0331 58 211 67 223
pottedplant 0.0228 36 210 46 222
pottedplant 0.0115 8 209 16 224
pottedplant 0.0093 30 211 40 222
pottedplant 0.0052 5 191 17 202
pottedplant 0.0048 1 187 10 205
pottedplant 0.0045 31 164 73 192
pottedplant 0.0022 18 211 29 222
pottedplant 0.0020 -1 167 10 207
pottedplant 0.0017 7 215 16 231
pottedplant 0.0017 75 211 89 220
pottedplant 0.0016 36 215 46 231
pottedplant 0.0016 57 215 67 230
pottedplant 0.0016 45 210 61 220
pottedplant 0.0016 7 200 16 211
pottedplant 0.0014 62 210 79 220
pottedplant 0.0013 33 207 71 226
pottedplant 0.0013 2 214 9 236
pottedplant 0.0013 489 189 499 260
pottedplant 0.0012 0 175 8 201
pottedplant 0.0012 3 205 9 227
pottedplant 0.0011 358 218 400 251
pottedplant 0.0011 6 140 45 199
pottedplant 0.0010 52 207 92 225
sofa 0.0306 344 202 408 253
sofa 0.0123 333 193 420 239
sofa 0.0071 316 169 472 240
sofa 0.0022 470 181 500 247
sofa 0.0020 417 198 486 267
sofa 0.0020 301 191 364 236
sofa 0.0019 440 187 501 242
sofa 0.0019 416 196 454 261
sofa 0.0016 370 188 453 242
sofa 0.0014 455 192 493 272
sofa 0.0011 304 153 447 192
sofa 0.0011 307 169 444 210
tvmonitor 0.0035 473 174 500 201
tvmonitor 0.0030 475 181 499 214
tvmonitor 0.0014 357 212 401 243
tvmonitor 0.0012 489 189 499 260
tvmonitor 0.0012 268 193 298 216
