bus 0.9823 86 85 317 271
bus 0.6177 227 28 331 67
bus 0.3186 309 12 499 79
bus 0.1135 38 23 134 69
bus 0.1014 209 12 443 68
bus 0.0294 328 6 458 42
bus 0.0139 34 41 71 77
bus 0.0107 375 37 491 87
bus 0.0083 317 17 438 66
bus 0.0077 310 236 484 367
bus 0.0060 30 37 102 78
bus 0.0051 251 27 381 65
bus 0.0048 117 5 251 44
bus 0.0030 2 41 63 82
bus 0.0029 27 60 383 303
bus 0.0025 190 5 296 39
bus 0.0025 205 12 355 49
bus 0.0023 29 11 144 51
bus 0.0021 327 32 461 80
bus 0.0016 304 287 441 371
bus 0.0014 6 40 44 74
bus 0.0013 244 8 393 41
bus 0.0012 110 26 255 52
bus 0.0011 42 35 80 83
bus 0.0010 237 194 315 240
car 0.2452 34 41 71 77
car 0.0367 39 32 134 79
car 0.0320 2 41 63 82
car 0.0150 6 40 44 74
car 0.0103 328 6 458 42
car 0.0062 21 37 67 64
car 0.0061 227 28 331 67
car 0.0057 310 236 484 367
car 0.0035 309 12 499 79
car 0.0031 237 194 315 240
car 0.0030 11 51 55 77
car 0.0017 253 197 295 225
car 0.0016 346 6 394 32
car 0.0015 47 43 72 73
car 0.0012 258 206 307 230
car 0.0011 221 6 271 30
car 0.0010 238 32 289 60
car 0.0010 10 34 34 66
car 0.0010 317 17 438 66
car 0.0010 32 23 166 62
person 0.0030 211 189 236 252
person 0.0025 355 5 402 32
person 0.0015 253 197 295 225
person 0.0013 237 35 351 72
person 0.0013 220 192 250 249
person 0.0010 315 17 499 95
train 0.0299 78 68 326 260
train 0.0036 34 41 71 77
train 0.0033 228 35 330 72
train 0.0013 39 32 134 79
train 0.0013 309 12 499 79
tvmonitor 0.0094 78 68 326 260
tvmonitor 0.0073 227 28 331 67
tvmonitor 0.0013 39 32 134 79
