bicycle 0.0031 274 298 401 378
bottle 0.1463 110 252 127 302
bottle 0.0198 106 241 120 299
bottle 0.0184 407 233 426 281
bottle 0.0032 119 253 135 303
bottle 0.0030 404 225 417 275
bottle 0.0021 129 252 145 303
bottle 0.0015 0 229 20 359
bottle 0.0013 114 273 124 299
bottle 0.0013 228 221 240 236
bottle 0.0012 138 228 145 252
bottle 0.0011 108 246 141 304
bottle 0.0010 110 242 125 282
chair 0.3624 297 306 404 370
chair 0.2266 10 243 120 373
chair 0.0949 131 220 269 376
chair 0.0904 432 303 498 371
chair 0.0596 155 325 280 372
chair 0.0253 386 290 508 377
chair 0.0248 373 225 494 365
chair 0.0165 1 297 99 366
chair 0.0036 0 255 21 368
chair 0.0027 469 314 500 375
chair 0.0027 261 218 388 374
chair 0.0016 69 191 137 265
chair 0.0010 317 301 481 372
diningtable 0.3175 109 212 261 374
diningtable 0.0029 274 298 401 378
diningtable 0.0021 105 288 265 370
diningtable 0.0021 155 325 280 372
diningtable 0.0014 22 220 139 371
person 0.9931 232 171 290 249
person 0.9920 345 168 411 265
person 0.7701 127 179 268 377
person 0.7592 368 172 490 372
person 0.6046 70 189 140 253
person 0.5461 261 218 388 374
person 0.3762 31 190 133 363
person 0.0503 357 164 422 342
person 0.0388 146 183 178 254
person 0.0347 340 172 382 254
person 0.0209 153 178 215 252
person 0.0070 346 170 450 288
person 0.0060 370 182 410 275
person 0.0055 49 187 129 288
person 0.0044 412 212 489 369
person 0.0026 5 212 101 371
person 0.0025 232 169 328 268
person 0.0020 87 190 133 230
person 0.0019 271 190 359 329
person 0.0019 387 167 474 309
person 0.0016 392 171 424 226
person 0.0015 265 174 387 277
person 0.0013 274 298 401 378
person 0.0012 109 190 174 246
person 0.0012 83 187 154 284
pottedplant 0.0050 0 133 22 261
