aeroplane 0.0013 385 43 449 90
aeroplane 0.0010 389 -2 428 21
bicycle 0.0025 272 11 312 41
bus 0.0035 130 1 186 21
car 0.5994 107 0 150 22
car 0.3224 14 0 71 18
car 0.1623 130 1 186 21
car 0.1014 0 0 50 19
car 0.0675 389 -2 428 21
car 0.0609 126 -1 195 42
car 0.0297 272 -2 318 24
car 0.0283 0 -2 67 42
car 0.0209 115 0 160 32
car 0.0130 150 -1 200 23
car 0.0075 177 -2 218 20
car 0.0038 0 0 9 18
car 0.0037 192 0 238 21
car 0.0033 219 4 233 17
car 0.0033 97 0 159 45
car 0.0031 112 0 145 49
car 0.0030 107 0 134 33
car 0.0027 103 2 135 16
car 0.0027 129 23 166 51
car 0.0026 272 11 312 41
car 0.0026 468 4 502 30
car 0.0025 5 2 61 28
car 0.0023 136 9 179 46
car 0.0022 195 2 215 15
car 0.0022 125 3 152 15
car 0.0019 385 43 449 90
car 0.0018 420 0 471 21
car 0.0016 204 4 246 30
car 0.0016 7 -8 60 16
car 0.0016 1 1 23 16
car 0.0015 263 1 334 33
car 0.0015 188 1 207 15
car 0.0014 101 2 118 14
car 0.0014 37 0 81 19
car 0.0013 145 4 172 14
car 0.0013 106 -7 151 16
car 0.0012 371 13 387 23
car 0.0011 227 10 241 25
car 0.0011 38 3 68 16
cat 0.0018 49 90 505 334
cow 0.0014 410 59 441 91
motorbike 0.0028 273 2 313 36
motorbike 0.0018 277 10 301 41
person 0.0344 408 41 442 93
person 0.0057 273 2 313 36
person 0.0038 277 10 301 41
person 0.0035 197 118 236 166
person 0.0028 177 -1 194 38
person 0.0022 408 70 445 97
person 0.0022 399 52 458 97
person 0.0016 137 21 157 52
person 0.0015 426 69 443 100
person 0.0012 165 119 246 165
person 0.0012 401 60 440 87
person 0.0011 101 0 119 39
person 0.0010 430 74 441 94
sheep 0.0066 49 90 505 334
train 0.9997 26 68 487 320
train 0.0012 130 1 186 21
