bicycle 0.0011 39 37 443 366
bus 0.4142 411 184 495 366
bus 0.0053 -29 13 397 385
bus 0.0028 487 194 501 353
bus 0.0028 440 226 500 387
car 0.0118 449 321 498 372
car 0.0027 413 195 496 382
chair 0.0016 11 116 467 380
person 0.9999 10 67 421 374
person 0.8146 455 319 499 375
person 0.0112 182 142 212 221
person 0.0046 493 332 499 360
person 0.0041 492 321 500 370
person 0.0036 462 328 487 364
person 0.0015 434 194 498 388
person 0.0015 189 178 209 224
person 0.0014 473 285 495 384
person 0.0012 191 151 206 214
person 0.0012 455 324 496 354
person 0.0012 494 210 500 289
person 0.0011 445 332 489 360
train 0.0050 -29 13 397 385
tvmonitor 0.0072 39 37 443 366
