car 0.0538 477 247 497 291
car 0.0334 487 239 498 300
car 0.0027 472 257 513 281
car 0.0022 458 245 495 276
car 0.0021 437 248 475 274
car 0.0021 489 257 498 281
car 0.0017 490 249 498 323
car 0.0016 443 233 501 282
car 0.0013 473 221 499 295
car 0.0013 471 266 514 289
motorbike 0.0067 473 238 499 306
motorbike 0.0037 488 245 498 310
motorbike 0.0020 39 23 462 302
person 0.1004 156 153 180 194
person 0.0099 178 155 198 191
person 0.0049 184 152 205 192
person 0.0042 473 238 499 306
person 0.0035 165 155 187 192
person 0.0023 487 239 498 300
person 0.0011 490 213 499 289
train 0.9998 29 54 464 344
