bicycle 0.0010 228 0 421 286
bus 0.0026 47 123 192 241
cat 0.0013 228 0 421 286
chair 0.6831 255 153 482 322
chair 0.0329 220 27 488 302
chair 0.0042 364 171 489 310
motorbike 0.0030 228 0 421 286
person 0.9974 225 3 425 317
person 0.1830 47 123 192 241
person 0.0513 83 161 161 214
person 0.0286 97 170 120 207
person 0.0076 138 166 154 213
person 0.0058 132 168 150 210
person 0.0037 111 170 146 207
person 0.0027 73 175 112 206
person 0.0012 55 162 126 219
person 0.0010 91 162 129 203
sofa 0.0010 210 73 454 323
train 0.0057 47 123 192 241
train 0.0051 15 83 204 269
tvmonitor 0.9527 39 131 197 255
