bird 0.0035 402 108 435 142
bird 0.0022 153 234 201 267
bird 0.0021 212 251 299 307
bottle 0.0016 221 149 256 214
bottle 0.0014 187 188 221 239
car 0.0134 253 35 293 56
car 0.0040 263 39 283 52
car 0.0012 236 25 318 61
car 0.0011 275 40 289 52
cat 0.0265 212 251 299 307
cat 0.0016 410 91 500 304
chair 0.9875 -3 61 75 206
chair 0.8952 134 54 259 217
chair 0.0019 410 91 500 304
chair 0.0014 86 295 271 373
chair 0.0013 0 85 71 160
person 0.0043 410 91 500 304
pottedplant 0.8847 138 229 213 278
pottedplant 0.5579 321 70 429 158
pottedplant 0.3045 221 149 256 214
pottedplant 0.0987 127 232 168 265
pottedplant 0.0783 406 106 430 144
pottedplant 0.0746 153 234 201 267
pottedplant 0.0746 212 251 299 307
pottedplant 0.0455 221 205 291 259
pottedplant 0.0327 408 111 444 140
pottedplant 0.0302 397 94 432 147
pottedplant 0.0249 225 233 265 264
pottedplant 0.0218 113 226 183 274
pottedplant 0.0109 114 213 225 298
pottedplant 0.0101 211 163 268 220
pottedplant 0.0098 221 167 263 258
pottedplant 0.0070 195 211 303 317
pottedplant 0.0066 399 105 421 144
pottedplant 0.0045 409 105 446 164
pottedplant 0.0035 416 116 436 133
pottedplant 0.0029 408 115 427 134
pottedplant 0.0027 218 163 292 266
pottedplant 0.0024 121 249 298 360
pottedplant 0.0023 146 241 193 273
pottedplant 0.0020 215 229 297 279
pottedplant 0.0020 133 217 287 308
pottedplant 0.0020 125 187 207 282
pottedplant 0.0018 207 182 280 248
pottedplant 0.0018 144 230 194 255
pottedplant 0.0018 328 86 457 186
pottedplant 0.0015 157 209 204 272
pottedplant 0.0014 161 229 208 256
pottedplant 0.0012 412 116 459 147
pottedplant 0.0012 142 210 188 272
pottedplant 0.0011 227 230 249 266
pottedplant 0.0011 423 113 465 138
pottedplant 0.0010 222 163 250 203
sofa 0.4265 404 67 497 367
sofa 0.0075 429 89 501 268
tvmonitor 0.0024 127 232 168 265
