bottle 0.0392 337 226 367 292
bottle 0.0222 359 256 397 372
bottle 0.0172 246 178 282 251
bottle 0.0143 277 196 292 243
bottle 0.0118 326 211 354 295
bottle 0.0113 283 195 297 246
bottle 0.0094 302 185 328 284
bottle 0.0090 320 189 346 285
bottle 0.0076 286 191 310 274
bottle 0.0028 306 157 368 307
bottle 0.0025 348 235 373 282
bottle 0.0022 323 232 385 287
bottle 0.0020 294 188 313 235
bottle 0.0015 266 192 291 267
diningtable 0.8978 102 228 487 374
diningtable 0.0020 276 149 397 272
diningtable 0.0017 170 284 482 370
person 0.9995 -1 106 168 370
person 0.9298 177 111 251 234
person 0.8985 378 80 497 345
person 0.7113 307 124 399 270
person 0.4297 122 152 175 279
person 0.2022 0 105 26 212
person 0.0531 0 50 19 187
person 0.0285 0 114 11 172
person 0.0275 341 116 470 274
person 0.0248 186 112 250 179
person 0.0239 2 -9 14 174
person 0.0179 123 142 168 219
person 0.0131 0 126 22 261
person 0.0129 134 157 175 238
person 0.0117 129 124 236 250
person 0.0084 0 121 20 165
person 0.0070 0 -22 5 80
person 0.0069 139 158 269 269
person 0.0065 373 152 448 275
person 0.0055 0 42 6 148
person 0.0053 0 86 9 164
person 0.0052 -3 79 31 240
person 0.0037 0 18 5 114
person 0.0037 0 96 28 335
person 0.0035 112 103 170 221
person 0.0035 2 131 37 219
person 0.0026 162 199 238 265
person 0.0025 0 124 7 201
person 0.0025 392 161 436 235
person 0.0024 0 132 16 334
person 0.0021 89 135 169 300
person 0.0019 0 -17 26 220
person 0.0019 493 77 499 191
person 0.0017 312 141 392 218
person 0.0015 284 126 362 271
person 0.0014 1 126 8 160
person 0.0014 440 97 498 331
person 0.0014 124 120 188 244
person 0.0013 483 76 499 199
person 0.0012 0 34 48 203
person 0.0011 112 111 151 200
person 0.0010 331 157 408 235
person 0.0010 485 107 497 326
