boat 0.0127 487 173 501 231
bus 0.0262 487 173 501 231
bus 0.0091 478 163 499 234
bus 0.0018 489 191 500 247
bus 0.0012 61 113 486 383
car 0.0305 487 181 500 239
car 0.0039 490 199 498 222
car 0.0023 490 192 498 213
car 0.0021 61 113 486 383
car 0.0018 478 187 495 234
car 0.0016 492 209 498 233
car 0.0013 451 45 499 69
motorbike 0.0014 61 113 486 383
person 0.0030 212 165 236 202
person 0.0019 193 171 236 210
person 0.0013 186 168 221 217
person 0.0011 487 181 500 239
sheep 0.0018 61 113 486 383
train 0.9999 39 81 480 356
train 0.0265 478 163 499 234
train 0.0107 487 173 501 231
train 0.0027 435 35 504 77
tvmonitor 0.0076 487 173 501 231
tvmonitor 0.0023 478 163 499 234
