bicycle 0.0021 59 135 259 348
bottle 0.3769 332 239 356 307
bottle 0.0044 339 238 358 285
bottle 0.0025 187 152 208 194
bottle 0.0022 333 249 366 291
bottle 0.0016 324 243 344 295
cat 0.0200 357 231 426 286
cat 0.0019 276 160 478 280
chair 0.9998 62 168 252 360
chair 0.0234 278 141 511 357
chair 0.0060 276 160 478 280
chair 0.0027 80 129 165 186
chair 0.0025 71 153 205 309
chair 0.0015 276 154 359 281
chair 0.0013 357 231 426 286
dog 0.1065 357 231 426 286
dog 0.0128 287 160 500 282
dog 0.0014 331 241 362 303
motorbike 0.0021 338 20 382 56
person 0.0996 338 20 382 56
person 0.0367 327 31 373 56
person 0.0188 342 14 377 45
person 0.0140 367 18 387 58
person 0.0101 350 30 389 58
person 0.0095 276 160 478 280
person 0.0090 288 29 299 48
person 0.0080 297 26 306 49
person 0.0073 294 19 308 56
person 0.0044 324 8 389 52
person 0.0043 283 28 303 63
person 0.0022 358 15 382 47
person 0.0019 305 136 544 320
person 0.0013 359 23 395 55
person 0.0012 278 31 290 47
person 0.0012 357 231 426 286
person 0.0010 287 36 299 53
pottedplant 0.0060 187 152 208 194
sofa 0.9980 270 139 516 312
sofa 0.0012 227 97 566 406
tvmonitor 0.0020 80 129 165 186
