aeroplane 0.0018 94 13 495 381
bicycle 0.0115 94 13 495 381
boat 0.0097 35 62 478 381
bottle 0.0031 201 14 502 381
bus 0.0010 94 13 495 381
car 0.0216 94 13 495 381
cat 0.0052 210 36 441 363
chair 0.1834 159 8 490 389
motorbike 0.0019 159 8 490 389
person 0.9983 196 65 453 383
person 0.0067 64 71 213 376
person 0.0062 110 142 182 290
person 0.0027 30 8 478 377
pottedplant 0.0035 201 14 502 381
sofa 0.0028 94 13 495 381
train 0.0035 35 62 478 381
tvmonitor 0.2449 94 13 495 381
tvmonitor 0.0542 -1 9 104 369
tvmonitor 0.0078 47 28 219 361
tvmonitor 0.0035 191 111 457 386
tvmonitor 0.0024 -32 7 303 373
tvmonitor 0.0019 31 -6 540 236
tvmonitor 0.0013 478 -35 499 348
