bicycle 0.0081 188 196 444 380
bicycle 0.0037 13 160 224 386
bicycle 0.0021 9 154 490 375
boat 0.0013 9 154 490 375
car 0.0032 271 45 311 67
car 0.0020 337 67 384 87
car 0.0011 282 48 299 62
chair 0.6894 179 139 418 377
chair 0.0170 9 154 490 375
chair 0.0066 13 160 224 386
chair 0.0024 211 155 383 290
diningtable 0.0045 9 154 490 375
diningtable 0.0016 188 196 444 380
person 0.9989 204 114 439 351
person 0.9874 2 168 194 383
person 0.0415 211 155 383 290
person 0.0052 482 263 498 394
person 0.0023 492 298 500 393
person 0.0012 492 26 500 108
pottedplant 0.0051 -12 148 450 380
sofa 0.0745 9 154 490 375
sofa 0.0154 179 139 418 377
sofa 0.0059 13 160 224 386
