bird 0.0011 361 227 469 327
bottle 0.6629 361 227 469 327
bottle 0.5606 284 213 319 325
bottle 0.0253 284 194 348 324
bottle 0.0020 317 224 357 324
chair 0.0011 115 84 172 147
diningtable 0.0016 81 301 283 330
diningtable 0.0012 71 289 425 334
diningtable 0.0010 283 217 350 324
dog 0.0014 283 217 350 324
person 0.9988 68 34 332 325
person 0.5222 373 48 403 123
person 0.0145 83 75 191 161
person 0.0056 378 59 401 109
person 0.0017 98 99 120 148
person 0.0017 363 60 418 126
person 0.0015 91 91 130 145
person 0.0014 388 55 403 113
tvmonitor 0.9132 120 84 165 148
tvmonitor 0.0467 83 75 191 161
tvmonitor 0.0202 108 85 147 146
tvmonitor 0.0166 103 55 228 152
tvmonitor 0.0091 129 112 170 147
tvmonitor 0.0073 91 91 130 145
tvmonitor 0.0063 135 104 160 144
tvmonitor 0.0042 -10 -17 359 289
tvmonitor 0.0015 99 42 308 230
tvmonitor 0.0015 120 73 197 139
tvmonitor 0.0013 128 103 151 143
