bottle 0.0068 158 266 175 308
bottle 0.0013 457 216 474 262
person 0.9702 353 94 423 222
person 0.9670 59 45 120 155
person 0.9503 129 163 208 349
person 0.9341 303 102 367 218
person 0.9223 116 46 203 191
person 0.9088 250 85 311 346
person 0.8889 223 59 295 177
person 0.8681 213 90 276 346
person 0.8619 282 33 342 137
person 0.6541 85 70 156 364
person 0.6289 303 195 400 354
person 0.6252 178 109 231 321
person 0.4899 409 80 496 314
person 0.4695 383 178 478 362
person 0.3705 4 101 105 353
person 0.1717 43 91 138 352
person 0.1300 115 85 180 228
person 0.0901 220 63 267 145
person 0.0867 266 141 325 362
person 0.0846 285 201 354 340
person 0.0780 359 183 431 364
person 0.0721 271 46 374 172
person 0.0584 112 83 167 347
person 0.0337 180 124 225 227
person 0.0315 184 127 256 369
person 0.0287 267 90 325 268
person 0.0278 286 88 356 260
person 0.0220 109 39 228 261
person 0.0200 237 53 310 219
person 0.0185 146 55 269 169
person 0.0175 229 52 346 164
person 0.0168 145 128 221 307
person 0.0153 60 36 111 362
person 0.0134 255 75 295 166
person 0.0122 119 106 162 204
person 0.0117 317 93 388 253
person 0.0106 119 49 162 118
person 0.0103 78 69 193 214
person 0.0099 436 135 496 332
person 0.0078 341 124 414 304
person 0.0072 298 110 339 206
person 0.0071 347 68 458 313
person 0.0062 62 39 142 236
person 0.0059 191 133 306 311
person 0.0052 305 47 416 266
person 0.0050 458 191 492 278
person 0.0043 224 90 296 267
person 0.0039 154 173 236 365
person 0.0035 41 37 142 130
person 0.0035 113 105 146 175
person 0.0032 436 60 499 258
person 0.0027 48 106 79 140
person 0.0027 196 76 308 198
person 0.0027 95 78 159 241
person 0.0026 280 112 319 202
person 0.0024 0 116 10 354
person 0.0024 472 22 501 333
person 0.0022 192 35 312 270
person 0.0022 129 49 151 85
person 0.0021 378 88 498 229
person 0.0021 272 62 385 310
person 0.0021 129 131 157 258
person 0.0020 189 144 221 282
person 0.0019 377 158 453 317
person 0.0018 298 206 334 307
person 0.0017 334 105 370 208
person 0.0016 282 107 357 171
person 0.0015 484 61 498 253
person 0.0014 315 54 391 192
person 0.0014 230 161 354 345
person 0.0014 298 202 372 267
person 0.0011 87 38 165 165
person 0.0011 373 86 440 196
person 0.0010 297 166 373 312
person 0.0010 260 60 335 218
person 0.0010 376 173 412 255
