bicycle 0.0304 0 12 27 91
bicycle 0.0034 53 -16 508 316
bicycle 0.0031 4 -5 41 80
bicycle 0.0025 0 20 10 96
bicycle 0.0015 4 28 20 88
bottle 0.0020 53 -16 508 316
bus 0.0011 53 -16 508 316
car 0.0130 0 12 27 91
car 0.0075 53 -16 508 316
car 0.0049 0 20 10 96
car 0.0026 408 -2 496 38
car 0.0016 475 -3 497 24
car 0.0015 4 28 20 88
car 0.0012 428 -4 465 28
diningtable 0.0031 53 -16 508 316
horse 0.0076 53 -16 508 316
horse 0.0028 0 12 27 91
motorbike 0.9998 8 11 496 350
motorbike 0.2068 0 12 27 91
motorbike 0.0184 4 -5 41 80
motorbike 0.0029 408 -2 496 38
motorbike 0.0027 11 1 81 72
motorbike 0.0023 0 20 10 96
motorbike 0.0016 26 10 69 81
motorbike 0.0014 4 28 20 88
motorbike 0.0013 11 4 114 108
person 0.0057 53 -16 508 316
person 0.0056 1 -11 25 87
person 0.0017 475 -3 497 24
person 0.0012 478 1 493 21
train 0.0020 20 40 428 363
