bus 0.0013 109 214 241 385
bus 0.0010 183 181 304 300
cow 0.0072 246 106 320 173
cow 0.0023 109 214 241 385
horse 0.8676 109 231 240 395
horse 0.8649 246 106 320 173
horse 0.6222 183 181 304 300
horse 0.0287 158 175 228 374
horse 0.0165 38 135 74 196
horse 0.0147 266 100 308 160
horse 0.0111 207 187 298 260
horse 0.0067 230 151 264 241
horse 0.0038 138 176 265 310
horse 0.0024 222 105 318 212
horse 0.0012 229 139 260 198
horse 0.0011 220 139 276 259
horse 0.0011 214 169 283 231
motorbike 0.0051 242 108 313 173
motorbike 0.0012 210 163 295 285
person 0.9489 158 163 224 323
person 0.9065 229 143 262 221
person 0.2350 227 135 254 196
person 0.0260 229 131 250 169
person 0.0164 38 135 74 196
person 0.0143 235 144 257 190
person 0.0117 128 154 230 366
person 0.0093 220 139 276 259
person 0.0086 138 176 265 310
person 0.0070 222 153 238 200
person 0.0044 220 141 274 193
person 0.0037 228 141 263 177
person 0.0025 229 156 264 195
person 0.0025 28 127 57 202
person 0.0023 223 134 240 185
person 0.0021 240 140 251 158
person 0.0019 232 138 246 159
person 0.0018 209 148 268 211
person 0.0018 41 118 70 179
person 0.0018 24 109 43 152
person 0.0017 246 143 263 192
person 0.0013 221 159 254 238
person 0.0012 225 162 247 210
person 0.0011 248 156 263 215
person 0.0010 174 175 211 302
sheep 0.0012 109 214 241 385
