bottle 0.9989 377 166 414 309
bottle 0.5927 327 184 352 281
bottle 0.2969 323 140 382 279
bottle 0.1028 335 182 363 281
bottle 0.0321 266 213 280 264
bottle 0.0217 282 212 302 262
bottle 0.0212 275 216 289 262
bottle 0.0182 323 213 351 318
bottle 0.0169 295 212 309 263
bottle 0.0096 254 223 274 271
bottle 0.0067 244 222 264 272
bottle 0.0046 453 201 486 269
bottle 0.0038 263 221 288 277
bottle 0.0034 319 168 362 305
bottle 0.0030 433 129 495 284
bottle 0.0027 464 217 483 257
bottle 0.0022 378 166 411 231
bottle 0.0019 325 188 340 252
bottle 0.0016 357 177 388 254
bottle 0.0015 129 215 162 290
bottle 0.0013 273 231 290 279
bottle 0.0013 394 164 420 301
bottle 0.0012 278 224 286 255
bottle 0.0012 322 184 387 248
bottle 0.0012 264 198 280 243
bottle 0.0011 308 194 331 266
chair 0.0116 7 125 175 334
chair 0.0073 -3 70 21 168
chair 0.0031 -1 78 16 233
diningtable 0.0267 176 239 489 333
person 0.9988 7 35 175 349
person 0.9940 429 120 498 257
person 0.9465 317 119 391 265
person 0.9395 135 132 263 298
person 0.0024 493 122 499 200
person 0.0023 332 137 451 249
