bicycle 0.0014 109 116 237 238
bicycle 0.0011 149 116 216 180
bottle 0.0012 186 131 207 175
cow 0.0024 207 127 395 258
dog 0.0021 149 116 216 180
horse 0.9998 216 122 444 264
person 0.9513 260 49 292 122
person 0.8778 331 27 364 108
person 0.6886 109 68 183 181
person 0.6653 207 62 226 113
person 0.6586 178 60 196 113
person 0.6163 213 60 233 113
person 0.5909 405 106 445 188
person 0.4970 455 46 498 130
person 0.4135 437 29 467 110
person 0.3594 149 116 216 180
person 0.3337 198 65 216 111
person 0.3011 237 59 254 97
person 0.1681 316 129 349 198
person 0.1400 188 64 205 111
person 0.1076 223 55 250 116
person 0.0976 245 60 260 115
person 0.0829 248 50 274 122
person 0.0688 399 36 429 104
person 0.0633 163 98 208 172
person 0.0474 172 59 188 98
person 0.0419 177 51 194 91
person 0.0296 411 100 444 133
person 0.0294 228 58 243 99
person 0.0231 322 136 342 188
person 0.0227 439 38 458 100
person 0.0222 255 35 272 84
person 0.0180 412 32 449 107
person 0.0158 237 70 257 118
person 0.0152 239 64 251 89
person 0.0146 163 75 230 185
person 0.0139 120 81 207 206
person 0.0135 162 127 207 200
person 0.0134 334 34 350 102
person 0.0128 200 66 212 87
person 0.0127 165 71 201 149
person 0.0115 189 78 224 111
person 0.0115 446 38 463 98
person 0.0114 173 66 185 88
person 0.0111 372 108 387 122
person 0.0109 398 38 421 81
person 0.0108 308 124 339 186
person 0.0106 319 127 342 166
person 0.0101 245 48 261 90
person 0.0099 191 67 201 88
person 0.0093 330 132 348 180
person 0.0087 340 31 357 88
person 0.0085 385 104 452 160
person 0.0081 314 130 333 179
person 0.0081 180 65 193 88
person 0.0073 255 50 270 107
person 0.0072 360 104 398 126
person 0.0060 275 55 288 120
person 0.0059 180 69 214 106
person 0.0059 396 57 422 93
person 0.0057 230 65 240 89
person 0.0052 185 124 207 167
person 0.0052 215 53 233 90
person 0.0052 471 61 498 152
person 0.0052 399 94 460 137
person 0.0051 169 70 190 118
person 0.0048 421 21 483 127
person 0.0048 261 38 281 81
person 0.0047 112 63 178 123
person 0.0038 395 28 467 88
person 0.0037 191 75 201 96
person 0.0037 491 39 499 136
person 0.0035 408 116 445 150
person 0.0034 153 64 211 115
person 0.0034 180 58 192 79
person 0.0033 247 45 305 112
person 0.0033 201 62 211 77
person 0.0033 386 133 442 191
person 0.0032 334 135 366 192
person 0.0032 211 61 222 78
person 0.0030 200 74 212 96
person 0.0030 210 65 222 88
person 0.0030 492 108 499 180
person 0.0030 230 63 261 93
person 0.0030 99 45 232 235
person 0.0029 263 50 283 107
person 0.0028 171 63 203 94
person 0.0028 171 76 205 113
person 0.0028 398 110 442 139
person 0.0028 380 45 418 103
person 0.0027 206 77 243 111
person 0.0026 248 65 257 87
person 0.0025 1 -3 8 81
person 0.0025 178 81 195 127
person 0.0023 167 120 207 150
person 0.0023 183 72 216 145
person 0.0023 124 63 171 90
person 0.0023 160 68 196 104
person 0.0022 218 60 231 78
person 0.0022 208 55 226 88
person 0.0022 450 21 484 98
person 0.0021 181 72 193 96
person 0.0021 174 59 185 80
person 0.0021 178 131 218 199
person 0.0020 341 139 360 187
person 0.0020 230 61 240 77
pottedplant 0.0049 145 180 221 226
