boat 0.0042 171 199 485 370
boat 0.0026 -1 12 13 63
boat 0.0013 -1 -1 10 41
bottle 0.0054 187 222 283 284
bottle 0.0021 314 261 352 317
bottle 0.0018 378 221 412 288
bottle 0.0015 274 157 313 187
bottle 0.0013 370 227 461 366
bottle 0.0011 393 238 429 309
chair 0.0145 194 56 337 210
chair 0.0125 376 96 500 248
chair 0.0053 482 117 499 276
chair 0.0049 208 208 509 367
chair 0.0047 340 247 487 374
chair 0.0039 -1 12 13 63
chair 0.0035 490 89 499 161
chair 0.0012 -1 -1 10 41
chair 0.0010 0 18 21 59
cow 0.0072 171 199 485 370
diningtable 0.9992 165 174 491 366
diningtable 0.0016 376 96 500 248
diningtable 0.0012 186 186 459 284
horse 0.0045 171 199 485 370
person 0.9997 21 155 254 371
person 0.9869 200 55 348 212
person 0.8411 378 91 495 228
person 0.3706 377 246 488 374
person 0.2383 437 249 500 372
person 0.2062 0 41 114 320
person 0.1955 136 172 464 363
person 0.1109 -3 63 63 292
person 0.0324 95 177 322 362
person 0.0261 379 77 499 367
person 0.0159 0 47 29 345
person 0.0130 308 217 505 371
person 0.0078 0 93 12 336
person 0.0074 482 109 499 247
person 0.0037 162 125 344 342
person 0.0032 52 88 86 148
person 0.0021 490 89 499 161
person 0.0021 472 248 499 372
person 0.0021 60 91 80 139
person 0.0019 480 84 497 191
person 0.0019 3 77 340 394
person 0.0017 0 66 16 254
person 0.0017 493 104 499 201
person 0.0013 133 199 286 335
person 0.0012 347 220 444 367
person 0.0012 439 126 500 378
pottedplant 0.0036 -1 6 11 52
pottedplant 0.0020 1 5 7 35
pottedplant 0.0015 1 14 8 42
pottedplant 0.0014 490 89 499 161
tvmonitor 0.0211 -1 12 13 63
tvmonitor 0.0132 0 -6 24 63
tvmonitor 0.0062 -1 -1 10 41
tvmonitor 0.0022 23 7 66 67
tvmonitor 0.0022 4 0 42 60
tvmonitor 0.0015 490 97 499 170
tvmonitor 0.0013 0 28 21 62
tvmonitor 0.0012 -4 22 29 57
tvmonitor 0.0012 1 5 7 35
tvmonitor 0.0011 1 14 8 42
tvmonitor 0.0011 197 49 334 200
