bicycle 0.0014 104 -22 450 347
bottle 0.0056 103 154 117 211
bottle 0.0031 97 153 105 173
bottle 0.0016 112 120 125 167
bottle 0.0015 102 141 117 184
bottle 0.0015 105 152 114 172
bottle 0.0012 116 130 123 158
bottle 0.0012 110 155 126 208
bottle 0.0012 115 141 122 164
bottle 0.0011 107 141 114 165
bottle 0.0010 104 120 118 168
bus 0.0181 376 25 495 127
bus 0.0029 104 -22 450 347
car 0.0026 376 25 495 127
car 0.0017 365 41 430 119
car 0.0015 421 39 488 121
car 0.0014 437 33 499 102
chair 0.0561 0 192 25 321
chair 0.0310 4 202 40 312
chair 0.0142 1 185 47 358
chair 0.0077 0 210 20 368
chair 0.0025 -1 129 30 344
chair 0.0025 0 151 20 280
chair 0.0014 43 19 406 400
diningtable 0.0015 0 192 25 321
person 0.9999 89 0 427 388
person 0.9757 374 36 417 123
person 0.9268 445 33 492 120
person 0.8441 433 38 476 121
person 0.6162 376 25 495 127
person 0.4584 19 52 115 327
person 0.3375 391 37 429 122
person 0.2454 471 38 500 118
person 0.1665 413 44 453 123
person 0.0248 0 79 25 163
person 0.0190 408 88 426 122
person 0.0184 76 87 105 186
person 0.0182 112 120 125 167
person 0.0151 94 114 119 202
person 0.0128 437 68 456 123
person 0.0127 104 120 118 168
person 0.0113 400 66 466 125
person 0.0106 1 90 8 178
person 0.0076 0 98 20 214
person 0.0072 102 141 117 184
person 0.0065 55 43 111 199
person 0.0064 399 132 472 190
person 0.0055 5 94 20 155
person 0.0050 76 91 132 298
person 0.0041 95 99 109 149
person 0.0038 105 119 130 198
person 0.0033 120 120 134 166
person 0.0032 116 130 123 158
person 0.0032 482 43 499 198
person 0.0031 115 141 122 164
person 0.0031 28 55 104 221
person 0.0028 478 65 497 126
person 0.0028 103 154 117 211
person 0.0026 0 139 21 251
person 0.0025 492 23 499 110
person 0.0025 379 50 397 104
person 0.0024 490 53 499 138
person 0.0023 411 93 424 116
person 0.0022 367 39 396 121
person 0.0022 107 141 114 165
person 0.0020 66 9 191 375
person 0.0018 105 152 114 172
person 0.0017 108 131 114 157
person 0.0017 378 32 442 102
person 0.0017 374 48 389 106
person 0.0015 97 153 105 173
person 0.0015 0 60 8 153
person 0.0015 115 125 123 144
person 0.0014 94 141 121 247
person 0.0014 1 102 6 202
person 0.0012 476 32 497 83
person 0.0011 444 69 465 123
person 0.0011 400 90 436 120
person 0.0010 111 146 126 201
person 0.0010 106 124 114 145
person 0.0010 431 71 448 122
train 0.0019 376 25 495 127
tvmonitor 0.0013 104 -22 450 347
