boat 0.0015 359 8 454 67
cat 0.0217 136 118 363 231
cat 0.0075 115 92 384 312
chair 0.0204 78 58 423 353
chair 0.0083 119 85 381 266
chair 0.0018 359 8 454 67
chair 0.0018 363 31 454 82
chair 0.0011 279 36 382 144
diningtable 0.0012 106 122 395 334
dog 0.6249 119 85 381 266
dog 0.1369 123 108 309 222
dog 0.0724 109 102 231 214
dog 0.0075 78 58 423 353
dog 0.0026 155 134 347 251
dog 0.0020 101 85 194 260
dog 0.0012 103 93 245 311
pottedplant 0.7966 361 8 437 66
pottedplant 0.7223 310 158 493 336
pottedplant 0.7056 439 -7 497 127
pottedplant 0.6153 139 98 413 312
pottedplant 0.3922 370 49 452 150
pottedplant 0.3493 282 6 385 159
pottedplant 0.2881 172 25 312 127
pottedplant 0.0779 363 31 454 82
pottedplant 0.0587 405 200 501 339
pottedplant 0.0494 288 85 389 152
pottedplant 0.0437 385 75 437 152
pottedplant 0.0224 385 43 490 133
pottedplant 0.0194 356 0 454 93
pottedplant 0.0132 418 64 492 126
pottedplant 0.0110 382 2 492 102
pottedplant 0.0099 179 124 379 229
pottedplant 0.0098 392 51 466 109
pottedplant 0.0090 433 44 500 111
pottedplant 0.0073 412 57 456 136
pottedplant 0.0071 224 36 366 133
pottedplant 0.0064 338 3 422 49
pottedplant 0.0058 289 228 461 329
pottedplant 0.0047 476 2 498 118
pottedplant 0.0042 481 195 500 348
pottedplant 0.0035 159 -4 329 169
pottedplant 0.0034 362 27 418 61
pottedplant 0.0034 307 1 413 100
pottedplant 0.0029 362 51 438 105
pottedplant 0.0028 387 -2 469 54
pottedplant 0.0025 490 60 500 127
pottedplant 0.0017 371 20 423 86
pottedplant 0.0016 491 27 500 102
pottedplant 0.0016 345 281 440 335
pottedplant 0.0016 104 137 541 335
pottedplant 0.0015 215 93 307 144
pottedplant 0.0015 279 154 465 268
pottedplant 0.0012 -1 82 15 229
sofa 0.0105 78 58 423 353
sofa 0.0023 119 85 381 266
sofa 0.0010 163 4 318 123
