bird 0.0125 288 26 303 64
bird 0.0026 289 42 299 60
bird 0.0018 295 33 305 57
bird 0.0015 291 13 307 60
cow 0.0407 288 26 303 64
cow 0.0082 289 42 299 60
cow 0.0023 161 31 196 58
cow 0.0022 295 33 305 57
dog 0.0145 288 26 303 64
dog 0.0012 289 42 299 60
horse 0.0022 288 26 303 64
horse 0.0012 289 42 299 60
sheep 0.8839 161 31 196 58
sheep 0.2718 169 35 202 64
sheep 0.1459 161 31 179 57
sheep 0.1421 288 26 303 64
sheep 0.0331 289 42 299 60
sheep 0.0125 188 43 202 62
sheep 0.0079 295 33 305 57
sheep 0.0057 161 31 177 42
sheep 0.0036 163 33 189 41
sheep 0.0034 291 13 307 60
sheep 0.0032 177 41 200 60
sheep 0.0020 280 30 307 58
sheep 0.0020 184 31 203 63
sheep 0.0013 242 74 252 89
sheep 0.0011 178 32 193 40
