bottle 0.0017 24 275 39 322
bottle 0.0010 0 272 6 343
chair 0.9994 147 162 208 298
chair 0.9419 402 180 461 257
chair 0.0141 110 161 147 262
chair 0.0024 111 150 169 282
chair 0.0023 119 161 157 235
chair 0.0016 454 184 493 255
chair 0.0015 25 165 139 294
chair 0.0013 143 171 185 270
chair 0.0010 107 156 145 213
diningtable 0.0020 130 161 206 284
pottedplant 0.5020 42 164 122 306
pottedplant 0.1193 2 252 42 331
pottedplant 0.0529 -3 210 54 339
pottedplant 0.0410 110 161 147 262
pottedplant 0.0137 7 168 93 300
pottedplant 0.0052 41 247 59 290
pottedplant 0.0049 -4 244 57 308
pottedplant 0.0024 28 234 62 309
pottedplant 0.0022 111 150 169 282
pottedplant 0.0021 -1 149 134 318
pottedplant 0.0020 24 275 39 322
pottedplant 0.0017 -4 229 37 390
pottedplant 0.0017 6 211 44 300
pottedplant 0.0016 119 161 157 235
pottedplant 0.0016 69 154 137 285
pottedplant 0.0015 0 272 6 343
pottedplant 0.0012 0 253 8 322
pottedplant 0.0011 25 186 65 280
sofa 0.0021 325 255 491 370
