bottle 0.0013 301 105 316 142
car 0.0049 82 10 237 158
car 0.0012 493 4 500 90
chair 0.9398 383 147 504 384
chair 0.4597 350 90 428 151
chair 0.0948 121 142 443 372
chair 0.0306 437 127 499 348
chair 0.0105 346 74 476 386
chair 0.0101 239 93 312 145
chair 0.0077 331 202 491 369
chair 0.0070 467 129 500 415
chair 0.0063 391 120 475 314
chair 0.0061 372 158 460 355
chair 0.0055 297 91 372 143
chair 0.0038 390 143 468 209
chair 0.0030 40 101 125 211
chair 0.0029 270 152 464 379
chair 0.0019 -14 122 379 350
chair 0.0018 419 125 487 275
chair 0.0017 486 147 500 361
chair 0.0015 345 84 459 200
chair 0.0010 358 113 402 155
chair 0.0010 222 81 302 129
diningtable 0.9992 7 151 474 363
diningtable 0.0011 60 7 238 185
person 0.0035 -15 147 387 381
pottedplant 0.8612 75 5 246 186
pottedplant 0.0018 122 107 199 171
pottedplant 0.0013 94 28 200 167
sofa 0.0044 -29 118 458 360
