bicycle 0.9852 301 110 493 232
bicycle 0.9499 118 180 199 238
bicycle 0.3305 261 88 409 205
bicycle 0.0745 175 27 258 137
bicycle 0.0215 94 135 192 235
bicycle 0.0148 140 164 186 227
bicycle 0.0085 170 32 238 98
bicycle 0.0012 156 171 197 228
bicycle 0.0010 264 21 396 186
boat 0.0024 175 27 258 137
boat 0.0012 299 98 493 224
bottle 0.0165 377 158 399 206
bottle 0.0090 430 154 447 191
bottle 0.0074 406 154 427 192
bottle 0.0062 400 151 418 194
bottle 0.0027 388 157 406 205
bottle 0.0013 433 161 444 184
bottle 0.0011 394 145 431 203
chair 0.0018 261 88 409 205
motorbike 0.0040 102 165 192 229
person 0.9728 259 12 403 205
person 0.3262 101 133 183 225
person 0.0063 117 167 197 237
person 0.0033 138 143 186 220
person 0.0029 94 131 148 217
person 0.0019 273 98 467 214
person 0.0018 330 98 415 215
person 0.0013 87 132 126 198
person 0.0010 91 132 104 152
person 0.0010 296 17 486 211
pottedplant 0.0019 430 154 447 191
sofa 0.0022 267 78 474 225
