bottle 0.0038 0 247 110 344
bottle 0.0012 103 210 144 264
bottle 0.0011 61 209 101 264
bus 0.0269 78 59 507 306
bus 0.0079 103 210 144 264
bus 0.0017 33 171 152 264
bus 0.0013 147 166 284 265
bus 0.0012 68 214 152 260
car 0.2277 157 275 515 345
car 0.1160 0 247 110 344
car 0.0049 103 210 144 264
car 0.0021 104 220 137 246
car 0.0019 312 220 369 280
car 0.0010 105 224 148 253
motorbike 0.0033 0 247 110 344
person 0.8475 320 217 363 285
person 0.0224 179 205 217 260
person 0.0143 350 228 371 270
person 0.0107 334 214 368 271
person 0.0099 358 226 379 271
person 0.0088 186 208 207 253
person 0.0059 416 231 440 264
person 0.0045 177 209 200 252
person 0.0042 194 219 215 257
person 0.0037 254 211 288 266
person 0.0031 217 215 231 262
person 0.0029 428 231 443 266
person 0.0014 333 228 367 306
person 0.0011 138 141 155 203
person 0.0011 206 217 227 259
person 0.0010 367 230 387 267
tvmonitor 0.0349 103 210 144 264
tvmonitor 0.0014 104 220 137 246
tvmonitor 0.0014 68 214 152 260
