bicycle 0.0032 478 156 500 234
bicycle 0.0011 480 174 501 294
bird 0.0145 488 162 498 240
bird 0.0087 478 156 500 234
bird 0.0032 480 174 501 294
bird 0.0012 479 179 498 223
bottle 0.0014 488 147 498 237
cat 0.0126 478 156 500 234
cat 0.0036 480 174 501 294
cat 0.0028 488 147 498 237
chair 0.0021 480 174 501 294
chair 0.0019 478 156 500 234
cow 0.0052 480 174 501 294
cow 0.0030 478 156 500 234
dog 0.7002 205 116 310 235
dog 0.3484 478 156 500 234
dog 0.1038 480 174 501 294
dog 0.0115 488 147 498 237
dog 0.0046 485 192 499 351
dog 0.0027 483 72 498 246
dog 0.0011 472 141 506 323
horse 0.0040 480 174 501 294
horse 0.0037 478 156 500 234
person 0.0021 478 156 500 234
person 0.0012 480 174 501 294
pottedplant 0.0021 488 147 498 237
sheep 0.0022 480 174 501 294
sheep 0.0022 478 156 500 234
