bottle 0.5023 328 176 353 262
bottle 0.3717 208 188 232 266
bottle 0.1709 226 184 251 266
bottle 0.1287 333 195 368 275
bottle 0.0360 155 151 175 206
bottle 0.0275 373 211 410 280
bottle 0.0127 336 169 362 242
bottle 0.0073 342 173 358 224
bottle 0.0066 126 206 168 269
bottle 0.0066 215 203 231 254
bottle 0.0059 148 130 179 207
bottle 0.0054 206 206 229 250
bottle 0.0051 362 203 392 277
bottle 0.0048 227 163 256 245
bottle 0.0038 322 172 344 226
bottle 0.0033 123 114 174 150
bottle 0.0025 329 174 351 224
bottle 0.0023 157 141 174 183
bottle 0.0018 193 191 220 264
bottle 0.0017 377 217 449 277
bottle 0.0016 395 214 432 280
bottle 0.0015 332 188 350 245
bottle 0.0012 237 187 267 262
bottle 0.0010 226 201 241 256
bottle 0.0010 211 168 238 250
car 0.0028 39 1 461 299
cat 0.0019 105 107 184 153
cat 0.0011 181 4 305 179
chair 0.2090 16 62 193 260
chair 0.0131 146 15 417 221
chair 0.0107 39 1 461 299
chair 0.0071 132 2 315 186
chair 0.0054 4 143 89 304
chair 0.0051 105 107 184 153
diningtable 0.0035 39 1 461 299
dog 0.0060 105 107 184 153
dog 0.0014 185 22 303 190
dog 0.0012 43 91 200 225
person 0.9720 176 -3 313 225
person 0.0083 146 15 417 221
person 0.0028 39 1 461 299
person 0.0027 105 107 184 153
person 0.0026 112 33 324 259
person 0.0018 160 45 287 182
sofa 0.6116 39 1 461 299
sofa 0.4024 146 15 417 221
sofa 0.0530 176 -3 313 225
sofa 0.0071 112 33 324 259
sofa 0.0022 29 62 220 254
