cow 0.0010 50 151 162 285
diningtable 0.0010 218 24 380 156
horse 0.9995 219 121 486 315
horse 0.9513 134 147 265 299
horse 0.3716 50 151 162 285
horse 0.0038 223 9 376 281
motorbike 0.0013 227 26 376 176
person 0.9387 217 21 384 201
person 0.4622 101 128 146 194
person 0.3579 197 132 231 198
person 0.3235 121 129 160 192
person 0.0313 179 132 214 166
person 0.0243 205 138 228 180
person 0.0124 68 131 144 241
person 0.0120 183 127 222 179
person 0.0111 167 131 205 194
person 0.0088 93 120 157 216
person 0.0063 214 133 231 187
person 0.0042 107 139 153 180
person 0.0034 55 150 189 258
person 0.0022 90 138 126 225
person 0.0022 96 134 142 170
person 0.0019 207 142 225 160
person 0.0018 154 127 218 174
person 0.0016 127 135 167 168
person 0.0014 185 138 209 176
person 0.0012 142 134 174 193
person 0.0010 93 125 128 181
person 0.0010 133 138 160 181
