bicycle 0.0028 35 201 49 216
bird 0.0016 35 201 49 216
bottle 0.0021 35 201 49 216
car 0.0058 189 199 247 269
cow 0.7088 69 225 181 280
cow 0.5577 38 232 130 279
cow 0.1244 35 201 49 216
cow 0.0458 388 189 409 234
cow 0.0220 32 236 74 267
cow 0.0150 269 209 330 260
cow 0.0148 72 216 111 242
cow 0.0124 30 222 110 264
cow 0.0122 242 214 310 263
cow 0.0104 49 222 167 260
cow 0.0097 425 182 449 218
cow 0.0076 20 235 88 275
cow 0.0073 421 183 436 220
cow 0.0050 118 223 195 280
cow 0.0043 53 241 159 290
cow 0.0029 27 204 43 216
cow 0.0026 16 202 52 218
cow 0.0025 37 229 86 257
cow 0.0020 32 242 57 277
cow 0.0017 80 209 101 236
cow 0.0017 77 207 90 218
cow 0.0015 397 179 415 230
cow 0.0012 381 195 401 231
cow 0.0012 83 208 95 220
cow 0.0012 78 211 121 236
cow 0.0011 18 205 31 216
cow 0.0010 247 217 283 264
cow 0.0010 410 187 445 215
dog 0.0068 35 201 49 216
dog 0.0022 388 189 409 234
dog 0.0014 78 218 121 242
dog 0.0013 32 236 74 267
horse 0.0157 235 212 290 265
horse 0.0155 35 201 49 216
horse 0.0091 388 189 409 234
horse 0.0021 425 182 449 218
horse 0.0016 32 236 74 267
horse 0.0014 72 216 111 242
horse 0.0010 269 209 330 260
motorbike 0.0016 35 201 49 216
person 0.9921 197 194 236 273
person 0.2451 336 171 362 233
person 0.0077 331 178 355 244
person 0.0041 35 201 49 216
person 0.0031 240 212 285 266
person 0.0016 390 179 409 231
person 0.0016 348 175 366 232
person 0.0010 196 204 278 267
sheep 0.1116 35 201 49 216
sheep 0.0058 388 189 409 234
sheep 0.0048 32 236 74 267
sheep 0.0025 27 204 43 216
sheep 0.0024 72 216 111 242
sheep 0.0022 421 183 436 220
sheep 0.0021 425 182 449 218
sheep 0.0019 77 207 90 218
sheep 0.0015 269 209 330 260
sheep 0.0014 18 205 31 216
sheep 0.0013 83 208 95 220
sheep 0.0013 240 212 285 266
sheep 0.0013 16 202 52 218
sheep 0.0012 32 233 109 278
