bicycle 0.0105 220 134 298 178
bicycle 0.0054 244 137 283 169
bicycle 0.0028 0 130 14 264
bus 0.0024 108 200 521 387
car 0.6339 99 212 485 384
car 0.0084 175 132 221 155
car 0.0068 288 186 509 361
car 0.0065 0 152 7 250
car 0.0048 121 172 386 339
car 0.0033 190 128 204 140
car 0.0032 0 143 16 288
car 0.0019 132 142 299 235
car 0.0018 183 199 457 307
car 0.0017 1 157 54 309
car 0.0015 151 167 422 275
car 0.0015 201 128 213 139
car 0.0012 174 138 221 166
dog 0.0018 244 137 283 169
horse 0.0011 244 137 283 169
motorbike 0.9020 123 151 380 295
motorbike 0.8597 132 142 299 235
motorbike 0.5598 115 177 464 347
motorbike 0.1310 199 174 437 274
motorbike 0.0300 163 145 397 238
motorbike 0.0219 220 134 298 178
motorbike 0.0124 0 130 14 264
motorbike 0.0098 143 204 435 304
motorbike 0.0051 140 147 264 199
motorbike 0.0044 1 157 54 309
motorbike 0.0043 113 156 252 270
motorbike 0.0035 0 159 19 308
motorbike 0.0031 164 140 275 180
motorbike 0.0031 169 128 311 196
motorbike 0.0025 244 137 283 169
motorbike 0.0020 130 141 237 182
motorbike 0.0016 288 186 509 361
motorbike 0.0015 8 162 110 287
motorbike 0.0014 106 149 221 202
motorbike 0.0012 0 128 30 335
motorbike 0.0011 257 133 293 179
person 0.9920 58 90 106 251
person 0.6675 94 89 119 231
person 0.1050 82 76 120 265
person 0.0064 208 127 218 141
person 0.0064 172 125 183 142
person 0.0039 190 128 204 140
person 0.0038 244 137 283 169
person 0.0038 0 111 12 246
person 0.0037 201 128 213 139
person 0.0035 0 144 7 239
person 0.0035 205 125 222 164
person 0.0032 244 126 263 161
person 0.0029 122 150 311 278
person 0.0026 182 126 191 141
person 0.0024 249 127 258 143
person 0.0023 169 119 187 150
person 0.0016 104 103 129 213
person 0.0013 57 142 86 246
person 0.0010 166 135 187 171
train 0.0058 82 197 507 389
