aeroplane 0.0023 0 114 7 132
bicycle 0.0012 0 114 7 132
boat 0.0014 0 114 7 132
bus 0.0102 410 69 463 88
car 0.8167 250 165 320 200
car 0.7679 411 72 461 92
car 0.1564 406 78 428 89
car 0.0433 399 77 440 91
car 0.0193 0 114 7 132
car 0.0076 403 80 419 89
car 0.0041 420 75 453 87
car 0.0039 413 76 439 87
car 0.0035 492 65 502 119
car 0.0028 263 163 319 186
car 0.0019 397 74 458 106
car 0.0019 403 68 489 96
car 0.0018 493 82 500 105
car 0.0015 427 76 481 94
car 0.0013 392 70 448 87
car 0.0013 446 77 463 89
car 0.0011 423 73 451 81
motorbike 0.0012 0 114 7 132
motorbike 0.0010 406 78 428 89
person 0.0050 0 114 7 132
person 0.0034 406 78 428 89
pottedplant 0.0012 0 114 7 132
train 0.0036 411 72 461 92
