bicycle 0.0010 54 46 385 377
boat 0.0017 83 29 392 396
bottle 0.2614 374 183 402 282
bottle 0.0105 381 185 396 239
bottle 0.0047 2 139 18 293
bottle 0.0027 367 167 409 304
bottle 0.0027 9 164 35 267
bottle 0.0019 0 183 8 258
bottle 0.0018 367 199 396 299
bottle 0.0016 0 88 54 340
bottle 0.0015 -2 98 30 369
bottle 0.0013 14 195 31 244
bottle 0.0013 5 195 21 245
bottle 0.0013 374 183 389 239
bottle 0.0012 389 191 404 247
bottle 0.0010 374 209 386 272
chair 0.0023 54 46 385 377
diningtable 0.0021 83 29 392 396
horse 0.0018 83 29 392 396
horse 0.0013 2 -18 109 339
motorbike 0.0014 54 46 385 377
person 0.9994 66 4 374 373
person 0.9994 363 6 500 379
person 0.9983 5 7 110 376
person 0.5549 276 22 326 106
person 0.4092 374 0 424 128
person 0.0217 390 0 431 81
person 0.0128 296 17 332 78
person 0.0060 0 62 55 327
person 0.0026 282 28 323 63
person 0.0023 488 13 499 262
person 0.0023 372 -9 445 207
person 0.0022 309 20 334 59
person 0.0022 -3 89 118 284
person 0.0021 474 -42 499 316
person 0.0020 493 84 499 203
person 0.0019 -1 15 30 337
person 0.0011 293 34 336 114
person 0.0011 265 29 302 101
person 0.0011 446 -31 497 267
person 0.0011 342 -13 412 137
person 0.0010 70 7 100 81
sheep 0.0015 2 -18 109 339
sheep 0.0010 83 29 392 396
sofa 0.0011 83 29 392 396
