bicycle 0.9981 22 170 235 329
bicycle 0.9846 207 178 345 321
bicycle 0.8935 468 184 500 280
bicycle 0.7625 320 174 432 291
bicycle 0.1315 478 122 500 269
bicycle 0.0052 332 97 456 284
bicycle 0.0032 244 189 398 294
bicycle 0.0025 311 151 477 315
bicycle 0.0022 455 121 499 269
bicycle 0.0021 59 67 228 315
bicycle 0.0012 224 125 347 273
boat 0.0010 471 159 501 274
bottle 0.0015 115 214 128 281
bottle 0.0010 120 217 134 277
chair 0.0023 471 159 501 274
chair 0.0011 69 181 253 316
dog 0.0029 468 184 500 280
motorbike 0.0034 471 159 501 274
person 0.9954 59 57 225 303
person 0.8352 227 75 351 285
person 0.3856 335 75 451 281
person 0.1515 478 122 500 269
person 0.0647 481 78 499 231
person 0.0560 167 96 231 220
person 0.0494 395 1 420 39
person 0.0148 415 7 437 44
person 0.0120 363 1 392 35
person 0.0119 471 42 501 271
person 0.0107 400 -4 429 47
person 0.0053 280 73 353 245
person 0.0052 316 154 440 277
person 0.0042 484 2 495 197
person 0.0036 448 65 499 248
person 0.0031 493 105 500 199
person 0.0030 320 50 399 300
person 0.0024 490 138 499 202
person 0.0021 143 76 229 273
person 0.0017 297 58 367 291
person 0.0013 389 6 412 41
person 0.0012 494 77 500 167
person 0.0011 379 -4 407 46
person 0.0011 69 181 253 316
person 0.0011 423 5 446 46
person 0.0010 202 93 320 247
pottedplant 0.0015 478 122 500 269
