bus 0.0020 -1 0 29 87
car 0.0158 25 187 487 387
cat 0.0104 218 62 496 259
chair 0.0437 69 84 508 381
chair 0.0064 161 40 552 278
chair 0.0014 166 0 211 40
chair 0.0011 -1 0 29 87
dog 0.9853 191 66 478 253
dog 0.9517 61 141 509 389
dog 0.3448 77 170 348 361
dog 0.0397 95 263 186 317
dog 0.0027 109 182 388 285
dog 0.0022 275 111 447 245
dog 0.0011 304 93 408 142
dog 0.0010 290 208 382 255
person 0.0052 -1 0 29 87
person 0.0035 153 65 453 250
person 0.0030 69 84 508 381
person 0.0026 266 51 511 266
pottedplant 0.7402 163 0 229 38
pottedplant 0.0087 153 -21 251 70
pottedplant 0.0028 193 0 235 38
pottedplant 0.0028 166 6 209 43
pottedplant 0.0020 131 0 208 43
pottedplant 0.0012 131 -40 232 47
sofa 0.3449 69 84 508 381
sofa 0.0734 161 40 552 278
tvmonitor 0.3492 -1 0 29 87
tvmonitor 0.0334 1 18 44 95
tvmonitor 0.0042 18 3 67 89
tvmonitor 0.0031 166 0 211 40
tvmonitor 0.0029 -2 0 58 112
