boat 0.3365 12 169 73 194
boat 0.0131 24 177 80 199
boat 0.0116 2 164 69 186
boat 0.0049 2 171 85 204
boat 0.0019 36 170 82 196
boat 0.0012 0 141 65 190
boat 0.0010 317 203 468 282
bottle 0.0020 307 235 316 260
bus 0.3557 0 157 72 196
bus 0.0126 14 176 73 198
bus 0.0101 -4 169 58 193
bus 0.0032 2 171 85 204
bus 0.0023 36 177 84 200
bus 0.0022 11 165 73 186
bus 0.0012 2 167 23 196
car 0.4261 259 301 344 334
car 0.0564 276 308 327 339
car 0.0109 293 310 349 338
car 0.0077 274 310 389 339
car 0.0064 5 169 68 193
car 0.0056 6 182 19 195
car 0.0051 320 298 469 327
car 0.0042 256 312 313 335
car 0.0025 490 110 499 176
car 0.0024 455 138 499 166
car 0.0013 275 299 328 318
car 0.0011 477 132 497 170
car 0.0011 24 177 80 199
person 0.0631 307 235 316 260
person 0.0016 6 182 19 195
person 0.0013 304 221 318 262
person 0.0010 2 168 8 196
train 0.1000 12 169 73 194
train 0.0151 24 177 80 199
train 0.0033 2 164 69 186
tvmonitor 0.0223 12 169 73 194
tvmonitor 0.0014 24 177 80 199
