cat 0.0036 131 175 201 226
cat 0.0011 61 224 226 335
chair 0.3242 282 237 363 333
chair 0.0014 61 224 226 335
chair 0.0014 118 220 285 335
pottedplant 0.9790 80 220 258 337
pottedplant 0.0206 52 155 236 339
pottedplant 0.0146 130 202 274 313
pottedplant 0.0031 162 219 322 333
pottedplant 0.0024 54 268 232 339
pottedplant 0.0022 234 240 276 271
pottedplant 0.0021 110 184 215 323
pottedplant 0.0015 202 230 282 282
pottedplant 0.0010 40 234 175 329
sofa 0.0096 61 224 226 335
sofa 0.0075 73 167 266 338
sofa 0.0016 278 237 367 318
sofa 0.0015 118 220 285 335
