aeroplane 0.0011 240 76 287 92
bus 0.0166 451 72 494 123
bus 0.0104 60 63 103 90
bus 0.0055 188 67 227 85
bus 0.0037 1 87 65 145
bus 0.0033 448 83 489 113
bus 0.0033 42 62 126 94
bus 0.0026 390 70 427 89
bus 0.0021 0 67 10 87
bus 0.0017 -1 61 13 92
bus 0.0016 218 69 253 86
bus 0.0015 488 73 502 120
bus 0.0012 277 70 327 91
bus 0.0011 191 62 238 80
bus 0.0011 225 71 245 84
bus 0.0010 454 37 496 115
car 0.9968 73 86 353 194
car 0.9948 241 88 501 206
car 0.9496 9 86 186 170
car 0.5422 278 73 328 102
car 0.3593 292 74 373 102
car 0.3082 2 89 67 159
car 0.3049 54 84 190 126
car 0.2863 188 67 227 85
car 0.2699 240 76 287 92
car 0.2399 444 75 497 119
car 0.2388 452 90 494 116
car 0.2233 60 63 103 90
car 0.1961 341 76 376 97
car 0.0985 363 83 417 103
car 0.0954 387 76 428 94
car 0.0916 0 76 127 155
car 0.0734 488 73 502 120
car 0.0688 147 69 189 89
car 0.0687 218 69 253 86
car 0.0644 225 71 245 84
car 0.0577 196 70 217 82
car 0.0447 246 75 263 84
car 0.0377 390 70 427 89
car 0.0341 367 80 411 98
car 0.0340 42 62 126 94
car 0.0324 328 69 373 91
car 0.0311 244 78 265 88
car 0.0275 154 72 200 97
car 0.0251 36 69 138 109
car 0.0250 399 73 416 87
car 0.0221 0 67 10 87
car 0.0209 261 77 306 94
car 0.0201 409 78 427 91
car 0.0178 65 73 116 94
car 0.0164 353 79 442 104
car 0.0155 263 78 285 89
car 0.0150 399 77 418 91
car 0.0148 205 70 225 81
car 0.0143 226 78 242 88
car 0.0121 266 74 281 84
car 0.0120 250 78 277 88
car 0.0118 270 70 319 90
car 0.0109 179 71 195 84
car 0.0107 283 71 337 89
car 0.0105 191 62 238 80
car 0.0105 167 68 207 89
car 0.0105 306 71 355 90
car 0.0103 188 74 240 93
car 0.0098 112 71 128 85
car 0.0096 120 71 136 85
car 0.0094 349 78 373 93
car 0.0090 272 78 292 91
car 0.0089 101 68 140 86
car 0.0089 254 75 273 84
car 0.0087 393 73 407 87
car 0.0084 73 68 126 87
car 0.0081 -3 93 50 119
car 0.0079 390 79 408 91
car 0.0078 238 76 323 106
car 0.0074 360 78 378 93
car 0.0073 0 113 93 169
car 0.0072 420 79 434 93
car 0.0071 237 73 250 83
car 0.0066 337 82 381 103
car 0.0065 25 81 40 91
car 0.0062 -1 61 13 92
car 0.0055 0 109 12 159
car 0.0055 236 72 275 87
car 0.0054 177 66 198 91
car 0.0052 439 80 456 114
car 0.0052 478 80 497 115
car 0.0052 189 71 203 83
car 0.0051 109 75 213 109
car 0.0050 156 72 180 83
car 0.0049 104 72 119 83
car 0.0049 52 70 93 100
car 0.0049 18 81 30 90
car 0.0046 7 79 19 90
car 0.0044 219 73 233 83
car 0.0042 405 76 445 96
car 0.0040 490 93 499 118
car 0.0039 251 71 293 88
car 0.0039 206 66 223 75
car 0.0038 167 81 406 184
car 0.0038 490 84 500 110
car 0.0036 171 73 223 94
car 0.0035 369 81 388 92
car 0.0034 340 87 447 125
car 0.0033 462 83 503 113
car 0.0033 64 59 114 82
car 0.0031 237 78 251 88
car 0.0030 58 78 276 145
car 0.0030 362 73 376 86
car 0.0029 379 81 400 91
car 0.0029 221 79 233 88
car 0.0029 44 65 82 92
car 0.0027 224 56 247 86
car 0.0027 409 74 424 86
car 0.0026 175 60 222 81
car 0.0026 218 75 272 91
motorbike 0.0019 488 73 502 120
person 0.0292 44 70 62 104
person 0.0189 362 113 398 138
person 0.0145 47 76 59 96
person 0.0137 112 71 128 85
person 0.0135 120 71 136 85
person 0.0123 52 68 72 104
person 0.0078 0 67 10 87
person 0.0071 7 79 19 90
person 0.0071 59 68 81 102
person 0.0069 25 81 40 91
person 0.0068 18 81 30 90
person 0.0060 399 73 416 87
person 0.0051 439 80 456 114
person 0.0043 51 64 95 92
person 0.0032 46 72 58 86
person 0.0032 34 73 71 99
person 0.0030 55 75 68 96
person 0.0026 441 86 453 105
person 0.0024 338 115 382 136
person 0.0022 37 79 51 92
person 0.0019 1 75 9 94
person 0.0018 393 73 407 87
person 0.0017 488 73 502 120
person 0.0017 370 118 391 134
person 0.0014 6 72 18 85
person 0.0014 130 71 143 84
person 0.0014 54 70 69 86
person 0.0013 179 71 195 84
person 0.0012 420 79 434 93
person 0.0012 121 77 136 88
person 0.0010 18 74 30 85
person 0.0010 104 72 119 83
person 0.0010 490 93 499 118
train 0.0042 60 63 103 90
train 0.0022 188 67 227 85
