bicycle 0.0018 120 30 446 368
bicycle 0.0011 9 144 113 245
car 0.0021 120 30 446 368
chair 0.6506 15 137 106 256
chair 0.6044 469 142 500 250
chair 0.3534 104 147 151 213
chair 0.1290 444 118 498 245
chair 0.0593 367 135 455 249
chair 0.0285 -1 153 25 237
chair 0.0148 90 144 156 246
chair 0.0079 185 146 251 211
chair 0.0074 0 165 11 218
chair 0.0071 115 123 409 372
chair 0.0060 2 169 19 213
chair 0.0058 89 124 113 158
chair 0.0055 353 165 440 233
chair 0.0039 176 92 243 213
chair 0.0027 379 164 476 237
chair 0.0024 60 139 199 229
chair 0.0020 6 150 38 240
chair 0.0017 71 122 113 150
chair 0.0015 344 100 420 240
chair 0.0013 457 163 493 258
chair 0.0013 94 140 156 191
chair 0.0011 85 148 122 241
cow 0.0011 469 142 500 250
cow 0.0011 104 147 151 213
diningtable 0.0458 21 143 142 242
diningtable 0.0137 60 139 199 229
diningtable 0.0034 94 148 155 210
diningtable 0.0026 136 123 489 372
diningtable 0.0015 371 122 496 242
diningtable 0.0012 469 142 500 250
motorbike 0.0018 120 30 446 368
person 0.9997 127 95 434 379
person 0.9834 185 92 248 195
person 0.9527 353 81 431 235
person 0.0968 394 94 470 224
person 0.0572 160 103 269 207
person 0.0441 415 106 492 247
person 0.0176 414 101 459 182
person 0.0077 338 83 475 271
person 0.0021 99 133 246 225
person 0.0012 265 86 469 365
person 0.0011 428 104 469 204
pottedplant 0.0017 175 89 244 199
pottedplant 0.0017 0 165 11 218
sofa 0.0042 136 123 489 372
sofa 0.0013 9 144 113 245
train 0.0047 28 -17 468 239
train 0.0035 120 30 446 368
train 0.0013 169 102 312 202
train 0.0011 124 15 377 212
tvmonitor 0.0112 0 165 11 218
tvmonitor 0.0019 2 169 19 213
