boat 0.9999 56 -5 300 491
boat 0.0183 71 178 124 383
boat 0.0133 260 181 316 378
boat 0.0038 48 218 115 415
boat 0.0030 247 197 300 434
boat 0.0023 306 293 325 333
boat 0.0021 85 215 111 344
boat 0.0021 281 182 332 375
boat 0.0015 38 94 119 476
boat 0.0014 298 218 323 340
car 0.0012 85 400 124 438
motorbike 0.0014 85 400 124 438
person 0.4844 59 359 95 433
person 0.1718 93 386 128 445
person 0.1086 90 398 116 439
person 0.0300 80 360 115 435
person 0.0214 97 359 124 435
person 0.0165 83 408 125 441
person 0.0108 101 389 122 431
person 0.0105 74 389 92 430
person 0.0095 60 363 130 431
person 0.0095 50 380 114 439
person 0.0075 54 401 92 435
person 0.0073 83 397 106 438
person 0.0050 66 385 83 433
person 0.0042 68 403 131 450
person 0.0039 74 359 95 400
person 0.0035 54 387 79 432
person 0.0027 103 357 123 401
person 0.0024 108 359 121 375
person 0.0022 48 353 113 408
person 0.0014 79 393 111 426
person 0.0013 55 417 72 433
person 0.0012 77 397 88 418
person 0.0012 97 400 145 436
person 0.0011 159 319 167 340
person 0.0011 66 369 85 412
person 0.0010 92 382 116 420
