bird 0.0068 55 127 95 201
bird 0.0018 223 427 301 503
bottle 0.0011 315 389 377 500
bottle 0.0010 223 427 301 503
cat 0.0798 55 127 95 201
cat 0.0018 222 420 301 498
chair 0.0017 215 305 295 486
pottedplant 0.9853 229 429 304 501
pottedplant 0.9542 316 381 377 489
pottedplant 0.4017 55 127 95 201
pottedplant 0.0186 293 289 378 458
pottedplant 0.0041 215 305 295 486
pottedplant 0.0029 152 278 207 429
pottedplant 0.0025 283 467 376 504
pottedplant 0.0023 38 114 98 213
pottedplant 0.0021 294 446 374 499
pottedplant 0.0021 160 302 196 403
pottedplant 0.0017 311 470 359 501
pottedplant 0.0016 180 280 251 430
pottedplant 0.0013 356 276 377 395
pottedplant 0.0011 1 241 44 314
