bicycle 0.0011 427 116 488 186
bicycle 0.0011 7 144 90 325
boat 0.0012 385 169 503 270
bottle 0.0457 449 174 466 213
bottle 0.0101 456 182 473 216
bottle 0.0091 481 202 491 219
bottle 0.0058 488 186 499 236
bottle 0.0049 111 157 131 189
bottle 0.0044 478 194 496 227
bottle 0.0041 451 181 463 204
bottle 0.0037 422 253 432 270
bottle 0.0035 328 322 349 370
bottle 0.0032 460 188 470 213
bottle 0.0028 465 187 487 216
bottle 0.0027 428 165 444 201
bottle 0.0026 379 291 416 323
bottle 0.0025 492 191 498 213
bottle 0.0025 490 199 498 222
bottle 0.0025 469 194 482 212
bottle 0.0024 480 195 492 210
bottle 0.0023 421 259 433 274
bottle 0.0022 471 201 482 217
bottle 0.0017 440 177 474 210
bottle 0.0015 37 151 50 193
bottle 0.0014 46 161 54 187
bottle 0.0014 493 159 499 186
bottle 0.0013 459 182 470 204
bottle 0.0012 430 173 441 194
bottle 0.0011 44 156 57 189
bottle 0.0011 297 326 372 372
bottle 0.0010 447 185 484 215
chair 0.0100 93 93 221 328
chair 0.0070 222 168 329 232
chair 0.0044 210 145 310 250
chair 0.0029 434 115 496 189
chair 0.0028 194 178 240 253
chair 0.0019 275 184 362 240
chair 0.0019 476 206 501 299
chair 0.0018 488 186 499 236
chair 0.0013 7 144 90 325
chair 0.0010 296 162 349 185
cow 0.0032 385 169 503 270
diningtable 0.5728 385 169 503 270
diningtable 0.0204 387 178 511 219
diningtable 0.0178 7 144 90 325
diningtable 0.0074 224 147 343 247
diningtable 0.0052 423 187 510 240
diningtable 0.0029 427 199 507 267
diningtable 0.0026 393 221 507 279
diningtable 0.0025 427 116 488 186
diningtable 0.0023 243 168 356 227
diningtable 0.0018 383 156 481 207
diningtable 0.0014 79 91 207 327
diningtable 0.0010 392 250 507 288
motorbike 0.0025 7 144 90 325
person 0.9906 78 79 209 310
person 0.9630 433 108 494 180
person 0.9097 5 122 47 183
person 0.8333 340 125 416 267
person 0.8153 60 117 100 174
person 0.8030 190 287 322 379
person 0.7368 266 225 408 379
person 0.1217 1 115 47 281
person 0.1014 280 217 395 323
person 0.0289 329 161 479 268
person 0.0194 199 257 378 377
person 0.0181 362 127 425 190
person 0.0147 111 88 146 123
person 0.0141 490 147 500 197
person 0.0131 298 214 374 289
person 0.0118 7 127 40 164
person 0.0115 103 82 139 149
person 0.0098 374 154 502 241
person 0.0088 0 122 9 185
person 0.0078 336 177 408 328
person 0.0074 82 111 124 175
person 0.0069 300 188 369 241
person 0.0068 0 79 30 349
person 0.0066 493 159 499 186
person 0.0065 265 173 400 270
person 0.0054 488 186 499 236
person 0.0051 371 127 444 234
person 0.0050 20 129 42 178
person 0.0048 422 176 510 218
person 0.0047 2 124 83 181
person 0.0044 5 137 86 296
person 0.0042 4 128 25 176
person 0.0036 64 97 142 219
person 0.0032 11 135 38 185
person 0.0032 385 102 502 187
person 0.0031 1 104 20 293
person 0.0031 387 136 428 213
person 0.0029 53 113 113 201
person 0.0028 68 125 108 161
person 0.0026 353 135 401 223
person 0.0026 2 123 58 383
person 0.0025 317 208 387 265
person 0.0023 85 79 153 198
person 0.0022 472 124 500 189
person 0.0021 99 97 139 178
person 0.0020 491 159 499 224
person 0.0019 294 137 438 315
person 0.0019 65 120 96 155
person 0.0018 383 156 481 207
person 0.0018 51 117 120 271
person 0.0017 316 139 400 289
person 0.0017 475 162 500 234
person 0.0016 449 142 492 209
person 0.0015 280 244 317 306
person 0.0015 110 91 132 133
person 0.0014 98 292 245 374
person 0.0014 493 107 500 201
person 0.0014 372 142 412 244
person 0.0013 368 148 451 281
person 0.0012 352 154 429 232
person 0.0012 294 166 371 224
person 0.0012 468 158 502 186
person 0.0012 -1 112 56 206
person 0.0012 53 124 76 166
person 0.0011 380 175 491 221
person 0.0011 494 149 499 180
person 0.0011 352 115 464 194
person 0.0010 224 147 343 247
pottedplant 0.0101 281 157 356 201
pottedplant 0.0100 296 168 350 192
pottedplant 0.0025 299 163 360 185
pottedplant 0.0011 488 186 499 236
pottedplant 0.0011 199 139 278 176
pottedplant 0.0010 295 173 349 205
sofa 0.0010 224 147 343 247
