bottle 0.0013 260 0 318 11
bus 0.0071 82 122 248 477
bus 0.0039 331 111 482 481
bus 0.0020 11 131 146 462
bus 0.0014 209 127 357 471
car 0.0056 82 122 248 477
car 0.0011 11 131 146 462
cat 0.0014 90 207 245 491
chair 0.0106 90 207 245 491
diningtable 0.0013 90 207 245 491
dog 0.0015 90 207 245 491
horse 0.0014 90 207 245 491
motorbike 0.0026 82 122 248 477
motorbike 0.0017 11 131 146 462
person 0.9995 328 170 490 500
person 0.9987 86 150 245 501
person 0.9912 3 151 115 485
person 0.9888 216 166 367 498
person 0.0218 188 128 309 460
person 0.0205 221 168 287 501
person 0.0107 484 169 495 425
person 0.0104 28 97 317 493
person 0.0099 480 133 494 345
person 0.0095 470 127 495 466
person 0.0094 444 129 495 463
person 0.0085 378 65 488 442
person 0.0044 -2 107 19 522
person 0.0026 -2 80 48 513
person 0.0026 142 148 426 507
person 0.0021 439 75 494 327
person 0.0014 -2 153 6 478
person 0.0013 277 128 440 466
person 0.0010 410 115 486 325
sofa 0.0011 90 207 245 491
train 0.0041 28 97 317 493
train 0.0020 11 131 146 462
