bottle 0.0010 330 16 349 76
chair 0.9842 417 14 477 76
chair 0.9612 290 13 338 71
chair 0.9225 336 13 378 74
chair 0.8471 157 22 207 73
chair 0.8373 375 15 415 74
chair 0.6712 218 15 261 79
chair 0.0234 329 19 414 73
chair 0.0151 284 19 384 71
chair 0.0049 353 16 386 75
chair 0.0024 393 2 484 89
chair 0.0018 443 14 486 72
chair 0.0013 216 20 257 54
chair 0.0013 186 19 269 74
chair 0.0012 239 15 320 74
cow 0.0013 336 13 378 74
cow 0.0012 290 13 338 71
diningtable 0.0261 284 19 384 71
diningtable 0.0110 329 19 414 73
diningtable 0.0040 336 13 378 74
diningtable 0.0010 156 20 231 73
diningtable 0.0010 289 10 341 72
tvmonitor 0.0012 219 21 262 82
