bicycle 0.0011 61 -37 496 363
bus 0.0298 -2 194 64 354
bus 0.0106 4 216 113 316
bus 0.0043 1 217 64 284
bus 0.0034 15 58 179 324
bus 0.0026 -4 247 117 349
bus 0.0025 8 273 42 350
bus 0.0025 11 19 352 368
bus 0.0018 0 267 24 355
bus 0.0012 10 203 50 276
car 0.0119 -2 217 63 365
car 0.0103 8 273 42 350
car 0.0087 14 298 42 362
car 0.0085 -3 322 35 347
car 0.0065 126 335 275 364
car 0.0048 0 267 24 355
car 0.0046 6 219 81 283
car 0.0041 30 221 104 368
car 0.0036 -3 314 33 339
car 0.0026 4 216 113 316
car 0.0022 25 298 60 364
car 0.0021 -5 331 36 356
car 0.0019 0 279 61 342
car 0.0016 20 318 29 335
car 0.0016 24 317 40 353
car 0.0016 10 249 83 373
car 0.0014 16 319 34 351
car 0.0013 86 328 198 371
car 0.0012 47 222 80 287
car 0.0012 30 212 63 288
car 0.0011 0 315 7 337
car 0.0011 0 216 8 283
person 0.9999 42 11 469 377
person 0.0159 10 203 50 276
person 0.0126 27 202 59 278
person 0.0088 47 260 58 275
person 0.0083 79 136 98 176
person 0.0031 73 137 93 174
person 0.0023 53 233 67 282
person 0.0021 110 147 149 176
person 0.0020 39 260 50 273
person 0.0018 83 149 95 173
person 0.0015 44 239 62 278
person 0.0012 29 45 219 342
person 0.0012 19 250 28 271
person 0.0011 0 173 63 298
person 0.0010 25 298 60 364
train 0.0038 0 186 64 322
train 0.0035 1 217 64 284
