bicycle 0.0018 269 259 277 279
bottle 0.0038 269 259 277 279
car 0.0012 269 259 277 279
car 0.0012 475 234 497 287
chair 0.0037 269 259 277 279
motorbike 0.0012 269 259 277 279
person 0.9993 363 207 420 339
person 0.9967 208 206 271 370
person 0.1789 478 240 494 298
person 0.1664 16 255 32 288
person 0.1106 437 253 455 288
person 0.0742 161 246 197 309
person 0.0730 36 257 54 287
person 0.0719 45 259 56 283
person 0.0606 269 259 277 279
person 0.0257 430 253 447 289
person 0.0146 487 239 499 298
person 0.0126 471 246 483 292
person 0.0119 206 282 222 332
person 0.0117 27 260 38 281
person 0.0114 433 265 443 287
person 0.0112 482 261 490 293
person 0.0093 24 256 40 287
person 0.0085 447 251 462 287
person 0.0071 422 269 433 285
person 0.0059 450 257 460 282
person 0.0055 398 252 427 327
person 0.0054 8 257 40 285
person 0.0051 261 260 269 278
person 0.0048 441 264 451 287
person 0.0043 472 255 480 282
person 0.0040 7 253 26 288
person 0.0037 165 247 186 294
person 0.0033 412 268 423 286
person 0.0032 361 242 397 332
person 0.0031 223 225 258 350
person 0.0028 490 261 496 294
person 0.0026 163 264 187 308
person 0.0025 266 255 280 279
person 0.0024 205 233 237 347
person 0.0022 10 266 21 287
person 0.0020 257 251 273 286
person 0.0020 269 252 276 272
person 0.0020 461 257 471 278
person 0.0019 32 264 68 288
person 0.0019 242 256 275 365
person 0.0017 458 249 474 285
person 0.0015 255 256 270 300
person 0.0012 259 268 267 285
person 0.0012 462 225 491 290
person 0.0011 13 262 52 288
person 0.0010 320 260 328 278
person 0.0010 481 261 494 307
pottedplant 0.0077 269 259 277 279
pottedplant 0.0021 306 213 333 283
