cat 0.0019 188 159 400 283
cat 0.0016 203 165 283 224
cat 0.0013 270 165 371 232
chair 0.9666 423 128 474 216
chair 0.8623 246 115 285 167
chair 0.1997 183 131 248 183
chair 0.0734 283 117 348 162
chair 0.0702 334 118 411 166
chair 0.0182 193 150 398 240
chair 0.0176 353 127 422 189
chair 0.0139 392 144 425 207
chair 0.0133 449 112 488 164
chair 0.0079 279 115 316 163
chair 0.0071 367 113 410 137
chair 0.0071 373 141 416 205
chair 0.0071 176 127 239 225
chair 0.0069 400 115 490 203
chair 0.0068 312 130 404 181
chair 0.0062 475 121 501 384
chair 0.0058 339 145 407 201
chair 0.0055 486 146 501 363
chair 0.0051 193 152 429 305
chair 0.0050 244 111 266 158
chair 0.0048 284 123 432 191
chair 0.0044 371 113 410 170
chair 0.0041 284 141 420 221
chair 0.0041 270 165 371 232
chair 0.0038 203 165 283 224
chair 0.0036 478 144 503 255
chair 0.0029 344 128 395 161
chair 0.0029 465 121 486 166
chair 0.0024 197 121 288 165
chair 0.0021 275 128 362 175
chair 0.0021 187 123 307 192
chair 0.0019 0 163 55 387
chair 0.0016 340 137 382 166
chair 0.0013 356 119 404 148
chair 0.0011 356 137 401 168
chair 0.0010 484 218 500 402
cow 0.0030 173 158 453 352
diningtable 0.0095 193 150 398 240
diningtable 0.0078 173 158 453 352
diningtable 0.0054 334 118 411 166
diningtable 0.0043 243 119 286 166
diningtable 0.0015 312 130 404 181
diningtable 0.0014 353 127 422 189
diningtable 0.0012 267 116 333 164
diningtable 0.0011 183 131 248 183
dog 0.0042 203 165 283 224
dog 0.0029 188 159 400 283
dog 0.0019 270 165 371 232
person 0.5815 188 159 400 283
person 0.3758 241 146 402 233
person 0.0752 270 165 371 232
person 0.0321 190 141 322 236
person 0.0176 203 165 283 224
person 0.0111 311 160 390 228
person 0.0046 221 171 334 225
person 0.0015 339 154 381 193
person 0.0013 339 145 407 201
person 0.0013 312 130 404 181
person 0.0010 173 158 453 352
sofa 0.9694 182 152 409 302
sofa 0.0499 241 146 402 233
sofa 0.0112 309 117 407 165
sofa 0.0066 284 123 432 191
sofa 0.0030 337 127 410 185
sofa 0.0015 243 119 286 166
sofa 0.0011 270 165 371 232
tvmonitor 0.9952 64 124 139 195
