aeroplane 0.0014 443 312 511 338
bicycle 0.8074 204 280 310 330
bicycle 0.8035 347 278 446 333
bicycle 0.7861 217 257 293 326
bicycle 0.3547 259 288 378 330
bicycle 0.3180 436 285 495 336
bicycle 0.1465 362 252 432 324
bicycle 0.0086 474 279 498 338
bicycle 0.0055 480 255 498 332
bicycle 0.0049 454 264 499 328
bicycle 0.0034 363 269 492 339
bicycle 0.0030 491 266 500 350
bicycle 0.0016 414 272 501 329
bicycle 0.0015 392 304 522 343
bicycle 0.0011 165 287 284 327
boat 0.0033 445 303 506 333
boat 0.0032 436 285 495 336
boat 0.0015 491 266 500 350
boat 0.0010 462 308 504 342
chair 0.0018 358 283 453 334
chair 0.0013 259 288 378 330
motorbike 0.0178 206 258 289 328
motorbike 0.0018 368 254 441 335
person 0.9663 225 245 286 317
person 0.8484 361 240 434 322
person 0.0025 492 255 500 340
person 0.0016 480 255 498 332
person 0.0014 226 266 314 327
person 0.0010 454 264 499 328
