bicycle 0.8792 228 220 293 322
bicycle 0.5816 142 223 228 364
bicycle 0.4024 338 224 414 329
bicycle 0.2851 269 216 402 316
bicycle 0.1306 214 217 275 289
bicycle 0.1081 275 199 354 308
bicycle 0.0471 129 203 204 344
bicycle 0.0267 224 169 283 299
bicycle 0.0165 129 223 189 289
bicycle 0.0145 264 174 332 294
bicycle 0.0063 220 193 261 280
bicycle 0.0062 212 217 244 289
bicycle 0.0061 291 210 339 299
bicycle 0.0056 259 204 298 304
bicycle 0.0052 292 234 378 302
bicycle 0.0046 247 251 294 319
bicycle 0.0038 225 82 288 125
bicycle 0.0034 164 168 228 334
bicycle 0.0032 215 176 276 251
bicycle 0.0026 238 217 314 294
bicycle 0.0022 274 209 321 293
bicycle 0.0021 227 62 263 89
bicycle 0.0019 269 65 278 85
bicycle 0.0019 228 68 239 84
bicycle 0.0019 235 84 272 110
bicycle 0.0017 149 253 240 336
bicycle 0.0016 249 67 260 84
bicycle 0.0011 276 89 311 123
bicycle 0.0011 235 73 272 99
bicycle 0.0011 367 229 410 317
bicycle 0.0011 224 62 243 88
bicycle 0.0010 237 184 274 285
bird 0.0020 231 135 256 172
bird 0.0018 371 32 385 46
bird 0.0014 285 165 300 184
bird 0.0010 235 143 254 163
boat 0.0043 225 82 288 125
bottle 0.0212 323 152 336 194
bottle 0.0061 220 105 230 123
bottle 0.0061 326 159 334 187
bottle 0.0040 196 132 213 173
bottle 0.0035 371 32 385 46
bottle 0.0031 229 104 238 124
bottle 0.0030 209 94 222 115
bottle 0.0030 317 140 330 187
bottle 0.0025 228 68 239 84
bottle 0.0025 326 152 333 176
bottle 0.0024 220 97 230 116
bottle 0.0022 229 96 239 115
bottle 0.0019 276 89 311 123
bottle 0.0019 208 88 221 105
bottle 0.0019 206 88 226 122
bottle 0.0017 200 141 210 162
bottle 0.0015 249 67 260 84
bottle 0.0015 285 95 301 114
bottle 0.0013 286 89 299 102
bottle 0.0013 224 66 232 85
bottle 0.0012 211 104 222 122
bottle 0.0011 285 104 300 121
bottle 0.0011 320 150 327 176
bottle 0.0010 173 117 188 169
bus 0.0034 264 52 281 83
bus 0.0014 267 59 278 77
car 0.0137 267 59 278 77
car 0.0091 264 52 281 83
car 0.0015 267 51 277 67
cat 0.0014 280 89 306 122
cat 0.0012 235 90 273 121
chair 0.2281 276 89 311 123
chair 0.2032 206 88 226 122
chair 0.0697 171 106 200 173
chair 0.0592 179 128 213 161
chair 0.0539 281 95 305 129
chair 0.0360 290 95 312 132
chair 0.0332 196 132 213 173
chair 0.0330 216 98 235 129
chair 0.0284 273 89 296 121
chair 0.0236 220 105 230 123
chair 0.0193 173 117 188 169
chair 0.0189 173 134 204 171
chair 0.0186 148 124 183 190
chair 0.0148 209 94 222 115
chair 0.0140 225 89 243 123
chair 0.0139 171 88 188 142
chair 0.0122 293 105 313 142
chair 0.0121 185 137 208 186
chair 0.0119 301 108 323 143
chair 0.0105 208 91 242 122
chair 0.0103 208 88 221 105
chair 0.0103 220 97 230 116
chair 0.0097 263 90 284 120
chair 0.0096 201 86 216 126
chair 0.0079 296 118 330 149
chair 0.0077 211 104 222 122
chair 0.0076 187 92 206 138
chair 0.0076 224 117 245 154
chair 0.0074 185 113 208 156
chair 0.0072 174 116 196 154
chair 0.0071 203 130 235 186
chair 0.0070 235 84 272 110
chair 0.0066 228 68 239 84
chair 0.0065 303 110 337 168
chair 0.0061 301 98 321 132
chair 0.0061 152 127 214 181
chair 0.0058 281 82 303 115
chair 0.0057 175 90 195 141
chair 0.0056 226 108 243 141
chair 0.0053 217 104 236 143
chair 0.0051 224 66 232 85
chair 0.0050 217 123 235 164
chair 0.0050 229 104 238 124
chair 0.0048 265 84 303 111
chair 0.0048 206 103 226 144
chair 0.0041 174 130 228 179
chair 0.0041 202 98 232 128
chair 0.0040 229 96 239 115
chair 0.0039 243 69 265 101
chair 0.0039 205 123 225 164
chair 0.0034 269 78 279 90
chair 0.0034 285 104 300 121
chair 0.0034 285 95 301 114
chair 0.0032 267 89 280 102
chair 0.0031 264 99 304 126
chair 0.0031 310 106 332 144
chair 0.0028 269 65 278 85
chair 0.0028 259 78 269 91
chair 0.0027 286 89 299 102
chair 0.0027 278 88 290 101
chair 0.0027 244 61 264 90
chair 0.0026 249 67 260 84
chair 0.0024 291 81 310 115
chair 0.0024 203 94 211 116
chair 0.0024 224 62 243 88
chair 0.0024 295 96 308 114
chair 0.0023 222 60 235 91
chair 0.0022 296 90 307 103
chair 0.0022 278 79 288 92
chair 0.0022 240 68 250 84
chair 0.0022 277 96 290 114
chair 0.0021 278 105 289 121
chair 0.0020 254 82 274 111
chair 0.0020 296 105 307 122
chair 0.0020 222 167 266 261
chair 0.0020 268 97 279 113
chair 0.0019 315 113 347 169
chair 0.0019 284 106 304 139
chair 0.0019 259 89 270 102
chair 0.0018 291 92 330 121
chair 0.0018 224 58 232 76
chair 0.0017 217 77 233 118
chair 0.0017 260 67 268 85
chair 0.0016 196 116 215 155
chair 0.0016 228 90 265 120
chair 0.0016 205 111 235 168
chair 0.0016 264 181 282 222
chair 0.0016 229 89 240 103
chair 0.0016 265 69 283 101
chair 0.0015 284 85 319 111
chair 0.0015 207 146 238 206
chair 0.0014 128 216 173 290
chair 0.0014 202 84 230 111
chair 0.0014 224 69 243 100
chair 0.0014 188 136 222 170
chair 0.0014 229 78 239 91
chair 0.0014 306 107 317 122
chair 0.0013 248 77 261 91
chair 0.0013 221 89 229 104
chair 0.0013 223 77 230 92
diningtable 0.0291 276 89 311 123
diningtable 0.0077 179 128 213 161
diningtable 0.0054 174 130 228 179
diningtable 0.0054 206 88 226 122
diningtable 0.0051 225 82 288 125
diningtable 0.0041 190 132 254 181
diningtable 0.0040 169 123 201 183
diningtable 0.0040 152 127 214 181
diningtable 0.0038 286 114 349 162
diningtable 0.0032 213 161 277 230
diningtable 0.0030 265 150 331 204
diningtable 0.0025 208 91 242 122
diningtable 0.0024 283 98 319 130
diningtable 0.0022 187 119 259 161
diningtable 0.0020 264 95 330 139
diningtable 0.0017 260 134 333 185
diningtable 0.0015 243 136 307 183
diningtable 0.0015 265 84 303 111
diningtable 0.0014 211 130 275 181
diningtable 0.0013 202 98 232 128
diningtable 0.0012 165 175 230 250
diningtable 0.0012 235 84 272 110
diningtable 0.0011 294 111 330 141
diningtable 0.0010 222 120 291 162
diningtable 0.0010 150 229 238 360
diningtable 0.0010 303 110 337 168
dog 0.0051 276 89 311 123
dog 0.0018 235 84 272 110
motorbike 0.3936 296 222 419 323
motorbike 0.3341 142 223 228 364
motorbike 0.0120 129 203 204 344
motorbike 0.0047 128 216 173 290
motorbike 0.0044 264 174 332 294
motorbike 0.0031 340 233 414 338
motorbike 0.0030 228 215 331 311
motorbike 0.0019 223 155 281 277
motorbike 0.0016 275 199 354 308
motorbike 0.0012 244 61 264 90
motorbike 0.0011 269 65 278 85
person 0.9833 323 136 387 300
person 0.8515 166 158 228 274
person 0.7672 217 156 274 274
person 0.1385 235 159 274 231
person 0.0736 148 173 223 332
person 0.0464 265 159 332 276
person 0.0440 269 65 278 85
person 0.0393 276 89 311 123
person 0.0307 267 59 278 77
person 0.0297 134 215 177 292
person 0.0286 228 68 239 84
person 0.0282 299 159 338 231
person 0.0269 244 61 264 90
person 0.0226 264 52 281 83
person 0.0224 249 67 260 84
person 0.0171 260 67 268 85
person 0.0162 249 59 258 77
person 0.0155 219 145 262 215
person 0.0150 209 132 278 233
person 0.0145 278 69 286 86
person 0.0141 303 129 369 270
person 0.0124 224 66 232 85
person 0.0118 224 58 232 76
person 0.0098 241 60 250 75
person 0.0092 341 181 404 328
person 0.0091 284 136 347 261
person 0.0091 129 196 190 314
person 0.0088 240 68 250 84
person 0.0087 228 61 238 76
person 0.0086 261 59 268 77
person 0.0081 270 177 316 257
person 0.0079 206 174 237 254
person 0.0069 278 79 288 92
person 0.0068 269 78 279 90
person 0.0068 263 165 298 225
person 0.0064 281 82 303 115
person 0.0063 222 42 230 55
person 0.0063 224 62 243 88
person 0.0062 206 88 226 122
person 0.0050 166 160 207 243
person 0.0046 256 59 272 91
person 0.0041 222 52 235 85
person 0.0041 266 165 330 223
person 0.0039 259 78 269 91
person 0.0038 224 49 230 66
person 0.0035 337 154 375 274
person 0.0035 243 69 265 101
person 0.0034 242 53 251 66
person 0.0034 220 193 261 280
person 0.0034 273 81 295 114
person 0.0033 236 60 255 90
person 0.0033 168 177 203 288
person 0.0033 225 82 288 125
person 0.0029 226 73 259 129
person 0.0029 281 170 381 286
person 0.0025 250 174 312 298
person 0.0025 265 69 283 101
person 0.0025 189 146 253 284
person 0.0025 295 187 335 280
person 0.0024 287 80 296 94
person 0.0023 265 84 303 111
person 0.0023 288 70 296 85
person 0.0022 312 151 348 240
person 0.0022 265 189 300 280
person 0.0021 249 51 257 66
person 0.0020 229 78 239 91
person 0.0020 226 55 265 81
person 0.0020 274 61 289 92
person 0.0019 274 70 292 102
person 0.0019 286 89 299 102
person 0.0018 237 184 274 285
person 0.0016 172 92 199 155
person 0.0015 183 128 216 180
person 0.0014 248 77 261 91
person 0.0013 221 41 234 76
person 0.0012 245 42 261 77
person 0.0012 263 82 284 112
person 0.0012 240 54 274 113
person 0.0011 254 69 272 101
person 0.0011 314 124 345 190
person 0.0011 207 186 302 276
person 0.0011 281 95 305 129
person 0.0011 305 128 414 325
person 0.0011 224 69 243 100
person 0.0011 278 88 290 101
person 0.0011 264 78 294 127
person 0.0010 172 109 189 160
person 0.0010 169 123 201 183
person 0.0010 171 88 188 142
person 0.0010 283 70 300 104
pottedplant 0.9582 449 96 490 185
pottedplant 0.4026 383 63 413 132
pottedplant 0.2729 231 135 256 172
pottedplant 0.0917 261 143 284 181
pottedplant 0.0658 236 99 273 132
pottedplant 0.0649 224 121 247 165
pottedplant 0.0540 252 105 273 144
pottedplant 0.0430 225 82 288 125
pottedplant 0.0419 392 47 418 125
pottedplant 0.0407 373 68 389 121
pottedplant 0.0390 390 35 412 60
pottedplant 0.0378 396 55 416 98
pottedplant 0.0363 282 157 303 190
pottedplant 0.0351 296 118 330 149
pottedplant 0.0319 241 108 268 141
pottedplant 0.0309 301 146 338 212
pottedplant 0.0281 207 146 238 206
pottedplant 0.0279 226 132 288 178
pottedplant 0.0272 209 132 278 233
pottedplant 0.0263 254 137 276 173
pottedplant 0.0250 371 32 385 46
pottedplant 0.0205 219 145 262 215
pottedplant 0.0200 304 125 338 192
pottedplant 0.0196 272 155 295 189
pottedplant 0.0178 310 123 333 163
pottedplant 0.0176 203 130 235 186
pottedplant 0.0174 258 134 293 187
pottedplant 0.0170 323 152 336 194
pottedplant 0.0169 222 129 260 184
pottedplant 0.0123 265 150 331 204
pottedplant 0.0122 262 145 297 208
pottedplant 0.0122 315 113 347 169
pottedplant 0.0119 314 131 331 176
pottedplant 0.0117 388 92 408 135
pottedplant 0.0115 235 84 272 110
pottedplant 0.0115 222 120 291 162
pottedplant 0.0111 239 143 280 216
pottedplant 0.0103 206 88 226 122
pottedplant 0.0100 290 166 312 196
pottedplant 0.0093 229 104 238 124
pottedplant 0.0090 378 67 395 122
pottedplant 0.0089 243 135 263 173
pottedplant 0.0086 285 165 300 184
pottedplant 0.0084 228 90 265 120
pottedplant 0.0083 396 81 414 130
pottedplant 0.0083 225 98 242 130
pottedplant 0.0079 220 105 230 123
pottedplant 0.0073 226 108 243 141
pottedplant 0.0068 471 93 497 185
pottedplant 0.0063 235 143 254 163
pottedplant 0.0061 323 120 338 167
pottedplant 0.0060 217 123 235 164
pottedplant 0.0058 293 173 309 190
pottedplant 0.0054 287 171 300 189
pottedplant 0.0053 208 88 221 105
pottedplant 0.0053 286 114 349 162
pottedplant 0.0049 228 68 239 84
pottedplant 0.0048 229 96 239 115
pottedplant 0.0048 266 166 301 194
pottedplant 0.0045 258 123 269 144
pottedplant 0.0045 222 167 266 261
pottedplant 0.0044 190 132 254 181
pottedplant 0.0044 265 139 334 259
pottedplant 0.0044 265 145 280 163
pottedplant 0.0040 301 108 323 143
pottedplant 0.0040 264 152 281 172
pottedplant 0.0040 236 150 253 172
pottedplant 0.0038 224 66 232 85
pottedplant 0.0038 391 54 407 118
pottedplant 0.0036 229 115 240 132
pottedplant 0.0035 234 144 274 177
pottedplant 0.0035 238 113 276 170
pottedplant 0.0035 263 98 281 129
pottedplant 0.0034 285 115 347 243
pottedplant 0.0034 226 73 259 129
pottedplant 0.0033 276 89 311 123
pottedplant 0.0033 283 160 318 189
pottedplant 0.0032 442 96 472 181
pottedplant 0.0032 256 151 273 171
pottedplant 0.0032 209 94 222 115
pottedplant 0.0029 266 161 282 181
pottedplant 0.0029 275 163 292 183
pottedplant 0.0028 291 170 331 197
pottedplant 0.0028 256 114 270 135
pottedplant 0.0027 220 97 230 116
pottedplant 0.0027 366 46 394 122
pottedplant 0.0027 326 159 334 187
pottedplant 0.0027 392 32 411 78
pottedplant 0.0026 216 98 235 129
pottedplant 0.0026 256 144 273 163
pottedplant 0.0025 241 92 283 120
pottedplant 0.0025 256 127 274 162
pottedplant 0.0025 326 152 333 176
pottedplant 0.0024 304 126 325 158
pottedplant 0.0024 206 167 228 200
pottedplant 0.0024 262 105 280 143
pottedplant 0.0024 399 39 411 58
pottedplant 0.0023 267 172 280 189
pottedplant 0.0023 260 134 333 185
pottedplant 0.0022 267 105 278 121
sofa 0.0156 276 89 311 123
sofa 0.0039 179 128 213 161
sofa 0.0039 225 82 288 125
sofa 0.0025 202 89 232 122
sofa 0.0024 213 161 277 230
sofa 0.0013 264 95 330 139
sofa 0.0010 283 98 319 130
train 0.0019 264 52 281 83
tvmonitor 0.0196 206 88 226 122
tvmonitor 0.0073 208 88 221 105
tvmonitor 0.0063 391 39 410 55
tvmonitor 0.0043 209 94 222 115
tvmonitor 0.0038 385 36 415 59
tvmonitor 0.0035 373 68 389 121
tvmonitor 0.0029 276 89 311 123
tvmonitor 0.0022 233 142 257 179
tvmonitor 0.0020 220 105 230 123
tvmonitor 0.0019 238 107 272 140
tvmonitor 0.0018 171 88 188 142
tvmonitor 0.0017 396 55 416 98
tvmonitor 0.0014 296 118 330 149
tvmonitor 0.0013 220 97 230 116
tvmonitor 0.0012 216 90 234 123
tvmonitor 0.0011 211 104 222 122
tvmonitor 0.0010 187 92 206 138
tvmonitor 0.0010 228 68 239 84
