horse 0.0011 314 203 328 257
motorbike 0.0020 5 -3 320 390
person 0.9852 375 204 403 295
person 0.5901 314 203 328 257
person 0.0602 309 185 334 254
person 0.0339 441 222 458 277
person 0.0294 308 203 322 256
person 0.0213 321 203 337 255
person 0.0206 335 202 347 240
person 0.0182 367 203 392 279
person 0.0055 416 219 444 297
person 0.0054 445 230 464 282
person 0.0046 337 216 344 239
person 0.0038 360 208 378 254
person 0.0036 341 201 356 240
person 0.0030 397 212 423 294
person 0.0028 317 212 326 246
person 0.0019 446 221 462 263
person 0.0016 345 209 353 235
person 0.0013 326 209 335 233
person 0.0012 325 217 334 240
person 0.0012 494 195 500 284
person 0.0011 309 208 318 232
person 0.0010 380 210 397 271
person 0.0010 351 210 370 249
train 0.9990 4 67 319 380
train 0.0012 52 3 279 311
