bicycle 0.0027 113 61 404 282
boat 0.0027 129 67 510 314
bottle 0.0027 373 167 391 214
bottle 0.0011 422 182 454 262
cat 0.0156 146 62 410 281
chair 0.0813 422 182 454 262
chair 0.0130 373 170 401 229
chair 0.0053 104 55 455 318
chair 0.0042 420 189 482 260
chair 0.0042 345 171 402 224
chair 0.0033 377 175 491 299
chair 0.0018 483 165 499 318
chair 0.0013 406 174 463 308
diningtable 0.0080 129 67 510 314
diningtable 0.0042 377 175 491 299
person 0.9983 8 94 159 310
person 0.9948 112 60 406 315
person 0.9874 148 121 211 214
person 0.3669 15 124 48 176
person 0.1336 23 127 48 159
person 0.0561 104 146 152 221
person 0.0262 66 124 149 244
person 0.0133 0 120 89 289
person 0.0053 26 131 44 152
person 0.0043 177 126 222 206
person 0.0041 142 127 221 274
person 0.0037 5 143 45 176
person 0.0032 5 112 55 261
person 0.0026 164 144 229 218
person 0.0024 15 134 38 170
person 0.0021 1 132 14 315
person 0.0021 25 118 58 151
person 0.0017 18 134 64 163
person 0.0013 7 129 42 234
person 0.0012 124 63 293 267
person 0.0010 483 165 499 318
person 0.0010 143 96 264 217
pottedplant 0.0037 464 102 491 192
pottedplant 0.0029 373 170 401 229
pottedplant 0.0025 474 88 497 201
pottedplant 0.0025 376 165 394 216
pottedplant 0.0020 474 134 499 170
pottedplant 0.0012 191 71 437 308
pottedplant 0.0011 344 167 402 217
sofa 0.0055 129 67 510 314
tvmonitor 0.0047 113 61 404 282
