boat 0.0037 4 215 440 345
bottle 0.7725 307 234 335 321
bottle 0.5425 312 175 327 225
bottle 0.3655 256 213 270 281
bottle 0.2299 306 178 322 223
bottle 0.1989 283 182 303 221
bottle 0.1923 208 196 222 243
bottle 0.1497 245 185 261 234
bottle 0.0969 261 187 282 234
bottle 0.0809 340 181 364 216
bottle 0.0686 321 206 337 252
bottle 0.0684 189 211 202 267
bottle 0.0586 247 215 271 301
bottle 0.0581 238 178 255 224
bottle 0.0561 187 207 213 277
bottle 0.0458 478 66 492 121
bottle 0.0405 181 224 194 272
bottle 0.0398 259 214 284 304
bottle 0.0354 199 197 214 244
bottle 0.0329 188 195 204 246
bottle 0.0317 228 218 252 302
bottle 0.0300 216 195 231 244
bottle 0.0279 313 193 330 246
bottle 0.0265 177 257 196 299
bottle 0.0247 263 191 289 253
bottle 0.0189 257 189 271 247
bottle 0.0189 315 226 345 311
bottle 0.0175 169 267 199 328
bottle 0.0174 188 227 201 286
bottle 0.0169 282 187 304 249
bottle 0.0165 294 182 309 221
bottle 0.0162 302 191 320 246
bottle 0.0150 187 277 206 315
bottle 0.0137 236 145 310 215
bottle 0.0116 249 214 263 280
bottle 0.0113 295 190 310 247
bottle 0.0111 180 204 197 257
bottle 0.0102 169 265 189 309
bottle 0.0092 370 171 386 229
bottle 0.0086 250 192 274 258
bottle 0.0083 244 188 310 233
bottle 0.0082 208 219 222 277
bottle 0.0073 348 168 370 214
bottle 0.0071 312 242 328 311
bottle 0.0071 263 211 279 268
bottle 0.0069 361 167 377 214
bottle 0.0059 244 172 263 214
bottle 0.0058 215 219 233 278
bottle 0.0055 237 210 251 269
bottle 0.0051 255 179 272 223
bottle 0.0051 315 183 325 217
bottle 0.0049 226 203 242 255
bottle 0.0045 156 190 178 230
bottle 0.0043 274 190 289 247
bottle 0.0043 237 191 252 245
bottle 0.0042 375 196 387 240
bottle 0.0041 227 217 244 279
bottle 0.0040 211 197 220 225
bottle 0.0037 192 199 202 222
bottle 0.0037 308 186 318 215
bottle 0.0036 217 179 231 225
bottle 0.0035 286 184 312 236
bottle 0.0035 470 71 485 116
bottle 0.0034 184 270 214 329
bottle 0.0033 193 193 203 211
bottle 0.0032 209 240 222 293
bottle 0.0030 308 179 319 203
bottle 0.0030 343 189 360 209
bottle 0.0030 312 164 326 206
bottle 0.0027 187 253 202 301
bottle 0.0026 286 174 299 191
bottle 0.0025 305 206 329 278
bottle 0.0023 304 164 329 217
bottle 0.0022 284 167 302 199
bottle 0.0021 241 178 277 237
bottle 0.0021 325 215 335 243
bottle 0.0020 297 188 306 216
bottle 0.0020 186 282 225 314
bottle 0.0020 305 182 337 221
bottle 0.0020 307 244 322 312
bottle 0.0020 212 191 220 214
bottle 0.0020 191 186 206 221
bottle 0.0019 476 49 495 132
bottle 0.0019 285 187 300 213
bottle 0.0018 191 229 199 267
bottle 0.0018 226 186 243 234
bottle 0.0018 343 160 360 207
bottle 0.0017 313 209 331 263
bottle 0.0017 287 180 299 201
bottle 0.0017 259 221 267 258
bottle 0.0016 169 228 188 267
bottle 0.0016 172 210 199 275
bottle 0.0016 240 188 251 213
bottle 0.0015 209 182 223 224
bottle 0.0015 248 194 258 224
bottle 0.0015 183 232 191 266
bottle 0.0015 305 166 322 203
bottle 0.0014 200 199 211 222
bottle 0.0014 334 192 369 224
bottle 0.0014 229 183 262 219
bottle 0.0013 153 276 216 325
chair 0.0123 38 230 399 343
chair 0.0058 227 145 301 215
diningtable 0.9996 43 210 447 346
diningtable 0.0120 227 145 301 215
diningtable 0.0041 244 188 310 233
dog 0.0010 340 181 364 216
motorbike 0.0010 230 135 302 207
person 0.9938 109 140 166 262
person 0.9480 66 158 115 290
person 0.9417 157 141 197 222
person 0.9233 235 135 308 206
person 0.7789 347 165 481 323
person 0.6367 -1 162 101 324
person 0.4798 358 131 434 245
person 0.3315 415 133 448 197
person 0.1967 406 158 503 332
person 0.1946 351 132 388 207
person 0.0604 420 135 453 174
person 0.0526 150 157 181 241
person 0.0509 342 153 379 218
person 0.0410 489 173 499 246
person 0.0346 359 134 381 170
person 0.0263 488 126 499 180
person 0.0236 135 133 196 242
person 0.0206 478 143 497 232
person 0.0191 351 123 369 163
person 0.0181 34 197 411 340
person 0.0173 400 129 456 245
person 0.0170 456 119 490 177
person 0.0147 418 140 440 182
person 0.0144 343 147 407 220
person 0.0143 369 139 416 231
person 0.0143 478 66 492 121
person 0.0136 491 131 498 211
person 0.0127 156 190 178 230
person 0.0124 342 172 363 214
person 0.0104 484 165 499 323
person 0.0104 463 134 488 169
person 0.0098 393 139 437 233
person 0.0096 284 83 316 140
person 0.0088 339 136 413 272
person 0.0082 478 138 496 185
person 0.0080 227 134 262 206
person 0.0070 165 150 188 195
person 0.0068 161 149 231 215
person 0.0068 345 118 377 182
person 0.0064 158 147 178 198
person 0.0063 369 165 385 218
person 0.0060 441 190 497 364
person 0.0053 415 124 439 165
person 0.0050 352 161 387 239
person 0.0047 481 184 497 235
person 0.0044 348 168 370 214
person 0.0044 108 156 143 278
person 0.0043 458 146 496 221
person 0.0043 359 144 380 199
person 0.0040 435 132 456 173
person 0.0039 481 201 498 360
person 0.0037 481 143 491 164
person 0.0036 492 182 499 273
person 0.0035 378 135 449 199
person 0.0032 410 124 427 164
person 0.0030 27 171 135 317
person 0.0029 157 162 177 219
person 0.0029 357 137 399 168
person 0.0029 413 153 449 248
person 0.0029 389 144 468 308
person 0.0028 361 167 377 214
person 0.0025 420 124 485 173
person 0.0025 363 142 377 161
person 0.0024 476 101 495 194
person 0.0023 455 129 477 161
person 0.0023 491 136 497 170
person 0.0018 341 97 374 161
person 0.0017 430 133 462 194
person 0.0017 69 160 108 224
person 0.0016 150 175 171 228
person 0.0016 239 123 249 141
person 0.0014 314 237 346 320
person 0.0014 441 136 499 191
person 0.0014 344 124 362 162
person 0.0014 348 152 372 193
person 0.0013 401 122 433 175
person 0.0013 328 127 391 240
person 0.0012 455 147 495 174
person 0.0012 96 153 159 326
person 0.0012 353 142 387 180
person 0.0011 356 141 366 160
person 0.0011 368 134 387 170
person 0.0011 446 128 464 162
person 0.0010 151 157 168 205
person 0.0010 469 140 500 350
person 0.0010 122 166 158 268
pottedplant 0.0074 415 0 484 110
pottedplant 0.0028 433 19 473 113
pottedplant 0.0019 478 71 496 184
pottedplant 0.0014 235 135 308 206
