bird 0.0020 213 49 359 515
bottle 0.9769 50 49 167 441
bottle 0.9720 202 50 343 454
bottle 0.0958 77 51 366 517
bottle 0.0053 141 -10 328 354
bottle 0.0015 42 154 172 335
bus 0.0013 213 49 359 515
car 0.0017 213 52 358 452
car 0.0014 45 61 174 489
chair 0.0095 45 61 174 489
chair 0.0029 10 17 367 489
chair 0.0018 213 49 359 515
dog 0.0011 45 61 174 489
horse 0.0275 213 49 359 515
horse 0.0105 45 61 174 489
motorbike 0.0045 45 61 174 489
motorbike 0.0036 14 53 367 515
motorbike 0.0025 213 49 359 515
person 0.0122 213 49 359 515
person 0.0082 10 17 367 489
person 0.0053 45 61 174 489
