boat 0.0270 486 158 501 219
bottle 0.0534 1 221 18 320
bottle 0.0251 0 239 8 314
bottle 0.0103 0 197 6 298
bottle 0.0010 0 152 13 316
bus 0.0075 486 158 501 219
chair 0.0208 486 158 501 219
chair 0.0061 66 185 195 321
chair 0.0031 38 183 130 321
chair 0.0027 436 258 496 318
chair 0.0027 445 199 495 258
chair 0.0013 399 286 504 330
chair 0.0012 0 192 16 319
chair 0.0010 0 239 8 314
diningtable 0.0017 486 158 501 219
person 0.9864 223 188 294 324
person 0.9480 160 202 232 327
person 0.8803 290 129 378 337
person 0.6195 85 197 174 332
person 0.2777 104 184 229 321
person 0.0472 276 120 361 275
person 0.0367 18 161 189 328
person 0.0250 261 163 342 332
person 0.0150 38 183 130 321
person 0.0150 242 151 309 323
person 0.0108 123 154 294 332
person 0.0035 266 118 328 244
person 0.0032 177 113 326 318
person 0.0029 280 128 319 228
person 0.0023 0 215 7 299
person 0.0018 191 144 312 269
person 0.0016 1 221 18 320
person 0.0014 183 166 261 227
person 0.0011 237 196 279 308
person 0.0011 103 199 177 268
pottedplant 0.0178 486 158 501 219
pottedplant 0.0011 0 239 8 314
sofa 0.0025 123 154 294 332
sofa 0.0022 104 184 229 321
sofa 0.0012 486 158 501 219
train 0.0051 486 158 501 219
tvmonitor 0.6994 449 199 497 257
tvmonitor 0.3320 486 158 501 219
tvmonitor 0.0349 471 169 499 254
tvmonitor 0.0261 436 258 496 318
tvmonitor 0.0090 441 182 501 284
tvmonitor 0.0059 479 176 497 220
tvmonitor 0.0036 399 286 504 330
tvmonitor 0.0035 456 165 500 227
tvmonitor 0.0013 492 132 500 216
tvmonitor 0.0013 463 209 488 250
tvmonitor 0.0012 474 254 498 324
tvmonitor 0.0011 475 201 498 238
tvmonitor 0.0010 488 182 500 234
