bicycle 0.0012 370 275 492 385
boat 0.0010 92 193 536 378
chair 0.9561 73 160 131 344
chair 0.1412 370 275 492 385
chair 0.0520 158 95 217 144
chair 0.0343 413 117 498 244
chair 0.0147 313 106 354 181
chair 0.0129 65 119 119 279
chair 0.0104 351 120 404 198
chair 0.0095 118 132 475 350
chair 0.0076 85 169 123 302
chair 0.0030 69 150 178 367
chair 0.0013 314 221 506 384
chair 0.0013 480 137 501 253
chair 0.0013 223 94 293 148
chair 0.0012 482 264 500 396
diningtable 0.9998 102 140 522 373
diningtable 0.0012 158 95 217 144
diningtable 0.0010 73 140 130 298
person 0.0017 63 106 464 371
pottedplant 0.0015 63 106 464 371
