aeroplane 0.0173 6 253 25 295
aeroplane 0.0131 394 257 420 293
aeroplane 0.0115 81 254 100 295
bicycle 0.0037 83 245 99 294
bicycle 0.0017 395 248 418 294
bicycle 0.0016 12 243 27 294
boat 0.9812 245 177 324 302
boat 0.9118 7 243 25 295
boat 0.6825 83 245 99 294
boat 0.5707 395 248 418 294
boat 0.0562 382 261 423 292
boat 0.0146 272 198 318 296
boat 0.0080 10 263 22 289
boat 0.0069 396 266 419 287
boat 0.0068 68 251 100 293
boat 0.0060 85 264 97 288
boat 0.0057 16 267 25 286
boat 0.0057 0 238 16 300
boat 0.0051 392 228 427 292
boat 0.0048 393 253 435 289
boat 0.0046 -1 258 27 292
boat 0.0042 28 256 107 288
boat 0.0039 14 236 27 290
boat 0.0027 16 251 24 289
boat 0.0025 402 259 425 293
boat 0.0020 -3 224 27 290
boat 0.0014 90 244 103 294
pottedplant 0.0062 83 245 99 294
train 0.0066 83 245 99 294
train 0.0050 389 257 423 293
train 0.0043 6 253 25 295
train 0.0021 244 189 324 302
tvmonitor 0.0039 83 245 99 294
tvmonitor 0.0012 7 243 25 295
