bus 0.0061 244 84 282 104
bus 0.0046 239 77 288 100
bus 0.0013 491 28 501 83
car 0.9744 244 84 282 104
car 0.4602 244 165 307 195
car 0.1121 235 91 256 102
car 0.0703 229 87 282 112
car 0.0392 239 77 288 100
car 0.0201 229 89 266 103
car 0.0107 233 90 256 111
car 0.0094 491 28 501 83
car 0.0061 493 44 500 66
car 0.0051 274 88 288 99
car 0.0045 261 88 286 99
car 0.0018 230 91 245 100
car 0.0017 445 52 507 76
car 0.0014 493 53 500 76
car 0.0012 377 49 489 81
car 0.0010 493 38 499 58
car 0.0010 481 49 494 60
train 0.0018 244 84 282 104
train 0.0010 239 77 288 100
train 0.0010 377 49 489 81
