aeroplane 0.0015 -2 190 482 383
bicycle 0.0011 253 154 455 367
boat 0.0029 -2 190 482 383
car 0.0014 -2 190 482 383
chair 0.0122 253 154 455 367
chair 0.0019 484 156 500 314
cow 0.0020 -29 195 458 377
person 0.9462 226 151 427 374
person 0.8377 8 165 413 366
person 0.0202 26 188 237 263
person 0.0067 456 52 479 101
person 0.0060 253 189 400 340
person 0.0059 479 237 498 386
person 0.0052 471 169 499 412
person 0.0036 310 142 478 374
person 0.0034 27 201 324 306
person 0.0014 474 17 497 107
person 0.0012 458 31 496 98
person 0.0010 0 87 5 181
sofa 0.9676 -15 169 443 365
sofa 0.0301 226 151 427 374
