bicycle 0.0027 162 62 400 341
boat 0.0018 132 27 431 371
bottle 0.0213 224 327 245 362
bottle 0.0132 363 165 377 180
bottle 0.0117 199 192 233 272
bottle 0.0092 374 165 383 180
bottle 0.0063 183 240 221 304
bottle 0.0032 1 167 10 235
bottle 0.0031 203 228 227 270
bottle 0.0021 3 177 20 226
bottle 0.0020 383 162 394 179
bottle 0.0019 178 192 220 276
bottle 0.0019 215 223 231 273
bottle 0.0017 195 247 216 289
bottle 0.0016 182 253 251 367
bottle 0.0013 185 276 222 352
bottle 0.0013 216 331 254 358
bottle 0.0011 355 165 368 179
bottle 0.0010 159 197 237 271
bottle 0.0010 183 307 254 361
bottle 0.0010 182 185 249 245
cat 0.0020 162 62 400 341
chair 0.9639 426 252 500 378
chair 0.6821 53 182 128 277
chair 0.5932 157 127 412 379
chair 0.4112 99 178 232 282
chair 0.3116 6 170 48 229
chair 0.2645 163 192 207 277
chair 0.2160 11 173 80 230
chair 0.1469 161 181 235 290
chair 0.1005 33 177 106 243
chair 0.0597 105 188 186 271
chair 0.0285 0 164 27 230
chair 0.0264 212 211 431 378
chair 0.0261 3 177 20 226
chair 0.0226 70 285 218 370
chair 0.0194 395 189 431 282
chair 0.0186 489 117 499 171
chair 0.0147 432 148 466 229
chair 0.0143 363 165 377 180
chair 0.0138 1 167 10 235
chair 0.0135 27 179 64 236
chair 0.0124 384 171 441 303
chair 0.0097 179 217 219 293
chair 0.0086 359 162 381 200
chair 0.0084 377 173 399 212
chair 0.0070 199 192 233 272
chair 0.0069 2 180 121 258
chair 0.0068 359 175 398 210
chair 0.0068 147 186 218 254
chair 0.0060 182 185 249 245
chair 0.0052 374 165 383 180
chair 0.0051 11 176 33 227
chair 0.0045 365 186 427 360
chair 0.0040 375 157 414 224
chair 0.0040 142 191 189 271
chair 0.0038 63 168 104 229
chair 0.0033 343 159 378 185
chair 0.0030 169 244 234 299
chair 0.0026 147 215 222 286
chair 0.0025 68 165 112 200
chair 0.0024 369 162 387 204
chair 0.0023 390 155 429 230
chair 0.0022 381 185 446 240
chair 0.0021 415 151 453 231
chair 0.0020 406 190 446 280
chair 0.0018 379 187 417 282
chair 0.0017 346 169 409 214
chair 0.0017 491 130 498 159
chair 0.0017 493 139 498 165
chair 0.0017 389 188 408 231
chair 0.0016 380 215 445 372
chair 0.0015 355 165 368 179
chair 0.0014 340 167 382 194
chair 0.0014 351 241 470 368
chair 0.0013 372 184 406 216
chair 0.0013 444 280 495 369
chair 0.0012 62 169 142 230
chair 0.0011 126 200 278 313
chair 0.0011 480 126 497 162
chair 0.0011 82 163 252 354
chair 0.0011 8 175 40 209
chair 0.0010 0 152 9 216
chair 0.0010 22 169 41 218
chair 0.0010 38 179 86 225
chair 0.0010 467 184 504 220
cow 0.0010 53 182 128 277
diningtable 0.6154 68 178 212 270
diningtable 0.0537 35 181 156 264
diningtable 0.0533 3 171 60 228
diningtable 0.0279 20 97 406 358
diningtable 0.0100 159 197 237 271
diningtable 0.0071 105 185 183 278
diningtable 0.0069 13 178 83 236
diningtable 0.0069 375 162 445 225
diningtable 0.0054 398 245 500 375
diningtable 0.0045 33 177 106 243
diningtable 0.0038 99 194 237 306
diningtable 0.0036 374 179 502 268
diningtable 0.0028 0 164 27 230
diningtable 0.0027 381 202 496 336
diningtable 0.0021 346 169 409 214
diningtable 0.0021 140 167 265 290
diningtable 0.0015 82 163 252 354
diningtable 0.0015 353 161 385 184
diningtable 0.0014 165 70 463 383
diningtable 0.0013 359 175 398 210
diningtable 0.0013 165 224 235 287
diningtable 0.0012 381 185 446 240
diningtable 0.0010 72 262 216 368
dog 0.0027 70 285 218 370
dog 0.0011 99 178 232 282
person 0.9986 163 72 397 386
person 0.9551 430 143 465 220
person 0.5558 377 145 417 214
person 0.0977 385 145 412 181
person 0.0786 415 151 453 231
person 0.0678 362 166 426 219
person 0.0546 89 257 233 371
person 0.0437 390 155 429 230
person 0.0430 363 165 377 180
person 0.0263 374 165 383 180
person 0.0247 426 142 447 183
person 0.0236 140 167 265 290
person 0.0200 391 139 426 185
person 0.0148 401 141 468 215
person 0.0129 359 161 381 185
person 0.0121 123 117 295 337
person 0.0111 378 138 442 247
person 0.0089 0 164 27 230
person 0.0082 343 159 378 185
person 0.0080 0 159 10 227
person 0.0078 379 154 400 187
person 0.0055 383 162 394 179
person 0.0051 489 117 499 171
person 0.0050 163 160 208 189
person 0.0048 359 150 393 209
person 0.0040 420 141 453 169
person 0.0040 378 161 398 205
person 0.0036 407 147 448 179
person 0.0035 369 162 387 204
person 0.0033 130 158 168 188
person 0.0030 99 178 232 282
person 0.0030 429 145 445 162
person 0.0029 3 177 20 226
person 0.0028 351 167 388 196
person 0.0027 355 165 368 179
person 0.0027 341 153 362 189
person 0.0026 435 144 453 199
person 0.0024 419 158 480 226
person 0.0020 1 133 421 383
person 0.0019 159 169 197 190
person 0.0019 480 122 501 234
person 0.0017 446 142 483 219
person 0.0016 493 139 498 165
person 0.0016 397 142 438 167
person 0.0016 179 174 196 188
person 0.0015 182 174 254 226
person 0.0014 389 147 409 160
person 0.0014 420 147 437 160
person 0.0012 6 170 48 229
person 0.0012 68 165 112 200
person 0.0012 162 186 242 252
person 0.0012 430 137 443 151
person 0.0010 491 130 498 159
person 0.0010 189 172 201 189
person 0.0010 430 151 443 171
pottedplant 0.0225 472 182 501 241
pottedplant 0.0166 467 192 504 226
pottedplant 0.0059 488 171 499 232
pottedplant 0.0047 489 117 499 171
pottedplant 0.0038 162 62 400 341
pottedplant 0.0038 222 167 266 197
pottedplant 0.0018 223 174 248 209
pottedplant 0.0018 480 122 501 234
pottedplant 0.0018 363 165 377 180
pottedplant 0.0015 493 139 498 165
pottedplant 0.0014 491 130 498 159
pottedplant 0.0010 182 174 254 226
sheep 0.0014 162 62 400 341
sofa 0.0050 157 127 412 379
tvmonitor 0.0027 489 117 499 171
tvmonitor 0.0013 363 165 377 180
