bottle 0.0027 179 190 230 220
bus 0.0010 117 151 469 451
cat 0.0012 173 207 453 496
chair 0.9986 8 174 178 473
chair 0.0613 80 122 213 376
chair 0.0059 170 306 465 495
chair 0.0035 17 389 161 496
chair 0.0027 97 204 185 389
chair 0.0014 378 222 490 507
chair 0.0011 29 200 155 379
chair 0.0010 -10 144 273 504
dog 0.0026 173 207 453 496
person 0.9992 135 181 461 496
person 0.9495 105 116 234 367
person 0.7646 333 162 452 264
person 0.0480 483 127 498 274
person 0.0214 110 124 234 247
person 0.0197 491 141 497 232
person 0.0152 491 117 498 200
person 0.0070 482 101 496 225
person 0.0027 63 168 194 423
person 0.0025 130 124 269 448
person 0.0024 388 208 470 268
person 0.0022 89 130 206 291
person 0.0021 492 148 496 189
person 0.0017 441 150 497 331
person 0.0014 380 156 485 492
person 0.0012 345 154 431 221
person 0.0012 371 185 484 292
sheep 0.0023 117 151 469 451
sofa 0.0033 155 195 472 504
tvmonitor 0.0019 110 124 234 247
