aeroplane 0.0018 100 70 294 153
boat 0.0044 -24 164 310 536
cow 0.0617 106 88 289 161
cow 0.0044 12 171 362 532
diningtable 0.9997 -6 164 336 499
diningtable 0.0030 60 88 299 162
diningtable 0.0023 6 173 319 344
horse 0.0051 12 171 362 532
person 0.6990 76 109 117 177
person 0.5095 2 130 37 194
person 0.0595 44 129 81 162
person 0.0254 65 111 103 171
person 0.0137 96 112 127 171
person 0.0132 74 112 114 148
person 0.0127 -3 127 45 242
person 0.0096 7 130 44 166
person 0.0051 33 120 89 167
person 0.0050 25 121 54 170
person 0.0049 -11 136 298 454
person 0.0041 66 99 126 194
person 0.0028 20 130 52 191
person 0.0025 -2 136 20 181
person 0.0023 18 132 51 161
person 0.0015 13 134 37 180
person 0.0013 51 122 97 159
person 0.0011 48 104 118 158
person 0.0011 82 118 123 158
person 0.0011 5 130 71 190
person 0.0010 -1 132 22 228
person 0.0010 39 126 77 192
sofa 0.4355 106 88 289 161
sofa 0.0051 135 97 257 148
sofa 0.0013 12 171 362 532
