bus 0.9986 138 65 373 203
bus 0.0011 434 141 494 181
car 0.5048 437 143 479 183
car 0.0168 468 147 486 181
car 0.0102 436 146 457 180
car 0.0051 476 142 489 184
car 0.0050 427 143 471 169
car 0.0034 431 152 443 173
car 0.0026 488 130 499 195
car 0.0014 450 148 482 179
horse 0.0011 135 48 374 207
motorbike 0.0011 440 145 485 182
person 0.0104 431 152 443 173
person 0.0102 476 142 489 184
person 0.0067 468 147 486 181
person 0.0053 391 125 403 164
person 0.0051 394 141 401 162
person 0.0030 384 122 396 166
person 0.0022 162 71 383 203
person 0.0021 386 141 392 162
person 0.0014 479 150 487 177
