aeroplane 0.0018 0 300 12 319
bus 0.2135 162 286 238 332
bus 0.0424 109 300 211 336
bus 0.0392 106 270 245 334
bus 0.0041 88 304 127 334
bus 0.0039 237 305 270 336
bus 0.0027 33 302 71 320
bus 0.0021 43 302 79 332
bus 0.0019 0 300 12 319
bus 0.0017 413 314 457 344
bus 0.0012 75 303 114 333
bus 0.0011 77 299 124 324
bus 0.0011 178 272 227 327
car 0.9962 434 307 497 364
car 0.9750 308 302 400 337
car 0.8539 82 303 121 335
car 0.8097 105 302 192 336
car 0.7106 238 312 267 333
car 0.6607 43 302 79 332
car 0.6444 413 314 457 344
car 0.6233 222 304 269 336
car 0.1742 33 302 71 320
car 0.1531 3 306 42 321
car 0.1273 0 300 12 319
car 0.0868 60 303 82 334
car 0.0786 13 307 34 320
car 0.0768 115 307 167 340
car 0.0741 49 306 75 343
car 0.0711 93 305 142 333
car 0.0544 1 305 24 321
car 0.0459 128 289 240 334
car 0.0263 183 303 230 335
car 0.0203 241 305 279 333
car 0.0200 30 305 56 316
car 0.0192 38 305 67 315
car 0.0191 14 302 55 319
car 0.0183 31 300 54 329
car 0.0176 138 312 195 339
car 0.0163 222 306 248 333
car 0.0154 22 307 43 320
car 0.0145 14 307 80 348
car 0.0123 414 318 441 347
car 0.0113 200 305 253 333
car 0.0103 42 303 66 348
car 0.0081 316 309 367 340
car 0.0074 -8 298 22 320
car 0.0072 63 308 80 326
car 0.0069 278 309 287 322
car 0.0065 323 304 378 332
car 0.0049 330 310 389 340
car 0.0039 231 307 260 332
car 0.0036 256 309 269 327
car 0.0036 79 308 103 339
car 0.0035 169 296 264 333
car 0.0034 120 307 242 339
car 0.0032 40 306 64 322
car 0.0029 423 306 468 331
car 0.0028 413 298 494 343
car 0.0026 51 306 72 314
car 0.0025 310 303 355 334
car 0.0025 86 299 130 324
car 0.0025 50 308 74 324
car 0.0023 397 318 444 338
car 0.0020 410 320 426 333
car 0.0019 106 305 131 333
car 0.0019 89 315 111 332
car 0.0019 254 315 269 331
car 0.0018 58 304 106 331
car 0.0018 66 306 142 341
car 0.0017 44 319 79 347
car 0.0015 76 316 85 333
car 0.0014 250 310 271 336
car 0.0012 97 311 123 326
car 0.0012 64 305 77 314
car 0.0012 33 302 55 349
car 0.0012 74 301 88 336
car 0.0012 269 310 277 324
car 0.0011 75 308 85 328
car 0.0010 98 315 120 332
car 0.0010 123 300 172 319
car 0.0010 86 310 114 327
motorbike 0.0024 224 310 269 335
motorbike 0.0012 0 300 12 319
person 0.0148 44 319 62 347
person 0.0082 49 306 75 343
person 0.0079 278 309 287 322
person 0.0055 50 318 69 347
person 0.0054 42 303 66 348
person 0.0044 222 306 248 333
person 0.0033 36 319 54 348
person 0.0027 181 290 190 305
person 0.0025 125 288 136 304
person 0.0021 54 322 66 345
person 0.0020 60 303 82 334
person 0.0016 0 300 12 319
