bus 0.0014 164 46 212 65
car 0.9999 52 62 444 293
car 0.9978 432 93 497 150
car 0.5646 319 72 425 122
car 0.5430 60 26 153 63
car 0.0647 59 25 120 51
car 0.0397 61 33 176 75
car 0.0250 164 46 212 65
car 0.0233 43 56 62 96
car 0.0194 326 60 459 137
car 0.0185 51 57 72 93
car 0.0166 22 58 43 95
car 0.0150 72 32 126 57
car 0.0148 0 55 12 95
car 0.0142 61 30 104 61
car 0.0132 306 82 441 150
car 0.0116 3 59 21 91
car 0.0110 439 81 500 132
car 0.0104 44 13 167 82
car 0.0104 60 54 80 93
car 0.0100 78 26 141 46
car 0.0098 84 22 199 58
car 0.0090 70 7 175 50
car 0.0072 375 73 421 97
car 0.0054 55 49 88 86
car 0.0050 319 69 365 102
car 0.0046 331 69 451 104
car 0.0044 24 60 61 93
car 0.0043 353 71 406 97
car 0.0037 46 69 77 96
car 0.0035 294 74 389 119
car 0.0034 18 70 49 96
car 0.0033 0 70 8 95
car 0.0033 54 73 68 93
car 0.0032 456 82 496 104
car 0.0032 346 65 392 85
car 0.0030 13 56 79 97
car 0.0030 165 38 210 60
car 0.0029 188 49 205 61
car 0.0028 101 28 155 47
car 0.0028 452 91 497 115
car 0.0028 66 20 114 38
car 0.0027 91 35 148 54
car 0.0027 94 22 109 33
car 0.0018 43 33 82 57
car 0.0018 366 66 411 89
car 0.0018 55 65 68 86
car 0.0015 177 51 198 60
car 0.0015 129 -1 168 19
car 0.0015 333 70 387 99
car 0.0015 492 79 499 166
car 0.0015 323 76 375 109
car 0.0014 441 56 503 109
car 0.0014 151 1 163 14
car 0.0014 45 40 59 54
car 0.0011 170 2 186 10
car 0.0011 95 2 109 12
car 0.0010 53 39 69 53
car 0.0010 -3 68 31 95
motorbike 0.0051 22 64 43 100
motorbike 0.0030 43 56 62 96
motorbike 0.0015 50 66 71 98
motorbike 0.0015 0 55 12 95
motorbike 0.0010 3 59 21 91
person 0.2833 22 58 43 95
person 0.0773 3 59 21 91
person 0.0726 43 56 62 96
person 0.0363 0 55 12 95
person 0.0107 20 64 28 89
person 0.0067 34 59 51 95
person 0.0063 492 79 499 149
person 0.0050 18 59 31 93
person 0.0049 94 22 109 33
person 0.0037 493 90 499 119
person 0.0034 18 70 49 96
person 0.0034 0 70 8 95
person 0.0033 25 63 40 87
person 0.0026 51 57 72 93
person 0.0025 21 73 30 92
person 0.0024 37 72 47 94
person 0.0021 60 54 80 93
person 0.0018 46 63 58 87
person 0.0018 159 15 175 60
person 0.0014 151 1 163 14
person 0.0013 442 93 453 112
person 0.0012 102 21 115 33
person 0.0012 322 63 340 105
person 0.0011 334 61 347 75
person 0.0010 63 30 117 60
person 0.0010 439 88 456 120
person 0.0010 45 40 59 54
train 0.0012 164 46 212 65
