bird 0.0045 305 301 321 349
bus 0.0306 53 179 123 220
bus 0.0284 15 178 83 221
bus 0.0127 32 200 77 226
bus 0.0069 31 189 75 218
bus 0.0060 72 190 111 220
bus 0.0060 87 184 163 222
bus 0.0058 27 177 76 206
bus 0.0053 75 200 107 224
bus 0.0033 66 179 115 205
bus 0.0026 119 190 157 220
bus 0.0017 348 187 475 223
bus 0.0017 94 201 130 226
bus 0.0016 154 171 201 192
bus 0.0015 260 193 308 217
bus 0.0012 47 202 92 226
bus 0.0012 483 193 502 231
bus 0.0012 434 196 478 229
car 0.9913 341 195 449 230
car 0.9159 96 202 141 227
car 0.8687 38 201 84 228
car 0.7348 282 202 340 231
car 0.7114 150 198 204 228
car 0.6703 75 200 107 224
car 0.4782 469 200 503 229
car 0.4620 178 201 233 227
car 0.4566 119 199 153 225
car 0.4211 270 197 318 229
car 0.3255 110 207 148 225
car 0.3089 434 196 478 229
car 0.2891 381 192 483 226
car 0.2456 483 193 502 231
car 0.1542 255 200 295 226
car 0.1531 48 208 90 225
car 0.1419 201 207 248 226
car 0.0643 247 208 283 226
car 0.0550 223 202 245 226
car 0.0450 141 197 182 225
car 0.0330 59 200 85 225
car 0.0328 252 199 275 227
car 0.0303 264 206 307 227
car 0.0278 304 202 353 227
car 0.0235 302 197 417 228
car 0.0175 247 197 265 227
car 0.0174 125 197 170 224
car 0.0156 224 201 264 225
car 0.0155 486 202 501 222
car 0.0131 96 204 125 220
car 0.0109 249 203 261 221
car 0.0107 70 200 94 224
car 0.0102 25 200 68 224
car 0.0087 410 196 463 227
car 0.0087 252 210 275 224
car 0.0081 4 205 20 216
car 0.0079 45 211 78 223
car 0.0077 72 190 111 220
car 0.0075 463 205 489 230
car 0.0072 35 211 51 224
car 0.0072 247 211 262 224
car 0.0069 74 205 129 227
car 0.0068 160 187 235 223
car 0.0066 260 193 308 217
car 0.0061 127 204 149 221
car 0.0059 36 205 49 219
car 0.0056 31 189 75 218
car 0.0053 255 204 272 221
car 0.0047 139 195 157 226
car 0.0044 217 207 237 220
car 0.0041 27 177 76 206
car 0.0039 38 206 65 228
car 0.0039 68 197 146 222
car 0.0038 62 204 82 219
car 0.0038 263 210 283 225
car 0.0036 238 207 251 220
car 0.0034 170 192 221 217
car 0.0033 481 301 500 395
car 0.0032 33 197 54 225
car 0.0032 473 207 496 229
car 0.0030 358 197 417 226
car 0.0029 30 204 39 217
car 0.0028 236 211 251 224
car 0.0025 153 192 200 218
car 0.0024 487 207 499 229
car 0.0023 320 188 438 221
car 0.0022 154 171 201 192
car 0.0022 142 201 154 220
car 0.0021 491 179 501 231
car 0.0020 383 198 432 227
car 0.0019 90 194 131 218
car 0.0018 78 209 101 224
car 0.0018 50 206 74 219
car 0.0018 274 187 356 224
car 0.0017 25 196 105 223
car 0.0017 67 196 76 208
car 0.0017 179 178 195 188
car 0.0016 103 200 118 209
car 0.0016 106 206 133 220
car 0.0016 361 187 378 197
car 0.0015 454 197 477 227
car 0.0015 349 182 389 201
car 0.0014 182 187 193 197
car 0.0014 110 192 151 219
car 0.0013 189 186 202 196
car 0.0012 492 195 500 213
car 0.0012 421 190 474 219
car 0.0012 95 197 187 222
car 0.0012 188 178 203 188
car 0.0011 326 200 373 226
car 0.0011 148 201 167 221
car 0.0010 295 197 310 205
car 0.0010 214 210 238 224
motorbike 0.0023 483 193 502 231
motorbike 0.0014 95 206 143 226
motorbike 0.0010 472 203 499 231
person 0.0026 67 185 76 201
person 0.0018 162 188 172 200
person 0.0018 249 203 261 221
person 0.0018 182 187 193 197
person 0.0015 189 186 202 196
person 0.0014 247 197 265 227
person 0.0014 4 205 20 216
person 0.0014 140 186 158 222
person 0.0013 67 196 76 208
person 0.0013 171 188 182 199
person 0.0012 30 204 39 217
person 0.0011 372 187 386 197
person 0.0011 252 194 260 210
person 0.0010 381 187 395 196
person 0.0010 253 186 260 201
train 0.0031 27 177 76 206
train 0.0023 31 189 75 218
train 0.0022 66 179 115 205
train 0.0021 32 200 77 226
train 0.0013 154 171 201 192
train 0.0013 72 190 111 220
tvmonitor 0.0012 27 177 76 206
