bird 0.0033 378 352 417 375
bottle 0.3751 225 245 257 335
bottle 0.1466 378 352 417 375
bottle 0.0166 322 237 347 350
bottle 0.0129 264 239 296 304
bottle 0.0102 268 217 283 264
bottle 0.0095 274 219 290 261
bottle 0.0078 270 183 283 239
bottle 0.0076 279 249 310 335
bottle 0.0074 227 246 245 309
bottle 0.0072 218 243 264 373
bottle 0.0067 239 253 312 371
bottle 0.0065 263 179 286 255
bottle 0.0055 274 183 289 239
bottle 0.0053 261 226 289 284
bottle 0.0047 380 346 404 379
bottle 0.0043 318 198 344 241
bottle 0.0038 292 245 313 293
bottle 0.0036 385 342 410 373
bottle 0.0027 319 215 344 298
bottle 0.0024 272 236 293 282
bottle 0.0023 384 327 417 379
bottle 0.0020 278 229 287 252
bottle 0.0016 277 171 324 235
bottle 0.0016 254 199 280 267
bottle 0.0015 251 245 313 298
bottle 0.0014 279 225 310 285
bottle 0.0014 243 237 267 310
bottle 0.0014 310 220 357 367
bottle 0.0013 277 237 288 258
bottle 0.0012 285 224 323 252
bottle 0.0012 233 245 251 311
bottle 0.0012 265 236 327 357
bottle 0.0011 303 244 332 344
bottle 0.0010 209 249 271 305
bottle 0.0010 287 227 345 362
cat 0.0012 378 352 417 375
chair 0.1744 277 176 323 248
chair 0.0187 297 177 335 249
chair 0.0086 318 178 344 250
chair 0.0052 285 216 335 246
chair 0.0042 279 203 316 262
chair 0.0038 267 210 332 258
chair 0.0038 285 224 323 252
chair 0.0030 303 201 335 263
chair 0.0021 378 352 417 375
chair 0.0015 263 179 286 255
chair 0.0011 278 166 346 266
diningtable 0.0305 157 247 412 368
diningtable 0.0036 267 210 332 258
diningtable 0.0036 271 178 332 247
diningtable 0.0028 203 216 380 322
diningtable 0.0016 114 292 386 366
diningtable 0.0014 260 232 332 277
diningtable 0.0011 378 352 417 375
dog 0.0017 378 352 417 375
person 0.9996 3 110 192 368
person 0.9991 325 45 502 380
person 0.0029 301 63 449 327
pottedplant 0.0188 378 352 417 375
