aeroplane 0.0011 382 173 482 213
bicycle 0.0024 321 162 343 197
bicycle 0.0017 291 157 333 203
bicycle 0.0013 332 159 348 200
boat 0.0212 326 139 423 179
boat 0.0106 334 149 415 197
boat 0.0095 359 143 379 175
boat 0.0069 363 152 375 167
boat 0.0065 325 133 466 196
boat 0.0064 382 173 482 213
boat 0.0052 355 155 367 168
boat 0.0050 352 147 387 171
boat 0.0042 338 141 382 168
boat 0.0028 363 147 376 162
boat 0.0026 365 151 463 203
boat 0.0023 351 145 371 175
boat 0.0016 297 149 329 199
boat 0.0015 340 156 382 183
boat 0.0015 292 141 384 181
boat 0.0014 355 142 400 167
boat 0.0012 317 148 347 197
boat 0.0012 108 136 150 166
boat 0.0012 332 147 372 174
boat 0.0011 340 164 409 219
boat 0.0011 334 145 372 199
boat 0.0011 367 139 385 181
car 0.0019 325 155 337 168
chair 0.0146 171 145 198 174
chair 0.0115 155 143 177 176
chair 0.0064 179 154 213 205
chair 0.0039 149 144 170 178
chair 0.0035 116 124 138 160
chair 0.0031 332 159 348 200
chair 0.0030 194 158 215 201
chair 0.0020 108 136 150 166
chair 0.0020 163 149 204 201
chair 0.0017 321 162 343 197
chair 0.0012 182 146 206 175
chair 0.0010 167 163 227 212
motorbike 0.0011 321 162 343 197
person 0.0943 297 149 329 199
person 0.0315 290 156 313 203
person 0.0126 313 153 332 192
person 0.0083 321 154 342 190
person 0.0079 285 154 304 206
person 0.0070 332 159 348 200
person 0.0048 301 156 342 189
person 0.0044 325 155 337 168
person 0.0020 336 163 343 181
person 0.0018 326 162 338 179
person 0.0018 317 161 329 179
person 0.0016 317 155 328 169
person 0.0015 337 167 344 193
person 0.0012 116 124 128 144
person 0.0010 340 161 356 198
pottedplant 0.0018 297 149 329 199
pottedplant 0.0011 116 124 128 144
sofa 0.0108 168 146 203 172
sofa 0.0029 150 145 188 175
train 0.0015 326 139 423 179
train 0.0015 325 133 466 196
train 0.0014 158 94 203 156
tvmonitor 0.2235 168 146 203 172
tvmonitor 0.1043 158 94 203 156
tvmonitor 0.0522 155 143 177 176
tvmonitor 0.0131 90 118 154 160
tvmonitor 0.0121 149 144 170 178
tvmonitor 0.0064 155 151 213 199
tvmonitor 0.0063 108 136 150 166
tvmonitor 0.0048 162 143 193 167
tvmonitor 0.0046 64 178 106 249
tvmonitor 0.0043 112 124 133 159
tvmonitor 0.0031 171 150 199 167
tvmonitor 0.0029 173 146 201 162
tvmonitor 0.0029 74 130 144 175
tvmonitor 0.0019 87 117 109 146
tvmonitor 0.0017 125 126 148 161
tvmonitor 0.0017 182 146 206 175
tvmonitor 0.0017 116 124 128 144
tvmonitor 0.0015 141 140 178 169
tvmonitor 0.0015 150 148 177 205
tvmonitor 0.0015 175 140 213 168
tvmonitor 0.0011 101 127 139 157
