aeroplane 0.0119 32 161 75 202
bicycle 0.9994 153 201 520 374
bicycle 0.9411 28 148 75 201
bicycle 0.7515 58 177 159 265
bicycle 0.0316 29 118 73 190
bicycle 0.0179 76 125 181 243
boat 0.0252 32 161 75 202
boat 0.0032 491 105 501 161
bottle 0.0035 399 208 427 274
bottle 0.0012 400 200 416 262
cat 0.0022 32 161 75 202
dog 0.0026 32 161 75 202
motorbike 0.0031 24 128 76 195
motorbike 0.0026 34 152 74 198
person 0.9991 282 16 427 382
person 0.9844 99 91 181 260
person 0.9691 29 118 73 190
person 0.0024 47 146 167 250
