bicycle 0.0049 130 201 146 244
bicycle 0.0033 174 231 222 256
bicycle 0.0026 160 214 176 253
bicycle 0.0015 217 232 253 261
bicycle 0.0014 212 235 458 360
bottle 0.0023 366 227 450 278
bus 0.0501 1 183 57 238
car 0.0998 1 183 57 238
car 0.0085 434 208 498 256
car 0.0066 175 224 219 252
car 0.0035 0 190 43 224
car 0.0031 170 215 234 258
car 0.0016 -1 191 10 244
car 0.0015 181 233 230 258
car 0.0014 2 209 43 241
cow 0.0043 129 195 146 239
dog 0.0025 129 195 146 239
horse 0.0134 129 195 146 239
horse 0.0048 203 209 470 375
horse 0.0038 170 215 234 258
horse 0.0021 168 204 194 256
horse 0.0015 160 198 176 255
horse 0.0010 151 211 215 255
motorbike 0.9896 203 209 470 375
motorbike 0.0038 129 195 146 239
motorbike 0.0030 174 231 222 256
motorbike 0.0025 160 198 176 255
motorbike 0.0017 317 203 476 325
person 0.9975 246 96 415 364
person 0.8774 129 195 146 239
person 0.1094 160 198 176 255
person 0.0508 169 192 185 245
person 0.0139 123 200 155 236
person 0.0138 179 192 191 243
person 0.0136 36 185 49 234
person 0.0072 211 63 512 392
person 0.0071 299 174 488 361
person 0.0062 154 189 166 248
person 0.0048 168 204 194 256
person 0.0046 260 148 397 305
person 0.0038 27 180 57 241
person 0.0028 182 204 189 229
person 0.0027 492 188 499 265
person 0.0018 138 192 153 243
person 0.0017 25 189 46 228
person 0.0017 223 216 246 261
person 0.0016 494 198 499 292
person 0.0013 39 194 46 221
person 0.0011 4 181 51 240
person 0.0011 290 210 382 256
person 0.0010 172 205 182 229
person 0.0010 167 213 184 255
train 0.0017 1 183 57 238
