bicycle 0.0024 180 3 326 78
bicycle 0.0013 215 16 295 74
bicycle 0.0010 70 81 487 266
bicycle 0.0010 -3 40 27 124
boat 0.0064 206 18 277 74
bus 0.0018 87 69 202 117
car 0.9994 17 86 489 241
car 0.8326 87 69 202 117
car 0.1778 123 62 231 104
car 0.0208 456 102 491 164
car 0.0123 -3 103 31 176
car 0.0086 -2 124 27 230
car 0.0073 412 103 447 132
car 0.0067 490 104 500 162
car 0.0056 470 91 497 154
car 0.0053 404 101 462 138
car 0.0038 363 100 396 126
car 0.0028 0 83 10 146
car 0.0027 2 96 24 134
car 0.0021 15 103 33 146
car 0.0017 0 105 10 162
car 0.0017 124 54 239 85
car 0.0016 131 65 186 87
car 0.0016 98 90 142 121
car 0.0015 2 111 23 154
car 0.0013 382 103 493 188
car 0.0010 -1 108 30 140
car 0.0010 6 110 35 201
horse 0.0021 363 100 396 126
horse 0.0014 418 106 453 136
motorbike 0.0052 -3 103 31 176
motorbike 0.0034 418 106 453 136
motorbike 0.0030 363 100 396 126
motorbike 0.0014 456 102 491 164
person 0.5868 423 102 449 135
person 0.4652 388 99 408 127
person 0.3060 458 95 492 155
person 0.1925 363 100 396 126
person 0.1377 379 100 400 126
person 0.0664 465 98 482 153
person 0.0639 396 102 417 128
person 0.0457 361 101 379 127
person 0.0272 457 104 475 147
person 0.0192 352 100 370 130
person 0.0158 448 108 466 142
person 0.0082 435 106 454 138
person 0.0080 225 99 264 133
person 0.0069 370 103 389 125
person 0.0064 354 105 367 126
person 0.0054 400 101 437 129
person 0.0052 477 99 493 153
person 0.0045 342 99 362 132
person 0.0034 391 96 405 118
person 0.0031 331 102 369 129
person 0.0030 404 101 462 138
person 0.0027 371 96 407 122
person 0.0025 219 92 296 141
person 0.0025 490 93 501 157
person 0.0024 441 108 499 158
person 0.0023 382 93 416 125
person 0.0021 417 106 440 126
person 0.0019 382 99 397 115
person 0.0018 15 103 33 146
person 0.0015 345 106 359 123
person 0.0013 450 108 482 143
person 0.0013 370 100 389 114
person 0.0012 451 122 463 139
person 0.0011 0 83 10 146
person 0.0011 2 96 24 134
person 0.0011 409 106 425 127
person 0.0011 360 100 426 133
person 0.0010 26 105 34 125
pottedplant 0.0010 23 83 430 263
