chair 0.0524 453 295 500 371
chair 0.0074 467 313 500 379
chair 0.0059 0 291 18 405
chair 0.0043 370 220 491 373
chair 0.0031 474 262 499 368
chair 0.0028 441 251 497 373
chair 0.0013 452 338 503 369
chair 0.0012 0 307 7 403
chair 0.0010 2 213 48 399
person 0.9968 75 187 273 371
person 0.9944 0 157 49 387
person 0.7359 264 218 394 371
person 0.6360 370 220 491 373
person 0.5199 138 153 177 206
person 0.5174 229 201 300 350
person 0.2025 199 147 241 207
person 0.0543 187 242 209 273
person 0.0378 235 202 295 270
person 0.0189 256 160 295 224
person 0.0108 254 176 299 260
person 0.0089 -2 140 32 338
person 0.0066 0 225 19 392
person 0.0052 0 154 23 275
person 0.0049 294 222 379 338
person 0.0047 0 191 31 422
person 0.0045 190 248 206 267
person 0.0035 188 243 206 259
person 0.0027 244 155 307 209
person 0.0025 260 171 304 209
person 0.0021 10 185 42 327
person 0.0017 321 207 426 381
person 0.0017 190 166 250 213
person 0.0017 0 167 7 253
person 0.0015 184 251 227 282
person 0.0015 203 180 244 216
person 0.0013 434 215 500 373
person 0.0012 154 209 347 365
person 0.0012 200 171 233 211
person 0.0011 197 249 211 267
person 0.0011 2 170 40 261
tvmonitor 0.0014 0 150 53 330
