car 0.0066 362 230 498 325
cow 0.9975 205 183 368 322
horse 0.0045 205 183 368 322
person 0.7523 190 152 220 209
person 0.1956 202 150 230 206
person 0.0695 187 149 205 196
person 0.0569 215 150 233 195
person 0.0212 223 152 244 191
person 0.0037 187 152 245 202
person 0.0025 182 148 198 194
person 0.0019 235 184 386 315
person 0.0016 206 145 227 184
person 0.0016 175 148 202 212
person 0.0015 189 151 202 171
person 0.0013 135 78 159 113
person 0.0011 179 155 216 188
person 0.0011 189 158 203 179
sheep 0.0012 193 185 338 312
