bottle 0.9681 438 81 462 159
bottle 0.4522 472 94 497 189
bottle 0.3737 398 78 422 152
bottle 0.1370 419 82 444 155
bottle 0.0645 385 82 415 149
bottle 0.0312 462 91 486 181
bottle 0.0282 456 80 478 159
bottle 0.0273 400 74 416 121
bottle 0.0132 391 94 410 153
bottle 0.0097 478 119 494 188
bottle 0.0097 478 82 495 147
bottle 0.0095 490 97 498 192
bottle 0.0054 56 186 87 246
bottle 0.0052 402 80 413 97
bottle 0.0047 489 56 497 136
bottle 0.0043 100 287 115 343
bottle 0.0041 481 65 495 127
bottle 0.0036 470 119 485 188
bottle 0.0031 447 76 464 140
bottle 0.0023 365 88 427 144
bottle 0.0017 478 102 500 243
bottle 0.0015 480 22 498 138
bottle 0.0015 478 108 495 161
bottle 0.0014 157 202 195 223
bottle 0.0012 235 202 316 263
bottle 0.0012 390 85 425 128
bottle 0.0011 381 89 402 136
bottle 0.0010 402 83 414 107
chair 0.0017 81 192 476 363
diningtable 0.9980 12 194 490 359
diningtable 0.0050 115 242 448 361
diningtable 0.0019 46 212 392 325
person 0.9203 322 106 470 339
person 0.6422 221 85 346 265
person 0.5158 -2 49 89 266
person 0.2714 295 110 435 278
person 0.0029 480 22 498 138
person 0.0026 2 86 65 341
person 0.0020 81 192 476 363
person 0.0020 493 6 500 109
person 0.0015 1 70 9 159
person 0.0014 3 87 20 140
person 0.0010 472 94 497 189
