bicycle 0.0022 60 129 367 318
bird 0.0017 195 116 277 179
cat 0.0469 195 116 277 179
chair 0.0659 60 129 367 318
chair 0.0167 103 67 327 285
chair 0.0022 195 116 277 179
chair 0.0019 360 65 426 171
chair 0.0010 491 102 499 192
dog 0.1245 195 116 277 179
person 0.9991 78 75 356 319
person 0.0048 195 116 277 179
sheep 0.0027 195 116 277 179
sofa 0.0305 60 129 367 318
sofa 0.0037 103 67 327 285
tvmonitor 0.9121 360 65 426 171
tvmonitor 0.8503 263 58 378 185
tvmonitor 0.0060 415 66 487 195
tvmonitor 0.0023 366 57 426 104
tvmonitor 0.0017 427 91 468 171
