bicycle 0.9144 437 197 495 257
bicycle 0.1489 2 175 64 292
bicycle 0.0096 5 179 50 257
bicycle 0.0094 468 202 499 256
bicycle 0.0049 382 220 445 321
bicycle 0.0031 19 191 66 273
bicycle 0.0029 15 191 277 320
bicycle 0.0025 488 185 497 271
bicycle 0.0022 0 187 27 278
bicycle 0.0016 364 266 431 317
bicycle 0.0014 456 217 496 258
bicycle 0.0013 424 192 492 311
bicycle 0.0012 452 234 493 311
bicycle 0.0011 393 215 433 293
boat 0.0101 437 188 496 252
boat 0.0011 477 202 496 255
car 0.0029 207 123 281 199
car 0.0023 489 263 498 329
chair 0.0011 206 133 282 208
diningtable 0.0017 206 133 282 208
dog 0.0016 477 202 496 255
motorbike 0.9957 10 181 284 328
motorbike 0.0062 104 201 305 305
motorbike 0.0037 4 185 106 301
motorbike 0.0026 220 177 306 323
motorbike 0.0016 437 188 496 252
person 0.9970 293 136 346 332
person 0.9749 339 136 384 327
person 0.8487 208 114 279 228
person 0.1501 267 118 294 191
person 0.1006 120 111 138 156
person 0.0427 282 126 304 187
person 0.0398 297 129 323 169
person 0.0387 239 118 281 201
person 0.0352 406 277 431 315
person 0.0348 296 130 311 172
person 0.0224 397 178 417 219
person 0.0207 115 118 131 163
person 0.0176 126 111 146 156
person 0.0151 324 126 341 172
person 0.0136 456 269 477 307
person 0.0117 247 187 305 314
person 0.0115 358 157 385 305
person 0.0089 336 142 364 179
person 0.0088 395 261 438 317
person 0.0074 102 166 141 229
person 0.0066 390 175 409 222
person 0.0063 189 174 207 224
person 0.0063 324 162 345 305
person 0.0062 273 135 329 334
person 0.0044 382 172 397 227
person 0.0040 381 162 408 230
person 0.0040 465 267 483 309
person 0.0038 197 168 211 214
person 0.0037 117 121 127 143
person 0.0034 396 168 427 225
person 0.0034 489 263 498 329
person 0.0033 115 110 142 196
person 0.0032 206 118 223 165
person 0.0029 123 120 135 143
person 0.0028 454 257 492 316
person 0.0026 477 276 495 314
person 0.0025 113 122 145 159
person 0.0024 444 187 491 251
person 0.0021 199 119 215 164
person 0.0021 189 161 206 202
person 0.0020 222 131 295 299
person 0.0020 370 149 388 192
person 0.0020 118 125 137 171
person 0.0020 297 136 307 166
person 0.0019 413 228 444 319
person 0.0018 342 140 399 261
person 0.0018 311 120 331 167
person 0.0017 338 144 374 201
person 0.0015 124 112 134 135
person 0.0015 380 190 408 274
person 0.0015 123 127 135 152
person 0.0013 117 128 127 153
person 0.0013 193 180 202 199
person 0.0013 477 202 496 255
person 0.0011 198 138 214 184
person 0.0010 356 145 391 203
person 0.0010 333 141 349 180
train 0.0012 34 205 261 327
