bottle 0.2331 144 176 174 249
bottle 0.1403 134 171 165 247
bottle 0.0833 161 180 198 247
bottle 0.0127 139 184 155 239
bottle 0.0072 131 185 194 244
bottle 0.0058 132 182 148 239
bottle 0.0053 147 186 166 237
bottle 0.0053 159 188 177 249
bottle 0.0047 167 193 184 247
bottle 0.0031 129 131 155 221
bottle 0.0025 122 133 167 259
bottle 0.0019 120 129 139 172
bottle 0.0011 122 114 137 151
bottle 0.0011 113 145 146 246
bottle 0.0011 159 186 234 245
person 0.9770 277 2 436 342
person 0.8420 455 33 498 279
person 0.7050 262 57 326 216
person 0.4901 186 95 260 211
person 0.1822 219 68 300 208
person 0.0889 -5 47 128 288
person 0.0253 163 75 426 322
person 0.0226 271 65 316 165
person 0.0135 248 63 314 140
person 0.0101 68 82 135 198
person 0.0090 209 47 368 284
person 0.0088 462 53 491 218
person 0.0055 78 99 124 175
person 0.0042 468 3 497 379
person 0.0032 174 69 314 253
person 0.0030 196 95 244 184
person 0.0028 0 247 25 333
person 0.0025 275 93 316 212
person 0.0023 69 121 142 266
person 0.0017 164 105 248 239
person 0.0015 473 47 496 225
person 0.0014 1 70 125 199
person 0.0013 28 89 146 229
person 0.0010 450 99 495 360
person 0.0010 263 75 299 192
