aeroplane 0.0011 49 259 198 387
bicycle 0.0024 331 210 505 377
bird 0.0283 341 55 364 94
bird 0.0010 345 64 359 89
boat 0.0057 352 211 501 349
boat 0.0032 39 237 185 378
bottle 0.0326 341 55 364 94
cat 0.0475 349 225 500 370
cat 0.0174 341 55 364 94
cat 0.0154 39 237 185 378
chair 0.0934 345 212 506 378
chair 0.0367 148 198 192 272
chair 0.0277 39 237 185 378
chair 0.0012 341 55 364 94
chair 0.0012 61 218 196 331
diningtable 0.0026 39 237 185 378
diningtable 0.0023 344 211 490 349
dog 0.0308 341 55 364 94
person 0.0034 349 225 500 370
pottedplant 0.9655 425 21 465 96
pottedplant 0.2468 148 198 192 272
pottedplant 0.0608 341 55 364 94
pottedplant 0.0063 344 211 490 349
pottedplant 0.0050 296 114 307 132
pottedplant 0.0042 293 107 309 141
pottedplant 0.0040 204 76 271 130
pottedplant 0.0032 39 237 185 378
pottedplant 0.0030 191 92 251 138
pottedplant 0.0015 265 99 304 130
pottedplant 0.0013 376 26 419 89
pottedplant 0.0011 200 74 238 133
pottedplant 0.0010 279 90 305 147
sofa 0.9359 49 231 193 385
sofa 0.9163 344 225 494 367
