bicycle 0.5437 108 182 221 283
bicycle 0.4997 266 186 355 313
bicycle 0.4440 35 175 101 248
bicycle 0.1127 221 161 300 273
bicycle 0.0483 5 167 111 259
bicycle 0.0346 42 163 122 233
bicycle 0.0336 254 141 348 287
bicycle 0.0155 144 152 210 271
bicycle 0.0122 92 151 165 279
bicycle 0.0119 35 173 153 264
bicycle 0.0112 356 166 393 222
bicycle 0.0092 107 183 183 254
bicycle 0.0071 357 128 390 215
bicycle 0.0053 2 178 63 245
bicycle 0.0053 232 176 280 261
bicycle 0.0053 10 134 82 249
bicycle 0.0030 358 175 427 222
bicycle 0.0026 106 172 149 258
bicycle 0.0023 67 159 145 231
bicycle 0.0023 418 160 445 229
bicycle 0.0019 229 176 330 317
bicycle 0.0017 377 167 407 224
bicycle 0.0015 65 154 104 234
bicycle 0.0012 32 152 68 238
bicycle 0.0012 113 124 175 261
bicycle 0.0011 476 213 498 297
bicycle 0.0010 398 158 428 229
bicycle 0.0010 181 180 216 253
bicycle 0.0010 341 142 404 210
car 0.0100 168 109 192 140
car 0.0044 440 120 506 203
car 0.0022 4 140 111 242
car 0.0021 170 115 189 129
chair 0.0016 5 167 111 259
chair 0.0013 368 166 389 215
chair 0.0013 35 175 101 248
chair 0.0013 108 182 221 283
motorbike 0.0038 35 165 102 236
motorbike 0.0037 5 167 111 259
motorbike 0.0010 357 128 390 215
person 0.9429 151 120 203 261
person 0.9276 446 108 501 220
person 0.8772 276 125 352 265
person 0.8644 227 120 284 241
person 0.8602 398 102 428 228
person 0.7561 4 117 58 240
person 0.6177 421 111 445 229
person 0.6037 359 110 391 214
person 0.5665 110 113 171 248
person 0.5246 73 113 134 238
person 0.4979 32 88 63 145
person 0.4389 380 105 406 221
person 0.3431 472 115 499 212
person 0.2983 341 111 377 212
person 0.2789 342 111 363 142
person 0.2768 77 99 103 148
person 0.2300 37 118 101 237
person 0.2288 43 159 90 237
person 0.1629 0 100 21 213
person 0.1159 39 86 61 127
person 0.1042 62 99 85 134
person 0.0973 30 117 64 195
person 0.0964 369 109 394 144
person 0.0933 67 114 103 200
person 0.0876 8 112 44 204
person 0.0830 0 94 28 152
person 0.0788 47 120 84 196
person 0.0733 12 93 41 147
person 0.0719 86 120 124 199
person 0.0679 233 125 340 247
person 0.0604 69 103 101 167
person 0.0572 58 100 115 225
person 0.0545 169 110 192 156
person 0.0476 106 125 144 229
person 0.0456 98 124 122 149
person 0.0455 51 90 80 148
person 0.0452 0 91 11 158
person 0.0411 11 96 32 136
person 0.0404 68 100 95 133
person 0.0342 73 103 105 130
person 0.0338 333 113 372 151
person 0.0331 39 128 148 244
person 0.0317 232 121 277 196
person 0.0295 424 114 447 156
person 0.0254 178 125 193 160
person 0.0250 14 97 77 225
person 0.0193 377 106 397 158
person 0.0166 370 98 418 227
person 0.0162 0 107 8 181
person 0.0161 11 113 36 151
person 0.0158 59 111 84 151
person 0.0138 181 131 191 154
person 0.0127 397 107 421 144
person 0.0120 78 123 101 160
person 0.0117 304 118 362 243
person 0.0114 122 118 159 196
person 0.0110 35 116 68 152
person 0.0097 32 152 68 238
person 0.0092 81 106 99 125
person 0.0091 4 93 27 122
person 0.0089 40 124 65 162
person 0.0088 146 121 183 242
person 0.0084 0 132 21 256
person 0.0084 91 104 157 223
person 0.0084 5 100 40 130
person 0.0074 474 111 499 157
person 0.0073 321 128 356 223
person 0.0071 55 104 93 144
person 0.0069 90 117 111 151
person 0.0069 432 115 460 212
person 0.0068 12 123 81 190
person 0.0067 64 126 100 156
person 0.0066 0 103 9 124
person 0.0063 34 93 98 146
person 0.0062 52 85 70 126
person 0.0062 65 94 97 122
person 0.0061 0 94 61 145
person 0.0057 351 111 388 138
person 0.0056 53 116 72 150
person 0.0056 49 144 74 183
person 0.0055 490 99 499 169
person 0.0055 322 122 394 200
person 0.0055 123 136 160 249
person 0.0053 52 122 122 190
person 0.0052 359 110 387 165
person 0.0052 21 115 44 151
person 0.0052 129 124 147 164
person 0.0051 -2 90 33 263
person 0.0051 419 109 438 143
person 0.0051 97 128 123 174
person 0.0048 183 142 211 246
person 0.0046 65 154 104 234
person 0.0044 406 111 428 156
person 0.0042 422 115 434 134
person 0.0040 350 114 367 133
person 0.0040 337 120 363 160
person 0.0039 113 133 125 149
person 0.0037 492 107 499 218
person 0.0035 107 114 138 171
person 0.0034 25 98 43 134
