bicycle 0.0025 107 -81 467 394
bicycle 0.0011 70 7 194 384
boat 0.0099 107 -81 467 394
boat 0.0028 70 7 194 384
chair 0.0012 107 -81 467 394
pottedplant 0.9223 110 0 467 377
pottedplant 0.2237 434 79 500 307
pottedplant 0.1295 70 72 188 378
pottedplant 0.0502 390 9 503 368
pottedplant 0.0061 268 -9 524 388
pottedplant 0.0022 471 -16 499 332
pottedplant 0.0016 387 1 426 56
pottedplant 0.0014 191 -53 380 360
pottedplant 0.0010 484 62 498 292
pottedplant 0.0010 474 -22 499 72
sofa 0.0027 107 -81 467 394
tvmonitor 0.0027 107 -81 467 394
