aeroplane 0.0010 153 176 278 253
bicycle 0.0011 378 80 499 244
bicycle 0.0010 103 156 184 220
bottle 0.0017 493 9 499 84
cat 0.0026 176 155 240 213
chair 0.0048 103 156 184 220
chair 0.0013 176 155 240 213
dog 0.0013 176 155 240 213
person 0.9926 107 148 181 211
person 0.8110 182 158 256 222
person 0.4122 380 68 498 284
person 0.0070 262 104 331 247
person 0.0070 190 144 297 234
person 0.0066 153 176 278 253
person 0.0045 111 151 230 229
person 0.0045 380 102 456 247
person 0.0031 0 241 22 344
person 0.0026 0 208 58 340
person 0.0025 347 92 394 232
person 0.0018 39 134 168 226
person 0.0017 0 256 7 338
person 0.0011 71 111 193 215
person 0.0010 0 202 23 310
person 0.0010 -4 250 126 361
pottedplant 0.0049 176 155 240 213
pottedplant 0.0028 493 2 500 76
sofa 0.0012 175 158 241 221
