aeroplane 0.0015 36 191 104 317
bus 0.0017 134 115 395 381
car 0.0097 3 215 60 284
car 0.0012 4 195 102 324
car 0.0011 -4 204 94 267
cow 0.0012 220 114 407 385
cow 0.0012 374 127 495 375
dog 0.0014 37 217 103 323
horse 0.9998 158 93 399 385
horse 0.9268 374 127 495 375
horse 0.9085 125 136 195 337
horse 0.1250 95 141 157 329
horse 0.0458 378 134 446 341
horse 0.0353 36 191 104 317
horse 0.0168 74 155 139 316
horse 0.0103 370 110 423 392
horse 0.0080 411 130 489 306
horse 0.0052 406 103 463 276
horse 0.0042 44 216 91 290
horse 0.0033 433 132 501 369
horse 0.0032 399 162 426 264
horse 0.0023 68 208 103 296
horse 0.0020 34 219 67 287
horse 0.0018 111 156 137 273
horse 0.0017 219 30 351 328
horse 0.0017 5 220 84 282
horse 0.0016 93 179 121 291
horse 0.0012 6 191 85 318
motorbike 0.0172 125 136 195 337
motorbike 0.0027 36 191 104 317
person 0.9940 405 86 467 264
person 0.7465 132 106 190 251
person 0.4011 242 17 329 279
person 0.0328 117 114 178 324
person 0.0280 399 141 424 250
person 0.0229 140 109 183 205
person 0.0121 391 98 444 262
person 0.0121 130 111 159 243
person 0.0081 370 110 423 392
person 0.0050 263 241 291 300
person 0.0040 433 104 464 241
person 0.0036 112 143 135 252
person 0.0029 36 191 104 317
person 0.0025 165 126 195 226
person 0.0024 34 219 67 287
person 0.0022 254 262 290 292
person 0.0022 146 130 178 258
person 0.0019 76 131 137 306
person 0.0017 0 151 4 231
person 0.0015 416 106 449 244
person 0.0015 95 165 123 267
person 0.0014 97 124 152 315
person 0.0011 147 97 205 225
person 0.0010 44 216 91 290
sheep 0.0019 374 127 495 375
sheep 0.0012 0 209 66 333
