bicycle 0.0014 -11 168 285 485
bottle 0.0225 372 238 403 308
bottle 0.0060 434 235 455 275
bottle 0.0043 388 241 408 286
bottle 0.0034 384 225 409 302
bottle 0.0028 362 247 379 298
bottle 0.0024 170 221 244 328
bottle 0.0018 371 240 387 286
bottle 0.0013 373 247 407 280
bottle 0.0011 434 224 462 285
chair 0.9902 31 145 303 504
chair 0.3256 92 57 375 527
chair 0.0160 39 243 441 478
chair 0.0059 241 244 472 490
chair 0.0026 91 63 338 334
chair 0.0013 207 130 497 522
diningtable 0.0297 50 250 505 481
diningtable 0.0047 228 303 479 489
diningtable 0.0042 71 129 402 516
diningtable 0.0012 -11 168 285 485
person 0.9979 107 57 353 313
person 0.1886 79 61 322 528
sofa 0.0049 43 68 296 523
