aeroplane 0.0184 194 131 395 292
aeroplane 0.0010 376 141 486 267
bicycle 0.0021 488 136 498 226
bus 0.0023 227 149 403 292
car 0.0158 71 150 191 266
car 0.0014 0 130 7 215
car 0.0011 488 136 498 226
chair 0.0015 5 160 80 256
chair 0.0010 74 157 186 279
cow 0.9750 205 149 385 290
cow 0.2272 5 160 80 256
cow 0.0723 133 154 191 255
cow 0.0269 71 157 170 260
cow 0.0167 344 144 478 269
cow 0.0031 291 162 438 281
cow 0.0029 255 128 482 286
cow 0.0028 308 141 393 301
cow 0.0011 361 147 393 265
cow 0.0011 196 154 234 216
cow 0.0011 185 153 218 217
diningtable 0.0097 71 150 191 266
diningtable 0.0020 207 143 381 280
dog 0.0065 133 154 191 255
dog 0.0038 228 144 403 277
dog 0.0028 71 150 191 266
dog 0.0023 5 160 80 256
horse 0.1131 385 127 472 280
horse 0.0892 5 160 80 256
horse 0.0851 194 131 395 292
horse 0.0255 133 154 191 255
horse 0.0074 71 150 191 266
horse 0.0051 415 148 483 262
horse 0.0036 321 122 490 286
horse 0.0017 280 150 457 267
horse 0.0012 0 132 17 243
horse 0.0010 488 136 498 226
motorbike 0.0019 488 136 498 226
person 0.9683 389 97 431 279
person 0.5839 478 108 497 223
person 0.1343 488 136 498 226
person 0.0669 462 139 488 232
person 0.0294 385 127 472 280
person 0.0183 227 149 403 292
person 0.0150 481 150 495 215
person 0.0101 74 157 186 279
person 0.0074 492 106 500 199
person 0.0065 453 99 497 234
person 0.0052 5 160 80 256
person 0.0045 392 105 424 195
person 0.0038 133 154 191 255
person 0.0021 195 157 326 288
person 0.0021 469 152 485 214
person 0.0020 387 107 414 230
person 0.0016 0 138 7 226
person 0.0014 480 78 498 187
person 0.0014 444 139 495 265
person 0.0010 381 129 405 278
sheep 0.0036 228 144 403 277
sheep 0.0029 5 160 80 256
sheep 0.0011 376 141 486 267
sofa 0.0012 74 157 186 279
