aeroplane 0.0018 146 156 171 191
bird 0.9966 175 109 213 206
bird 0.3442 142 148 176 211
bird 0.3105 146 156 171 191
bird 0.1015 445 201 501 349
bird 0.0720 454 213 497 297
bird 0.0360 412 186 450 283
bird 0.0239 401 161 460 305
bird 0.0181 416 186 494 364
bird 0.0151 271 189 310 273
bird 0.0112 157 118 215 230
bird 0.0098 148 164 169 181
bird 0.0078 134 136 191 258
bird 0.0062 479 225 499 394
bird 0.0057 146 159 181 264
bird 0.0055 467 200 500 415
bird 0.0050 427 199 468 277
bird 0.0040 143 164 187 195
bird 0.0038 130 158 171 229
bird 0.0036 164 129 202 216
bird 0.0033 156 145 174 185
bird 0.0022 30 252 106 303
bird 0.0020 417 212 490 288
bird 0.0016 470 208 497 339
bird 0.0015 378 155 447 356
bird 0.0013 146 150 183 180
bird 0.0013 266 168 319 302
bird 0.0013 189 158 207 207
bird 0.0011 458 235 494 348
bird 0.0010 149 171 167 188
bottle 0.0103 412 186 450 283
bottle 0.0013 271 189 310 273
cat 0.0010 443 204 501 379
person 0.9392 372 190 446 389
person 0.7802 286 178 377 392
person 0.2665 443 204 501 379
person 0.0481 395 176 463 373
person 0.0281 258 173 345 401
person 0.0201 386 153 448 319
person 0.0191 454 213 497 297
person 0.0116 412 186 450 283
person 0.0109 345 191 412 391
person 0.0055 475 212 497 375
person 0.0018 267 185 305 275
person 0.0018 411 173 487 300
pottedplant 0.0027 416 186 494 364
pottedplant 0.0012 402 168 460 338
sheep 0.0010 146 156 171 191
tvmonitor 0.0210 445 201 501 349
tvmonitor 0.0058 416 186 494 364
tvmonitor 0.0049 454 213 497 297
tvmonitor 0.0010 417 200 451 296
