bicycle 0.0101 481 224 500 358
bicycle 0.0038 475 207 499 301
boat 0.0018 27 11 175 304
bottle 0.0030 490 165 498 238
bottle 0.0016 489 147 499 215
bottle 0.0016 481 176 495 227
bottle 0.0011 481 224 500 358
bottle 0.0010 475 138 497 212
chair 0.0200 477 214 499 332
chair 0.0162 457 209 494 299
chair 0.0042 449 199 498 348
chair 0.0039 480 227 492 290
chair 0.0035 476 185 498 286
chair 0.0022 480 256 499 368
chair 0.0014 488 214 497 302
cow 0.0010 27 11 175 304
diningtable 0.0279 447 188 500 322
diningtable 0.0079 456 195 495 278
diningtable 0.0062 477 214 499 332
diningtable 0.0055 439 204 506 267
diningtable 0.0039 466 179 504 365
diningtable 0.0029 360 139 497 368
diningtable 0.0021 476 185 498 286
diningtable 0.0016 27 11 175 304
diningtable 0.0012 435 189 508 244
dog 0.0010 488 138 500 207
horse 0.0018 477 214 499 332
motorbike 0.0077 477 214 499 332
motorbike 0.0014 456 195 495 278
motorbike 0.0013 476 185 498 286
motorbike 0.0010 480 256 499 368
motorbike 0.0010 466 179 504 365
person 0.9997 326 107 478 364
person 0.9976 24 25 182 366
person 0.9921 109 219 289 371
person 0.9656 145 30 212 207
person 0.8981 260 233 394 367
person 0.8262 255 66 340 256
person 0.1570 176 102 310 292
person 0.0443 488 138 500 207
person 0.0402 475 138 497 212
person 0.0109 234 80 324 304
person 0.0093 141 44 184 151
person 0.0077 158 39 230 168
person 0.0070 157 44 201 152
person 0.0061 489 202 497 298
person 0.0060 476 185 498 286
person 0.0058 479 223 494 279
person 0.0054 177 74 267 246
person 0.0045 135 54 163 140
person 0.0038 139 60 193 248
person 0.0027 490 153 499 229
person 0.0027 80 39 199 178
person 0.0026 360 274 392 357
person 0.0026 234 223 346 325
person 0.0025 222 187 288 359
person 0.0025 491 118 499 192
person 0.0022 198 123 284 345
person 0.0019 477 214 499 332
person 0.0014 314 205 390 382
person 0.0014 474 70 499 204
person 0.0014 170 214 313 321
person 0.0012 320 239 471 369
person 0.0011 156 165 331 358
person 0.0011 480 163 496 220
person 0.0010 463 141 493 212
pottedplant 0.3078 -6 12 123 374
pottedplant 0.0558 -2 -24 86 184
pottedplant 0.0474 472 34 497 170
pottedplant 0.0367 27 11 175 304
pottedplant 0.0158 452 45 500 190
pottedplant 0.0095 0 -28 63 123
pottedplant 0.0043 0 85 86 348
pottedplant 0.0024 474 115 498 206
pottedplant 0.0013 -9 14 106 132
pottedplant 0.0012 461 85 495 188
pottedplant 0.0011 -22 -45 80 345
sofa 0.0011 27 11 175 304
