boat 0.0013 82 26 428 346
bottle 0.4001 152 256 183 325
bottle 0.1895 428 150 444 198
bottle 0.0749 423 149 438 200
bottle 0.0583 70 252 105 334
bottle 0.0242 152 219 178 298
bottle 0.0231 163 273 186 321
bottle 0.0226 158 263 179 313
bottle 0.0226 142 272 159 322
bottle 0.0190 434 150 453 197
bottle 0.0150 149 261 166 316
bottle 0.0150 158 244 176 295
bottle 0.0137 159 242 191 315
bottle 0.0094 422 147 450 206
bottle 0.0054 185 163 208 202
bottle 0.0037 160 272 195 338
bottle 0.0034 135 265 195 321
bottle 0.0031 149 231 168 289
bottle 0.0027 134 261 166 325
bottle 0.0021 140 249 161 309
bottle 0.0018 431 158 442 188
bottle 0.0015 274 261 294 296
bottle 0.0010 418 152 448 239
bottle 0.0010 145 293 155 320
car 0.0018 252 24 298 57
car 0.0015 82 26 428 346
chair 0.0090 288 56 450 159
chair 0.0056 290 85 444 209
chair 0.0035 82 26 428 346
chair 0.0028 168 110 352 354
chair 0.0013 222 65 445 243
chair 0.0011 128 29 307 331
cow 0.0011 261 27 304 63
horse 0.0012 261 27 304 63
motorbike 0.0014 261 27 304 63
person 0.9984 46 163 241 380
person 0.9848 201 139 359 365
person 0.7806 324 51 465 157
person 0.7602 131 42 371 321
person 0.7452 272 62 460 240
person 0.5183 294 35 445 122
person 0.2756 353 40 439 96
person 0.2374 261 27 304 63
person 0.0983 305 42 370 89
person 0.0964 253 120 411 241
person 0.0427 258 59 414 164
person 0.0276 303 41 373 161
person 0.0203 315 43 391 111
person 0.0203 190 157 326 305
person 0.0175 265 67 363 206
person 0.0055 320 50 362 145
person 0.0046 81 150 339 367
person 0.0045 311 42 354 75
person 0.0036 364 35 488 125
person 0.0035 249 15 280 72
person 0.0031 252 33 339 80
person 0.0028 97 38 259 344
person 0.0026 73 76 136 198
person 0.0023 319 130 429 182
person 0.0023 271 47 367 105
person 0.0019 156 37 426 209
person 0.0019 246 29 287 62
person 0.0019 33 40 323 415
person 0.0018 165 152 233 200
person 0.0016 305 112 405 166
person 0.0016 323 47 356 86
person 0.0013 378 57 420 92
person 0.0011 259 87 344 264
sofa 0.3439 82 26 428 346
sofa 0.0508 179 66 397 304
sofa 0.0070 272 62 460 240
sofa 0.0065 128 29 307 331
