boat 0.0084 151 1 177 31
boat 0.0031 312 60 340 89
boat 0.0012 255 57 285 92
bus 0.0269 312 60 340 89
bus 0.0126 208 56 235 83
bus 0.0089 255 56 281 87
bus 0.0076 151 1 177 31
bus 0.0051 165 51 191 85
bus 0.0039 368 62 396 93
chair 0.9095 168 227 279 305
chair 0.8475 227 109 288 212
chair 0.8242 350 105 396 206
chair 0.4409 251 174 343 294
chair 0.1587 308 95 344 150
chair 0.1525 0 76 20 177
chair 0.0977 1 72 39 179
chair 0.0762 382 132 401 218
chair 0.0543 0 70 24 123
chair 0.0520 354 106 397 152
chair 0.0367 234 128 294 187
chair 0.0223 392 102 400 157
chair 0.0208 258 91 302 188
chair 0.0192 169 258 278 297
chair 0.0170 346 105 384 177
chair 0.0122 311 97 395 194
chair 0.0116 318 98 373 153
chair 0.0078 378 101 400 153
chair 0.0039 84 68 122 96
chair 0.0035 9 74 61 180
chair 0.0033 127 67 159 98
chair 0.0032 0 105 16 200
chair 0.0032 261 88 384 267
chair 0.0032 131 61 152 93
chair 0.0030 36 69 75 100
chair 0.0028 117 69 135 98
chair 0.0026 42 94 123 181
chair 0.0026 0 108 6 183
chair 0.0025 393 113 399 178
chair 0.0023 363 148 396 216
chair 0.0021 221 90 306 262
chair 0.0018 236 96 332 198
chair 0.0016 393 133 399 220
chair 0.0015 0 92 6 154
chair 0.0015 0 75 19 110
chair 0.0013 124 69 142 98
chair 0.0012 271 90 372 162
chair 0.0011 0 112 45 171
chair 0.0011 373 90 400 223
chair 0.0011 20 90 51 164
chair 0.0010 254 109 289 179
chair 0.0010 -1 70 9 115
diningtable 0.0149 271 90 372 162
diningtable 0.0038 256 84 384 223
diningtable 0.0031 0 76 20 177
diningtable 0.0021 293 96 345 148
person 0.0032 392 102 400 157
person 0.0011 0 76 20 177
pottedplant 0.0036 151 1 177 31
pottedplant 0.0016 392 102 400 157
pottedplant 0.0010 312 60 340 89
sofa 0.0045 312 60 340 89
sofa 0.0040 208 56 235 83
sofa 0.0029 368 62 396 93
sofa 0.0028 162 51 189 87
sofa 0.0022 255 56 281 87
sofa 0.0018 84 68 122 96
sofa 0.0018 0 76 20 177
sofa 0.0013 151 1 177 31
sofa 0.0012 36 69 75 100
sofa 0.0010 0 70 24 123
train 0.0106 312 60 340 89
train 0.0082 151 1 177 31
train 0.0034 208 56 235 83
train 0.0019 255 56 281 87
train 0.0014 368 62 396 93
train 0.0014 165 51 191 85
tvmonitor 0.9240 128 91 185 140
tvmonitor 0.8912 368 62 396 93
tvmonitor 0.8049 312 60 340 89
tvmonitor 0.7206 210 55 239 83
tvmonitor 0.6522 165 51 191 85
tvmonitor 0.4867 255 56 281 87
tvmonitor 0.4827 46 108 129 165
tvmonitor 0.2023 217 64 249 118
tvmonitor 0.1847 185 83 219 128
tvmonitor 0.1801 0 70 24 123
tvmonitor 0.1393 151 1 177 31
tvmonitor 0.1028 84 68 122 96
tvmonitor 0.0669 124 60 168 92
tvmonitor 0.0627 36 69 75 100
tvmonitor 0.0422 211 56 242 103
tvmonitor 0.0212 16 14 50 75
tvmonitor 0.0180 107 61 157 95
tvmonitor 0.0172 127 67 159 98
tvmonitor 0.0161 0 13 19 82
tvmonitor 0.0119 4 15 37 76
tvmonitor 0.0109 0 84 19 113
tvmonitor 0.0104 131 55 150 83
tvmonitor 0.0075 122 71 175 153
tvmonitor 0.0064 161 87 188 134
tvmonitor 0.0048 0 76 20 177
tvmonitor 0.0046 187 58 239 80
tvmonitor 0.0043 380 145 401 223
tvmonitor 0.0043 129 50 155 75
tvmonitor 0.0040 180 55 213 83
tvmonitor 0.0037 310 68 342 82
tvmonitor 0.0037 139 54 188 84
tvmonitor 0.0035 130 26 158 76
tvmonitor 0.0034 164 61 193 133
tvmonitor 0.0034 2 73 31 147
tvmonitor 0.0034 155 57 196 91
tvmonitor 0.0033 97 63 127 101
tvmonitor 0.0032 175 56 202 99
tvmonitor 0.0031 35 71 93 112
tvmonitor 0.0031 148 2 195 35
tvmonitor 0.0030 363 65 397 113
tvmonitor 0.0030 -1 36 7 85
tvmonitor 0.0025 365 66 384 90
tvmonitor 0.0024 3 58 32 108
tvmonitor 0.0023 1 191 41 309
tvmonitor 0.0019 130 47 161 89
tvmonitor 0.0019 168 227 279 305
tvmonitor 0.0018 162 3 181 31
tvmonitor 0.0018 182 92 212 121
tvmonitor 0.0017 256 58 302 91
tvmonitor 0.0017 164 98 181 131
tvmonitor 0.0017 155 7 173 25
tvmonitor 0.0016 -1 78 9 120
tvmonitor 0.0016 392 102 400 157
tvmonitor 0.0015 11 0 57 96
tvmonitor 0.0015 0 68 18 101
tvmonitor 0.0015 86 68 141 111
tvmonitor 0.0015 125 69 162 125
tvmonitor 0.0014 40 74 61 98
tvmonitor 0.0014 146 59 172 91
tvmonitor 0.0014 0 92 6 154
tvmonitor 0.0014 172 2 187 32
tvmonitor 0.0013 12 66 70 100
tvmonitor 0.0013 117 69 135 98
tvmonitor 0.0013 0 64 36 90
tvmonitor 0.0012 148 55 165 85
tvmonitor 0.0011 -1 64 9 105
tvmonitor 0.0010 176 53 195 83
tvmonitor 0.0010 -1 57 41 168
