bottle 0.0222 461 141 475 201
bottle 0.0088 464 144 483 199
bottle 0.0046 458 139 491 206
bottle 0.0020 54 49 79 147
bottle 0.0017 474 128 499 219
car 0.0024 315 -1 367 16
chair 0.0019 474 128 499 219
chair 0.0011 413 90 463 119
person 0.9994 265 14 438 229
person 0.8323 159 50 253 227
person 0.0025 1 126 22 229
person 0.0014 0 138 7 242
pottedplant 0.0422 76 38 173 166
pottedplant 0.0016 123 53 171 142
tvmonitor 0.9478 407 83 472 131
tvmonitor 0.0240 398 52 482 154
tvmonitor 0.0054 413 90 463 119
tvmonitor 0.0023 428 79 503 130
