bicycle 0.0202 -1 274 17 387
bicycle 0.0026 358 186 394 277
bicycle 0.0016 314 172 391 323
car 0.0036 0 245 18 382
car 0.0020 320 109 381 296
car 0.0018 492 99 500 171
car 0.0016 0 281 8 390
car 0.0014 237 139 318 292
car 0.0012 360 163 390 269
motorbike 0.8687 237 139 318 292
motorbike 0.8510 318 148 385 315
motorbike 0.1800 150 150 256 319
motorbike 0.1522 79 158 195 306
motorbike 0.0432 245 118 305 244
motorbike 0.0365 0 245 18 382
motorbike 0.0331 358 186 394 277
motorbike 0.0201 345 145 393 287
motorbike 0.0150 197 132 285 299
motorbike 0.0144 283 155 346 311
motorbike 0.0023 298 180 330 289
motorbike 0.0016 -1 177 27 407
motorbike 0.0015 255 167 335 327
motorbike 0.0014 263 123 388 324
motorbike 0.0013 71 201 141 299
motorbike 0.0011 227 124 296 184
motorbike 0.0010 336 195 401 272
motorbike 0.0010 241 131 284 228
person 0.9864 318 126 382 308
person 0.2010 239 125 312 269
person 0.0601 71 201 141 299
person 0.0447 258 118 292 172
person 0.0305 79 158 195 306
person 0.0157 257 122 295 237
person 0.0123 360 163 390 269
person 0.0070 345 145 393 287
person 0.0052 0 216 18 372
person 0.0040 227 124 296 184
person 0.0036 241 131 284 228
person 0.0035 269 117 292 156
person 0.0032 286 131 344 301
person 0.0025 208 122 278 274
person 0.0017 103 122 184 278
person 0.0014 172 132 266 305
person 0.0013 322 143 351 284
person 0.0013 0 271 7 382
person 0.0013 256 122 294 149
person 0.0010 260 109 326 252
