bicycle 0.0062 73 124 135 179
bicycle 0.0059 1 102 21 202
bicycle 0.0040 82 133 103 186
bicycle 0.0017 79 121 122 159
bus 0.0012 67 67 400 312
car 0.9998 61 56 383 300
car 0.0043 81 112 122 137
car 0.0021 140 67 156 81
car 0.0019 120 62 158 82
car 0.0013 145 52 192 79
chair 0.0160 2 92 24 186
chair 0.0044 79 124 104 176
chair 0.0035 471 163 501 224
chair 0.0023 74 122 111 161
chair 0.0011 75 124 94 177
cow 0.0010 91 112 128 138
diningtable 0.0010 2 92 24 186
dog 0.0016 82 133 103 186
horse 0.0011 80 113 123 150
motorbike 0.0021 80 113 123 150
person 0.2738 84 109 125 161
person 0.2064 91 112 128 138
person 0.0328 105 110 127 150
person 0.0215 74 122 111 161
person 0.0213 73 124 135 179
person 0.0203 73 106 139 145
person 0.0081 109 114 127 132
person 0.0064 100 114 123 131
person 0.0036 2 92 24 186
person 0.0036 79 124 104 176
person 0.0034 74 112 113 137
person 0.0020 491 149 499 211
person 0.0019 87 129 109 171
person 0.0019 75 120 94 164
person 0.0017 2 19 19 175
person 0.0017 80 105 122 128
person 0.0014 140 67 156 81
person 0.0013 492 -6 499 99
person 0.0011 100 110 135 160
person 0.0010 492 158 498 186
