bottle 0.9438 64 200 93 298
bottle 0.8902 214 289 250 367
bottle 0.7974 137 35 176 95
bottle 0.5077 233 140 253 184
bottle 0.2892 390 84 410 143
bottle 0.1800 231 132 246 177
bottle 0.1536 265 222 302 284
bottle 0.0379 154 47 178 84
bottle 0.0347 221 131 258 188
bottle 0.0140 224 148 249 190
bottle 0.0118 55 216 86 319
bottle 0.0087 215 297 236 357
bottle 0.0084 147 36 171 79
bottle 0.0075 389 94 424 138
bottle 0.0067 369 89 426 145
bottle 0.0059 232 134 242 158
bottle 0.0053 272 234 296 280
bottle 0.0046 392 100 430 165
bottle 0.0045 117 47 182 100
bottle 0.0045 222 301 243 355
bottle 0.0041 0 196 84 347
bottle 0.0031 227 155 261 185
bottle 0.0028 237 147 250 179
bottle 0.0025 240 141 261 184
bottle 0.0024 378 98 415 167
bottle 0.0021 364 89 378 138
bottle 0.0021 196 286 256 348
bottle 0.0015 204 150 273 193
bottle 0.0014 210 295 226 357
bottle 0.0013 186 132 266 184
bottle 0.0012 381 77 400 137
bottle 0.0012 0 209 8 289
bottle 0.0011 148 58 186 90
bottle 0.0011 281 225 301 274
bottle 0.0010 391 76 407 121
bottle 0.0010 234 127 250 167
chair 0.0025 266 123 450 373
person 0.9995 259 68 453 370
person 0.9984 127 79 293 377
person 0.9689 -1 84 192 375
person 0.8944 448 113 503 360
person 0.5832 157 65 330 251
person 0.1505 230 57 428 258
person 0.1241 3 146 55 286
person 0.0343 210 66 358 305
person 0.0306 251 75 336 239
person 0.0254 0 155 43 241
person 0.0207 468 115 498 423
person 0.0173 186 132 266 184
person 0.0163 0 196 84 347
person 0.0115 364 89 378 138
person 0.0114 1 145 22 286
person 0.0112 1 172 15 337
person 0.0105 7 97 44 172
person 0.0100 438 87 496 232
person 0.0091 282 79 441 216
person 0.0079 193 70 275 202
person 0.0053 28 104 65 169
person 0.0050 2 73 24 172
person 0.0042 0 139 25 224
person 0.0037 253 75 295 160
person 0.0035 0 209 8 289
person 0.0034 481 134 497 371
person 0.0030 -1 118 33 316
person 0.0029 481 78 497 201
person 0.0029 366 85 397 151
person 0.0028 449 110 490 202
person 0.0026 251 62 314 178
person 0.0024 432 112 473 201
person 0.0020 100 66 264 253
person 0.0019 137 80 221 197
person 0.0014 308 51 478 258
person 0.0012 -1 79 7 171
person 0.0012 119 34 464 345
person 0.0012 492 68 499 181
person 0.0011 368 87 386 138
person 0.0011 467 62 501 296
person 0.0011 0 154 8 228
person 0.0010 0 163 6 278
person 0.0010 413 108 446 174
