bird 0.8883 0 169 121 330
bird 0.6591 184 126 265 196
bird 0.3196 145 112 268 226
bird 0.2217 284 217 427 315
bird 0.1035 222 132 292 185
bird 0.0468 32 -7 400 351
bird 0.0462 127 74 289 280
bird 0.0254 281 247 395 305
bird 0.0108 170 135 243 209
bird 0.0056 35 211 129 326
bird 0.0054 254 140 293 203
bird 0.0038 253 136 291 170
bird 0.0022 165 234 423 322
bird 0.0014 154 34 348 299
bird 0.0014 91 132 328 332
bird 0.0013 52 226 207 329
bird 0.0012 312 211 469 296
bird 0.0012 65 195 143 310
bird 0.0011 335 212 413 292
bottle 0.0256 253 132 292 188
bottle 0.0064 145 112 268 226
bottle 0.0040 193 129 279 191
bottle 0.0016 219 141 296 198
bottle 0.0013 258 135 286 171
bus 0.0035 117 -14 450 302
cat 0.0109 145 112 268 226
cat 0.0013 40 43 464 345
cat 0.0012 118 86 294 316
dog 0.0020 145 112 268 226
person 0.9965 120 -3 447 339
person 0.1780 118 86 294 316
person 0.0817 -5 139 124 346
person 0.0163 154 34 348 299
person 0.0149 0 151 10 212
person 0.0117 132 123 274 262
person 0.0032 5 159 21 203
person 0.0017 -3 128 63 338
person 0.0017 0 152 7 246
person 0.0015 1 140 19 246
person 0.0011 -6 -20 361 360
person 0.0011 -1 103 31 363
sheep 0.0016 0 169 121 330
train 0.0014 117 -14 450 302
tvmonitor 0.0081 52 -28 451 313
