aeroplane 0.9999 6 30 492 345
aeroplane 0.0239 187 43 243 69
aeroplane 0.0238 155 32 251 68
aeroplane 0.0234 183 35 232 63
aeroplane 0.0110 3 -15 168 332
aeroplane 0.0017 198 36 250 62
aeroplane 0.0012 16 9 244 212
aeroplane 0.0011 -46 -12 313 312
bicycle 0.0012 -5 -15 131 338
boat 0.0010 187 43 243 69
bus 0.0011 -5 -15 131 338
car 0.0088 -5 -15 131 338
cow 0.0032 -16 22 459 406
cow 0.0019 -5 -15 131 338
horse 0.0025 -16 22 459 406
motorbike 0.0015 -5 -15 131 338
person 0.9995 1 9 129 377
train 0.0020 -16 22 459 406
train 0.0011 -5 -15 131 338
