aeroplane 0.0013 9 -48 360 362
bicycle 0.9998 47 -2 380 367
bicycle 0.0037 298 -12 415 294
boat 0.0028 9 -48 360 362
bottle 0.0014 423 71 456 155
chair 0.0384 445 21 498 145
chair 0.0194 475 25 498 138
chair 0.0138 429 55 466 149
chair 0.0043 298 -12 415 294
chair 0.0043 423 71 456 155
chair 0.0041 491 72 499 155
chair 0.0040 50 -39 419 355
chair 0.0038 381 25 414 93
chair 0.0026 392 25 425 95
chair 0.0014 482 58 498 173
chair 0.0013 412 36 462 163
diningtable 0.0011 445 21 498 145
person 0.0065 9 -48 360 362
person 0.0064 475 25 498 138
person 0.0020 449 -3 500 134
person 0.0015 493 -1 499 78
person 0.0011 381 25 414 93
pottedplant 0.1506 -4 98 97 295
pottedplant 0.0054 0 55 92 225
pottedplant 0.0012 429 55 466 149
pottedplant 0.0011 491 72 499 155
sofa 0.0016 9 -48 360 362
