bird 0.0015 52 75 275 301
bottle 0.8259 78 52 125 139
bottle 0.1592 108 43 138 116
bottle 0.0878 55 26 126 141
bottle 0.0576 114 25 141 95
bottle 0.0269 68 43 111 125
bottle 0.0260 52 70 87 126
bottle 0.0148 70 56 126 215
bottle 0.0082 70 73 110 153
bottle 0.0055 54 81 126 147
bottle 0.0055 131 23 147 67
bottle 0.0043 51 73 75 113
bottle 0.0031 110 36 132 90
bottle 0.0024 103 38 136 74
bottle 0.0015 79 84 119 183
cow 0.0773 174 43 509 312
cow 0.0735 52 75 275 301
diningtable 0.0045 52 75 275 301
dog 0.0028 63 57 268 267
dog 0.0010 174 43 509 312
horse 0.0338 52 75 275 301
horse 0.0132 174 43 509 312
person 0.9908 2 3 131 314
person 0.7195 108 -18 232 67
person 0.5834 32 49 253 283
person 0.0380 76 -11 212 92
person 0.0187 275 46 508 297
person 0.0177 150 -1 242 57
person 0.0092 4 8 128 155
person 0.0080 107 3 184 69
person 0.0046 22 0 161 116
person 0.0040 113 7 145 79
person 0.0025 77 30 328 246
person 0.0020 107 37 487 311
person 0.0017 58 66 121 242
person 0.0012 489 5 498 268
person 0.0010 -36 -42 240 315
sheep 0.9960 198 63 508 316
sheep 0.3269 63 57 268 267
sheep 0.0036 -30 34 373 296
