aeroplane 0.0022 7 134 419 383
bird 0.0013 6 192 117 286
bottle 0.0198 125 215 147 266
car 0.0011 7 134 419 383
cat 0.0021 54 176 297 289
cat 0.0017 335 275 404 338
cat 0.0016 6 192 117 286
chair 0.0039 -36 107 390 339
dog 0.6883 6 192 117 286
dog 0.1233 54 176 297 289
dog 0.0169 335 275 404 338
dog 0.0028 442 4 504 118
dog 0.0010 125 215 147 266
person 0.8910 35 144 317 311
person 0.3206 10 60 486 331
person 0.1172 250 44 417 332
person 0.0048 19 182 266 283
person 0.0023 -21 132 377 381
person 0.0013 442 4 504 118
sofa 0.9211 0 109 421 344
sofa 0.1436 42 162 310 341
sofa 0.0045 3 184 488 396
sofa 0.0033 76 203 331 305
