bicycle 0.8335 211 252 379 481
bicycle 0.0145 266 250 386 398
bicycle 0.0101 198 301 354 435
bicycle 0.0060 160 259 280 368
bicycle 0.0023 189 275 344 372
chair 0.8672 201 293 379 497
chair 0.3658 243 254 379 397
chair 0.1035 256 236 369 344
chair 0.0073 160 259 280 368
chair 0.0014 189 275 344 372
chair 0.0012 214 287 294 349
person 0.6921 153 217 272 357
person 0.0042 148 205 218 356
pottedplant 0.8750 237 18 371 335
pottedplant 0.0235 273 194 345 322
pottedplant 0.0068 256 236 369 344
pottedplant 0.0021 160 0 231 59
pottedplant 0.0016 248 134 368 292
pottedplant 0.0015 287 214 333 305
