aeroplane 0.9996 198 140 253 203
aeroplane 0.9996 27 39 90 114
aeroplane 0.9993 164 21 225 100
aeroplane 0.9985 63 235 122 301
aeroplane 0.9983 49 146 106 216
aeroplane 0.9979 400 13 455 85
aeroplane 0.0146 463 62 507 87
aeroplane 0.0143 490 48 500 105
aeroplane 0.0055 492 75 501 91
aeroplane 0.0040 490 69 502 85
aeroplane 0.0025 455 56 494 79
aeroplane 0.0021 71 248 112 285
aeroplane 0.0018 195 155 239 186
aeroplane 0.0017 466 67 484 79
aeroplane 0.0013 478 20 502 103
aeroplane 0.0013 466 61 484 74
aeroplane 0.0010 465 55 486 81
bicycle 0.0015 25 36 86 102
bicycle 0.0014 162 6 230 90
bird 0.0025 48 147 100 214
bird 0.0025 162 23 216 97
bird 0.0017 34 39 86 98
bird 0.0011 401 13 455 84
bird 0.0010 72 233 122 299
boat 0.0022 162 23 216 97
boat 0.0012 392 17 451 80
cat 0.0071 53 146 104 214
cat 0.0035 162 23 216 97
cat 0.0023 34 39 86 98
cat 0.0016 401 13 455 84
person 0.0076 162 23 216 97
person 0.0025 50 155 108 217
person 0.0023 31 37 88 113
person 0.0014 399 19 456 86
sheep 0.0013 490 48 500 105
train 0.0050 67 232 118 303
train 0.0020 162 23 216 97
train 0.0017 27 41 90 113
