aeroplane 0.0026 98 36 454 388
boat 0.9995 69 19 417 362
bus 0.0076 98 36 454 388
cow 0.0022 98 36 454 388
diningtable 0.0010 93 15 457 369
person 0.8060 390 174 421 265
person 0.1565 380 181 414 278
person 0.0299 200 100 232 164
person 0.0217 320 69 339 105
person 0.0124 358 201 394 268
person 0.0116 358 36 379 80
person 0.0098 207 110 228 156
person 0.0069 493 168 499 255
person 0.0053 361 198 427 266
person 0.0050 393 174 408 229
person 0.0026 358 210 382 248
person 0.0023 347 35 375 98
person 0.0020 397 179 415 240
person 0.0018 385 170 414 236
person 0.0018 355 41 383 107
person 0.0016 324 76 337 98
person 0.0015 48 -16 396 337
person 0.0014 317 55 351 110
person 0.0011 485 156 499 279
train 0.0080 98 36 454 388
