aeroplane 0.0118 458 128 500 226
aeroplane 0.0069 27 207 75 282
aeroplane 0.0041 59 274 111 335
bird 0.5227 24 195 78 278
bird 0.3666 458 128 500 226
bird 0.0068 262 93 326 146
bird 0.0043 53 272 114 326
bird 0.0034 29 186 96 242
bird 0.0033 226 103 293 157
bird 0.0028 31 161 103 223
bird 0.0025 0 161 22 259
bird 0.0023 341 123 382 181
bird 0.0017 102 18 244 109
bird 0.0016 243 133 402 316
bird 0.0016 208 89 282 148
bird 0.0013 7 177 45 246
bird 0.0012 279 107 322 140
bird 0.0011 0 14 10 72
bird 0.0010 -1 85 129 225
bottle 0.0013 20 196 81 274
cat 0.9756 56 277 112 331
cat 0.0497 27 207 75 282
cat 0.0133 458 128 500 226
cat 0.0061 97 32 254 126
cat 0.0046 89 78 271 278
cat 0.0034 26 190 91 306
cat 0.0032 16 94 149 217
cat 0.0023 49 241 118 337
cat 0.0021 341 123 382 181
cat 0.0019 222 118 382 295
cat 0.0012 5 -2 116 87
cow 0.0044 0 7 10 65
cow 0.0025 280 114 321 145
cow 0.0021 -1 85 129 225
cow 0.0015 246 127 396 291
cow 0.0014 0 -1 25 76
cow 0.0013 226 103 293 157
cow 0.0011 241 92 316 147
cow 0.0011 465 124 501 231
dog 0.0713 97 32 254 126
dog 0.0547 27 207 75 282
dog 0.0362 458 128 500 226
dog 0.0267 111 77 283 281
dog 0.0150 12 75 152 191
dog 0.0099 59 274 111 335
dog 0.0088 5 -2 116 87
dog 0.0064 226 103 293 157
dog 0.0055 241 118 401 302
dog 0.0037 196 74 318 161
dog 0.0035 341 123 382 181
dog 0.0021 241 92 316 147
dog 0.0019 208 89 282 148
dog 0.0018 92 69 258 163
dog 0.0017 228 64 345 139
dog 0.0017 26 190 91 306
dog 0.0015 47 158 118 224
dog 0.0012 2 41 121 131
dog 0.0010 -8 67 134 252
horse 0.0015 -1 85 129 225
horse 0.0012 243 133 402 316
person 0.0049 111 77 283 281
person 0.0043 5 -2 116 87
person 0.0026 27 190 90 279
person 0.0025 97 32 254 126
person 0.0024 -2 67 125 203
person 0.0017 457 116 500 239
pottedplant 0.0022 53 272 114 326
sheep 0.9946 241 118 401 302
sheep 0.9906 93 93 272 289
sheep 0.9593 97 32 254 126
sheep 0.9378 -1 85 129 225
sheep 0.7968 465 124 501 231
sheep 0.6886 13 11 118 77
sheep 0.5681 241 92 316 147
sheep 0.5236 24 195 78 278
sheep 0.3229 226 103 293 157
sheep 0.1231 275 90 318 151
sheep 0.1227 280 114 321 145
sheep 0.0832 0 57 57 104
sheep 0.0677 2 41 121 131
sheep 0.0621 0 -1 25 76
sheep 0.0457 196 74 318 161
sheep 0.0437 -1 51 32 109
sheep 0.0419 48 15 237 100
sheep 0.0409 238 81 321 126
sheep 0.0382 208 89 282 148
sheep 0.0317 0 7 10 65
sheep 0.0253 0 147 123 249
sheep 0.0249 228 64 345 139
sheep 0.0244 92 69 258 163
sheep 0.0174 31 161 103 223
sheep 0.0142 205 73 278 128
sheep 0.0119 233 113 276 149
sheep 0.0115 1 140 22 249
sheep 0.0107 -1 82 61 227
sheep 0.0097 275 88 311 118
sheep 0.0091 0 -11 11 42
sheep 0.0088 254 87 292 116
sheep 0.0081 290 88 332 149
sheep 0.0077 0 -7 61 51
sheep 0.0065 43 145 122 216
sheep 0.0064 45 78 231 251
sheep 0.0062 7 56 121 96
sheep 0.0056 1 3 44 74
sheep 0.0051 244 83 286 106
sheep 0.0042 261 103 309 139
sheep 0.0041 29 186 96 242
sheep 0.0040 1 65 95 120
sheep 0.0039 278 105 345 154
sheep 0.0038 1 14 23 58
sheep 0.0037 121 71 240 123
sheep 0.0037 275 74 348 134
sheep 0.0035 0 78 23 198
sheep 0.0032 11 61 53 88
sheep 0.0032 121 91 241 136
sheep 0.0032 115 4 248 45
sheep 0.0032 -3 50 34 81
sheep 0.0032 280 98 321 128
sheep 0.0030 0 34 66 88
sheep 0.0029 2 158 43 232
sheep 0.0026 -4 -5 33 22
sheep 0.0026 16 -9 151 62
sheep 0.0026 222 82 296 187
sheep 0.0025 -1 62 32 250
sheep 0.0022 111 17 251 59
sheep 0.0021 0 56 26 91
sheep 0.0020 235 85 274 116
sheep 0.0018 271 124 317 151
sheep 0.0018 23 -4 63 19
sheep 0.0017 0 -5 24 34
sheep 0.0017 226 60 334 107
sheep 0.0017 194 101 307 215
sheep 0.0017 0 40 10 91
sheep 0.0016 0 -44 20 56
sheep 0.0015 5 190 110 291
sheep 0.0015 288 106 314 142
sheep 0.0014 0 56 9 129
sheep 0.0014 0 180 65 243
sheep 0.0014 5 146 95 209
sheep 0.0014 1 82 9 181
sheep 0.0013 -23 80 85 184
sheep 0.0013 230 109 348 227
sheep 0.0013 1 26 8 62
sheep 0.0012 -15 -9 111 25
sheep 0.0012 0 69 25 114
sheep 0.0012 1 78 45 153
sheep 0.0010 341 123 382 181
sheep 0.0010 19 65 45 98
train 0.0030 465 124 501 231
train 0.0015 24 195 78 278
