bottle 0.9725 258 247 286 336
bottle 0.3699 66 163 79 197
bottle 0.2904 300 317 318 376
bottle 0.1750 286 315 308 375
bottle 0.0976 215 326 230 365
bottle 0.0490 269 313 295 376
bottle 0.0431 66 164 76 186
bottle 0.0202 255 233 292 381
bottle 0.0153 214 333 223 362
bottle 0.0130 265 317 281 372
bottle 0.0122 218 332 228 361
bottle 0.0091 253 251 276 367
bottle 0.0076 294 322 313 381
bottle 0.0032 70 162 86 199
bottle 0.0029 209 331 240 363
bottle 0.0025 262 260 284 315
bottle 0.0024 94 175 107 191
bottle 0.0023 56 167 89 194
bottle 0.0022 284 312 300 365
bottle 0.0019 237 324 250 368
bottle 0.0019 246 294 273 371
bottle 0.0016 227 325 240 366
bottle 0.0015 230 333 238 359
bottle 0.0014 91 167 110 197
bottle 0.0014 247 323 312 371
bottle 0.0010 86 176 98 192
bottle 0.0010 74 171 83 194
bottle 0.0010 274 257 291 317
car 0.0016 -3 167 34 349
chair 0.9850 87 181 150 282
chair 0.7689 -3 189 34 354
chair 0.6532 21 178 80 297
chair 0.2574 44 186 85 287
chair 0.0499 61 185 102 281
chair 0.0254 2 170 54 306
chair 0.0212 6 169 46 226
chair 0.0160 66 163 79 197
chair 0.0154 12 194 42 318
chair 0.0140 375 266 493 361
chair 0.0096 85 179 126 261
chair 0.0088 71 304 371 367
chair 0.0068 -1 165 25 309
chair 0.0066 26 173 65 262
chair 0.0038 473 282 503 376
chair 0.0022 478 207 502 304
chair 0.0018 0 144 6 220
chair 0.0017 27 217 63 316
chair 0.0016 67 166 100 234
chair 0.0016 0 156 26 236
chair 0.0015 128 168 157 264
chair 0.0014 443 154 496 280
chair 0.0013 315 259 390 327
chair 0.0012 51 165 83 232
chair 0.0012 127 263 234 323
chair 0.0011 -1 167 46 201
chair 0.0011 492 208 499 309
chair 0.0010 440 246 501 379
cow 0.0037 86 170 153 275
diningtable 0.9977 69 300 451 369
diningtable 0.8103 33 175 156 291
diningtable 0.4441 71 192 151 277
diningtable 0.1097 1 164 185 355
diningtable 0.1019 31 181 93 292
diningtable 0.0161 52 161 113 278
diningtable 0.0150 10 191 120 322
diningtable 0.0133 120 278 440 352
diningtable 0.0100 -1 203 30 344
diningtable 0.0076 0 183 52 329
diningtable 0.0029 29 201 70 298
diningtable 0.0022 335 265 485 355
person 0.0027 -3 167 34 349
person 0.0019 0 136 6 210
person 0.0012 6 169 46 226
pottedplant 0.0042 66 163 79 197
pottedplant 0.0012 66 164 76 186
sofa 0.0019 -1 203 30 344
tvmonitor 0.0043 -1 203 30 344
