boat 0.0010 20 53 468 382
bus 0.0013 0 197 23 307
bus 0.0012 20 53 468 382
car 0.9995 7 46 340 382
car 0.5946 0 197 23 307
car 0.1365 314 110 460 367
car 0.1317 403 155 504 360
car 0.0310 240 109 431 349
car 0.0244 1 175 24 263
car 0.0188 0 194 12 246
car 0.0172 1 197 21 243
car 0.0143 14 164 76 306
car 0.0140 5 185 39 288
car 0.0071 59 59 517 329
car 0.0056 2 176 50 327
car 0.0054 -2 172 28 365
car 0.0032 0 202 9 277
car 0.0023 1 204 8 235
car 0.0020 0 171 9 235
car 0.0015 21 184 64 285
cow 0.0013 195 97 234 136
horse 0.0010 195 97 234 136
person 0.9984 307 97 429 376
person 0.0494 195 97 234 136
person 0.0016 171 52 186 65
person 0.0012 0 197 23 307
person 0.0012 153 249 248 300
pottedplant 0.0017 -5 34 306 360
sheep 0.0012 0 197 23 307
