aeroplane 0.0020 302 133 339 154
bus 0.0036 302 133 339 154
bus 0.0014 325 144 337 156
car 0.2692 267 155 355 263
car 0.0568 325 144 337 156
car 0.0504 302 133 339 154
car 0.0145 315 143 329 154
car 0.0089 306 142 320 154
car 0.0086 311 138 330 150
car 0.0071 305 136 322 151
car 0.0049 77 86 86 97
car 0.0036 335 146 344 157
car 0.0022 293 138 333 157
car 0.0016 312 141 348 157
car 0.0016 297 146 308 156
car 0.0015 325 137 336 151
person 0.0029 325 144 337 156
person 0.0013 77 86 86 97
person 0.0011 335 146 344 157
train 0.0021 302 133 339 154
