bus 0.9998 54 -9 506 381
bus 0.0066 -1 131 15 176
car 0.9934 -1 173 51 258
car 0.7940 1 163 58 226
car 0.1601 102 154 138 193
car 0.0570 -1 131 15 176
car 0.0301 39 157 62 190
car 0.0220 22 165 61 197
car 0.0202 3 158 43 187
car 0.0182 89 165 133 195
car 0.0167 -1 149 12 195
car 0.0144 -4 146 34 179
car 0.0072 0 141 11 164
car 0.0047 0 134 10 156
car 0.0045 108 165 147 194
car 0.0043 0 158 8 186
car 0.0042 42 164 60 180
car 0.0035 9 151 56 178
car 0.0033 78 157 123 190
car 0.0032 1 154 25 188
car 0.0027 94 147 124 199
car 0.0026 -11 137 21 168
car 0.0022 12 171 56 208
car 0.0019 4 145 20 161
car 0.0018 0 168 8 192
car 0.0017 109 145 133 186
car 0.0017 0 149 9 176
car 0.0017 71 167 114 194
car 0.0014 -4 165 36 194
car 0.0014 36 165 52 181
car 0.0013 51 154 125 198
car 0.0012 42 170 60 210
car 0.0012 90 153 110 193
car 0.0012 30 134 59 192
horse 0.0043 40 -37 481 360
person 0.0294 156 153 180 190
person 0.0045 116 152 137 193
person 0.0045 109 145 133 186
person 0.0030 95 130 124 192
person 0.0026 123 146 133 161
person 0.0019 269 104 299 180
person 0.0016 277 117 310 191
person 0.0015 100 142 120 186
train 0.0018 -1 131 15 176
