bicycle 0.0011 24 30 39 99
boat 0.3236 389 11 474 41
boat 0.1735 301 8 412 51
boat 0.0848 401 10 471 28
boat 0.0534 354 37 437 85
boat 0.0446 300 18 443 63
boat 0.0085 465 0 484 38
boat 0.0075 316 10 479 44
boat 0.0034 375 29 422 90
boat 0.0027 388 17 454 36
boat 0.0026 240 10 355 43
boat 0.0022 398 4 457 21
boat 0.0021 304 26 438 91
boat 0.0018 405 22 468 47
person 0.8856 17 18 44 93
person 0.0342 24 30 39 99
person 0.0315 19 23 31 92
person 0.0139 26 9 52 89
person 0.0033 9 29 22 86
pottedplant 0.0011 354 37 437 85
train 0.0031 392 10 466 28
train 0.0016 402 15 471 37
