bicycle 0.9333 188 258 465 373
bicycle 0.8878 90 227 334 379
bicycle 0.0224 203 127 510 372
bicycle 0.0166 126 158 389 356
bicycle 0.0086 292 287 506 369
bicycle 0.0026 117 214 299 330
bicycle 0.0022 398 318 506 372
bicycle 0.0016 268 228 519 378
bicycle 0.0015 99 167 267 365
bicycle 0.0013 435 299 502 370
bicycle 0.0011 78 241 499 413
car 0.0028 157 100 509 371
chair 0.0038 144 260 439 366
chair 0.0019 157 100 509 371
chair 0.0011 194 121 252 189
dog 0.0056 225 271 297 327
motorbike 0.0037 157 100 509 371
person 0.9935 220 100 514 374
person 0.9735 179 115 391 348
person 0.0119 186 126 258 272
person 0.0096 144 260 439 366
person 0.0052 148 116 285 331
person 0.0032 114 176 307 357
person 0.0026 157 165 247 299
person 0.0021 184 143 326 292
person 0.0019 225 271 297 327
person 0.0013 194 121 252 189
person 0.0010 190 202 388 324
sofa 0.0020 157 100 509 371
sofa 0.0010 73 232 417 381
