bird 0.0049 265 21 321 39
bird 0.0019 295 23 309 33
bus 0.0041 472 204 499 239
bus 0.0026 488 183 500 242
bus 0.0022 411 208 463 236
bus 0.0021 246 214 338 247
car 0.8888 330 205 385 238
car 0.3324 411 208 463 236
car 0.1168 403 215 454 242
car 0.1023 469 208 502 237
car 0.0349 475 195 507 240
car 0.0247 428 208 481 236
car 0.0205 457 215 498 239
car 0.0106 488 183 500 242
car 0.0092 414 203 475 226
car 0.0088 246 214 338 247
car 0.0062 402 222 416 238
car 0.0052 253 220 316 243
car 0.0050 317 204 370 225
car 0.0040 327 205 355 238
car 0.0027 474 219 495 235
car 0.0024 475 213 496 229
car 0.0018 469 201 516 225
car 0.0017 465 219 485 236
car 0.0016 321 211 367 241
car 0.0015 491 220 499 239
car 0.0014 404 217 430 242
car 0.0012 490 211 498 230
car 0.0010 490 201 499 224
car 0.0010 306 208 362 234
car 0.0010 467 215 483 229
person 0.0013 402 222 416 238
