bicycle 0.0011 437 66 477 93
bus 0.0051 258 66 293 99
bus 0.0050 85 69 172 103
bus 0.0034 302 65 326 100
bus 0.0032 -3 73 49 102
bus 0.0024 222 68 264 101
bus 0.0022 299 62 341 94
bus 0.0021 175 67 216 104
bus 0.0015 345 61 432 97
bus 0.0011 12 79 56 104
bus 0.0010 386 69 432 95
car 0.9621 175 67 216 104
car 0.8956 56 79 108 105
car 0.8877 341 61 413 97
car 0.8755 222 68 264 101
car 0.8578 258 62 302 100
car 0.7844 301 63 339 100
car 0.7579 12 79 56 104
car 0.4614 86 73 170 107
car 0.4023 31 81 73 101
car 0.3621 0 77 33 104
car 0.3307 386 69 432 95
car 0.1733 118 77 174 103
car 0.1574 207 71 250 100
car 0.0982 439 63 476 91
car 0.0934 235 68 297 98
car 0.0621 256 67 294 89
car 0.0537 319 67 344 98
car 0.0337 281 66 303 99
car 0.0287 362 65 461 98
car 0.0233 355 95 462 181
car 0.0227 419 62 488 96
car 0.0191 191 70 218 101
car 0.0181 371 64 425 90
car 0.0157 0 72 14 111
car 0.0149 345 66 374 99
car 0.0116 50 80 73 105
car 0.0114 395 73 439 107
car 0.0093 381 74 451 120
car 0.0086 302 69 324 95
car 0.0078 41 70 133 104
car 0.0070 85 79 140 103
car 0.0063 279 66 329 98
car 0.0061 383 84 449 158
car 0.0057 -6 78 94 105
car 0.0050 212 68 260 88
car 0.0049 175 73 201 105
car 0.0038 155 70 206 98
car 0.0037 349 69 439 110
car 0.0034 428 68 470 94
car 0.0033 214 73 239 105
car 0.0032 164 65 214 91
car 0.0030 -1 68 61 104
car 0.0030 96 69 225 99
car 0.0024 260 71 289 80
car 0.0023 457 62 491 93
car 0.0021 50 85 97 111
car 0.0020 173 71 271 98
car 0.0018 302 70 324 81
car 0.0018 78 118 204 231
car 0.0017 241 72 263 106
car 0.0014 263 67 288 110
car 0.0014 294 65 312 100
car 0.0013 28 84 57 99
car 0.0013 414 71 437 98
car 0.0012 -3 84 51 112
car 0.0011 1 72 9 98
car 0.0011 17 84 49 100
car 0.0011 412 71 461 95
car 0.0011 191 74 239 104
car 0.0010 16 84 67 112
car 0.0010 110 67 167 87
horse 0.0022 375 96 450 173
horse 0.0013 349 105 461 190
horse 0.0011 445 65 485 94
motorbike 0.9639 70 139 210 240
motorbike 0.7736 355 95 462 181
motorbike 0.0051 437 66 477 93
motorbike 0.0049 395 89 438 171
motorbike 0.0032 51 84 227 247
motorbike 0.0023 92 162 192 225
motorbike 0.0022 393 70 438 97
motorbike 0.0013 1 76 27 105
motorbike 0.0012 458 66 490 96
person 0.8551 126 110 193 215
person 0.6459 396 79 440 165
person 0.6062 78 118 204 231
person 0.2493 464 64 487 97
person 0.2371 439 63 476 91
person 0.2019 375 96 450 173
person 0.0219 454 65 478 95
person 0.0147 474 66 490 97
person 0.0103 439 65 459 96
person 0.0097 381 74 451 120
person 0.0062 434 61 496 97
person 0.0052 428 68 470 94
person 0.0044 444 66 468 83
person 0.0040 440 66 456 84
person 0.0028 411 73 446 129
person 0.0020 445 70 465 91
person 0.0017 466 66 485 84
person 0.0015 457 66 475 83
person 0.0015 355 84 443 153
person 0.0012 51 84 227 247
person 0.0010 393 70 438 97
