bicycle 0.0014 8 198 183 479
bicycle 0.0011 63 195 177 294
bicycle 0.0010 2 335 140 490
bottle 0.0228 160 239 191 318
bottle 0.0223 166 246 179 303
bottle 0.0149 183 256 199 308
bottle 0.0070 164 232 183 277
bottle 0.0042 173 238 190 289
bottle 0.0040 182 239 197 291
bottle 0.0018 157 243 172 303
bottle 0.0014 174 254 188 309
bottle 0.0014 290 228 304 244
chair 0.5649 2 335 140 490
chair 0.0514 -1 207 166 494
chair 0.0071 84 239 159 314
chair 0.0018 119 258 162 331
chair 0.0016 82 198 193 296
chair 0.0014 213 292 305 458
chair 0.0014 126 204 196 265
chair 0.0012 92 216 175 334
diningtable 0.0021 136 236 208 287
diningtable 0.0020 126 204 196 265
diningtable 0.0017 10 202 180 499
diningtable 0.0012 121 246 199 311
person 0.9908 0 198 169 480
person 0.8922 133 190 193 251
person 0.8816 83 178 152 255
person 0.8340 212 92 286 383
person 0.6779 227 242 365 480
person 0.6226 84 180 159 329
person 0.1386 216 254 331 410
person 0.1194 213 292 305 458
person 0.0862 82 153 191 277
person 0.0639 63 195 177 294
person 0.0243 123 189 196 325
person 0.0110 328 220 368 296
person 0.0099 292 169 333 230
person 0.0074 84 227 160 294
person 0.0055 42 226 178 333
person 0.0053 41 168 83 266
person 0.0049 93 235 143 317
person 0.0046 215 320 304 388
person 0.0043 155 188 189 223
person 0.0041 120 231 200 287
person 0.0038 139 199 187 231
person 0.0038 285 207 374 466
person 0.0037 93 188 140 284
person 0.0036 245 281 329 467
person 0.0028 199 334 281 493
person 0.0028 314 222 354 290
person 0.0027 229 341 312 404
person 0.0023 81 176 128 239
person 0.0023 231 159 305 399
person 0.0019 201 375 330 500
person 0.0018 277 219 349 272
person 0.0014 190 130 254 315
person 0.0014 273 266 312 328
person 0.0013 142 218 181 298
person 0.0012 115 95 249 334
person 0.0010 276 162 349 280
sofa 0.0083 10 202 180 499
sofa 0.0015 82 198 193 296
sofa 0.0011 2 335 140 490
