bottle 0.0020 89 86 108 133
bottle 0.0011 112 47 155 92
chair 0.0023 112 47 155 92
horse 0.0012 72 80 144 224
horse 0.0012 112 47 155 92
person 0.9823 31 25 120 165
person 0.9196 71 63 143 224
person 0.7480 112 43 157 86
person 0.4347 124 86 190 227
person 0.1006 159 70 181 104
person 0.0668 133 44 157 83
person 0.0458 35 45 95 149
person 0.0362 134 71 183 174
person 0.0082 296 60 306 157
person 0.0060 137 74 182 116
person 0.0058 149 69 175 104
person 0.0053 155 89 204 225
person 0.0047 133 26 208 215
person 0.0038 114 64 162 225
person 0.0027 291 8 307 183
person 0.0024 150 63 191 156
person 0.0019 114 68 155 100
person 0.0018 122 39 165 106
person 0.0013 90 37 173 206
person 0.0012 97 56 146 186
person 0.0011 277 49 307 168
person 0.0010 119 52 185 124
pottedplant 0.0032 112 43 157 86
tvmonitor 0.0012 112 47 155 92
