bottle 0.0014 366 59 506 284
bus 0.9922 161 122 365 230
bus 0.8769 366 59 506 284
bus 0.1168 90 150 148 191
bus 0.0381 99 163 140 195
bus 0.0098 346 113 494 243
bus 0.0037 115 167 161 192
bus 0.0019 54 152 130 193
bus 0.0019 117 154 142 192
car 0.2444 452 219 499 324
car 0.2367 99 163 140 195
car 0.0229 73 153 146 191
car 0.0140 115 167 161 192
car 0.0070 78 165 126 195
car 0.0044 144 172 156 190
car 0.0028 55 163 63 182
car 0.0026 377 118 503 266
car 0.0019 141 166 160 193
car 0.0014 47 153 60 193
car 0.0012 90 164 112 197
car 0.0012 91 173 133 199
car 0.0011 117 154 142 192
motorbike 0.0022 449 209 497 332
person 0.1508 47 155 59 204
person 0.0480 38 151 52 210
person 0.0206 49 160 57 183
person 0.0109 55 163 63 182
person 0.0090 490 148 500 214
person 0.0081 53 158 65 201
person 0.0038 426 162 442 198
person 0.0030 174 133 376 239
person 0.0029 377 118 503 266
person 0.0017 49 175 56 200
person 0.0017 478 161 496 201
person 0.0016 493 154 500 243
person 0.0013 41 160 48 184
person 0.0010 151 172 161 190
person 0.0010 429 168 440 191
train 0.0081 99 163 140 195
train 0.0018 107 154 147 191
tvmonitor 0.0011 100 155 141 192
