cat 0.0069 57 103 169 185
chair 0.9465 49 90 178 200
chair 0.5353 191 91 243 142
chair 0.1265 131 84 177 116
chair 0.0985 128 80 151 114
chair 0.0382 141 96 187 126
chair 0.0347 129 80 145 106
chair 0.0185 152 101 184 117
chair 0.0079 313 101 320 130
chair 0.0070 120 78 143 107
chair 0.0053 146 97 180 113
chair 0.0044 303 99 319 123
chair 0.0040 80 89 180 153
chair 0.0027 315 109 319 125
chair 0.0014 131 92 157 113
chair 0.0012 126 82 140 111
person 0.0024 57 103 169 185
person 0.0010 152 101 184 117
pottedplant 0.0048 313 101 320 130
pottedplant 0.0046 315 109 319 125
pottedplant 0.0011 316 114 319 130
sofa 0.0956 49 90 178 200
sofa 0.0026 131 84 177 116
sofa 0.0012 80 89 180 153
tvmonitor 0.9883 261 90 300 121
tvmonitor 0.0263 129 80 145 106
tvmonitor 0.0223 303 99 319 123
tvmonitor 0.0058 312 94 320 128
tvmonitor 0.0047 128 80 151 114
tvmonitor 0.0024 298 100 313 123
tvmonitor 0.0013 315 109 319 125
tvmonitor 0.0012 120 78 143 107
