bicycle 0.0043 309 233 426 310
bicycle 0.0019 487 251 499 322
boat 0.0094 29 308 250 365
bottle 0.0030 255 304 270 347
bottle 0.0022 487 251 499 322
car 0.0092 29 308 250 365
cat 0.0012 487 251 499 322
chair 0.8018 277 245 327 335
chair 0.1123 487 251 499 322
chair 0.0948 327 229 423 293
chair 0.0535 290 244 338 314
chair 0.0167 480 261 498 314
chair 0.0141 325 269 422 314
chair 0.0095 243 283 321 342
chair 0.0067 311 256 351 326
chair 0.0045 391 233 433 307
chair 0.0036 238 260 351 342
chair 0.0026 490 233 499 308
chair 0.0026 276 238 386 317
chair 0.0021 492 276 500 336
chair 0.0014 350 208 428 310
chair 0.0012 487 173 501 336
chair 0.0011 315 289 433 324
diningtable 0.7462 297 318 514 379
diningtable 0.0227 333 332 494 371
diningtable 0.0161 111 313 394 370
diningtable 0.0145 24 309 304 366
diningtable 0.0074 336 348 491 381
diningtable 0.0068 202 332 352 370
diningtable 0.0027 352 321 507 414
diningtable 0.0024 487 251 499 322
diningtable 0.0016 316 312 471 353
diningtable 0.0016 243 283 321 342
dog 0.0012 487 251 499 322
person 0.0051 487 247 499 312
pottedplant 0.0204 487 251 499 322
pottedplant 0.0037 29 308 250 365
pottedplant 0.0012 255 304 270 347
pottedplant 0.0011 492 276 500 336
sofa 0.0028 333 332 494 371
sofa 0.0017 327 229 423 293
sofa 0.0010 336 348 491 381
sofa 0.0010 484 229 501 323
tvmonitor 0.0071 487 251 499 322
