bicycle 0.0012 241 202 303 226
boat 0.6314 0 113 24 196
boat 0.4351 243 198 317 228
boat 0.0776 241 206 293 230
boat 0.0153 265 206 319 230
boat 0.0142 0 147 12 198
boat 0.0123 2 116 20 173
boat 0.0084 0 120 12 186
boat 0.0044 479 186 496 196
boat 0.0041 490 183 499 198
boat 0.0031 466 181 505 200
boat 0.0019 225 202 290 222
boat 0.0016 237 195 292 214
boat 0.0015 -4 126 18 215
boat 0.0014 1 158 9 189
boat 0.0014 1 137 20 188
boat 0.0013 251 199 277 225
boat 0.0013 490 157 501 208
boat 0.0011 457 187 469 200
boat 0.0011 3 104 38 186
bus 0.0017 241 202 303 226
person 0.0023 457 187 469 200
pottedplant 0.0014 0 113 24 196
sofa 0.0013 241 202 303 226
train 0.0104 242 206 301 230
train 0.0014 265 206 319 230
train 0.0010 0 147 12 198
tvmonitor 0.0012 242 206 301 230
tvmonitor 0.0012 0 147 12 198
