bicycle 0.0014 94 246 105 272
boat 0.9990 13 103 482 288
boat 0.0492 203 140 449 295
boat 0.0034 413 240 462 257
boat 0.0026 437 244 453 253
boat 0.0026 402 214 502 261
boat 0.0024 430 244 445 254
boat 0.0016 451 239 498 256
boat 0.0010 311 167 482 279
car 0.0019 20 243 29 260
car 0.0018 94 246 105 272
car 0.0013 77 249 87 268
diningtable 0.0029 45 96 503 296
horse 0.0010 94 246 105 272
motorbike 0.0019 94 246 105 272
person 0.2673 94 246 105 272
person 0.1238 77 249 87 268
person 0.1002 87 248 96 270
person 0.0665 139 245 153 288
person 0.0163 28 240 36 260
person 0.0143 20 243 29 260
person 0.0105 142 247 152 274
person 0.0035 24 233 39 262
person 0.0029 3 232 6 268
person 0.0029 89 237 108 270
person 0.0025 85 246 115 269
person 0.0023 8 242 17 259
person 0.0020 405 253 425 287
person 0.0018 46 242 58 258
person 0.0017 36 242 47 258
person 0.0011 138 250 147 270
person 0.0010 1 222 8 275
person 0.0010 2 243 5 271
