bird 0.0279 450 142 495 201
bird 0.0022 470 144 499 204
bird 0.0020 418 126 491 194
bird 0.0017 437 104 499 211
bird 0.0010 392 79 466 123
bottle 0.1344 214 293 337 333
bottle 0.0450 405 291 492 331
bottle 0.0043 197 308 327 336
bottle 0.0029 455 296 494 318
bottle 0.0022 489 275 498 337
bottle 0.0019 478 298 493 316
bottle 0.0019 444 299 488 328
bottle 0.0015 442 143 496 200
bottle 0.0013 476 292 495 322
bottle 0.0012 331 304 387 326
bottle 0.0011 310 295 396 332
car 0.0052 96 147 157 199
car 0.0015 42 155 164 193
car 0.0010 214 293 337 333
cat 0.0013 392 79 466 123
chair 0.0025 405 291 492 331
dog 0.0018 297 46 342 84
person 0.0025 285 45 346 103
person 0.0020 297 46 342 84
person 0.0017 31 154 113 197
sheep 0.0067 48 149 119 198
sheep 0.0010 405 291 492 331
tvmonitor 0.0012 214 293 337 333
