bicycle 0.0013 412 26 505 168
car 0.0061 81 17 358 356
cat 0.0182 122 13 358 336
cat 0.0028 412 26 505 168
chair 0.0514 85 -25 409 307
chair 0.0149 3 -34 120 210
chair 0.0063 34 -1 227 254
chair 0.0029 254 23 393 164
chair 0.0021 412 26 505 168
cow 0.0090 16 8 344 323
cow 0.0029 156 24 392 325
cow 0.0023 441 7 499 161
diningtable 0.0218 16 8 344 323
diningtable 0.0085 5 -10 186 200
diningtable 0.0013 156 24 392 325
dog 0.8173 435 22 501 171
dog 0.2703 122 13 358 336
dog 0.0809 430 104 498 161
dog 0.0099 476 14 498 147
dog 0.0032 446 77 494 157
dog 0.0014 455 32 497 131
dog 0.0010 34 -1 227 254
horse 0.0010 441 7 499 161
person 0.9042 124 35 361 339
person 0.0119 412 26 505 168
pottedplant 0.0011 92 0 336 280
sheep 0.0011 124 35 361 339
sofa 0.2694 71 4 370 335
