bottle 0.0030 6 70 364 322
bottle 0.0015 387 71 411 86
car 0.9994 14 69 480 317
chair 0.0078 386 66 424 92
chair 0.0043 419 77 438 113
person 0.0162 286 30 302 66
person 0.0065 134 88 163 147
person 0.0013 142 86 161 126
person 0.0013 288 34 299 60
person 0.0012 291 27 309 69
pottedplant 0.0966 385 68 417 91
pottedplant 0.0116 146 79 168 112
pottedplant 0.0044 419 77 438 113
pottedplant 0.0018 150 86 164 106
pottedplant 0.0016 419 81 433 95
pottedplant 0.0015 6 70 364 322
pottedplant 0.0013 396 72 416 86
pottedplant 0.0012 395 76 417 91
pottedplant 0.0011 422 85 435 102
pottedplant 0.0011 139 75 177 104
tvmonitor 0.0073 386 66 424 92
tvmonitor 0.0012 16 97 343 323
