boat 0.0044 -40 211 531 278
bottle 0.0013 2 80 21 174
cow 0.0010 -40 211 531 278
diningtable 0.1886 -40 211 531 278
diningtable 0.0020 -33 149 467 273
person 0.9974 191 44 384 239
person 0.9803 366 45 495 261
person 0.9434 100 32 244 223
person 0.7898 22 52 143 198
person 0.2053 432 65 471 116
person 0.1047 234 38 497 251
person 0.0364 -1 57 12 101
person 0.0189 2 71 26 151
person 0.0110 444 64 488 117
person 0.0108 0 59 9 133
person 0.0100 0 66 10 90
person 0.0093 422 70 453 120
person 0.0074 415 72 437 121
person 0.0055 1 66 23 107
person 0.0050 61 61 212 201
person 0.0036 3 65 40 123
person 0.0035 429 65 467 95
person 0.0023 0 73 9 98
person 0.0018 -4 71 34 102
person 0.0017 -14 65 24 92
person 0.0011 433 75 502 132
person 0.0011 -1 83 32 129
person 0.0010 5 69 19 87
person 0.0010 429 56 504 207
