bicycle 0.0022 6 216 129 341
bird 0.0037 230 161 284 185
bird 0.0017 91 159 131 188
boat 0.0494 284 157 386 185
boat 0.0027 302 142 395 184
bus 0.0021 453 177 500 206
bus 0.0015 448 170 505 196
car 0.0582 453 177 500 206
car 0.0207 448 170 505 196
car 0.0047 448 162 504 185
car 0.0026 463 183 504 216
car 0.0022 489 169 501 215
car 0.0021 438 174 507 216
car 0.0010 453 193 498 225
chair 0.6144 8 230 131 346
chair 0.0028 1 192 57 319
chair 0.0018 -1 207 26 302
chair 0.0011 204 162 390 187
person 0.0011 453 183 498 216
pottedplant 0.6138 90 154 201 189
pottedplant 0.3862 230 161 284 185
pottedplant 0.2557 215 160 306 189
pottedplant 0.0969 91 159 131 188
pottedplant 0.0859 145 157 192 186
pottedplant 0.0548 204 162 390 187
pottedplant 0.0398 284 157 386 185
pottedplant 0.0240 151 161 293 187
pottedplant 0.0117 0 155 93 197
pottedplant 0.0105 224 144 323 187
pottedplant 0.0102 104 158 153 185
pottedplant 0.0061 28 161 142 190
pottedplant 0.0053 233 156 292 177
pottedplant 0.0037 192 161 240 185
pottedplant 0.0036 2 142 44 207
pottedplant 0.0033 125 143 232 184
pottedplant 0.0030 252 161 311 185
pottedplant 0.0026 121 158 178 186
pottedplant 0.0025 159 145 282 183
pottedplant 0.0022 92 156 114 189
pottedplant 0.0022 90 123 126 188
pottedplant 0.0020 302 142 395 184
pottedplant 0.0018 -4 145 33 180
pottedplant 0.0017 96 165 122 181
pottedplant 0.0012 62 149 213 211
pottedplant 0.0011 0 122 28 202
pottedplant 0.0010 6 216 129 341
train 0.0015 453 177 500 206
tvmonitor 0.0030 21 230 139 347
tvmonitor 0.0010 233 161 291 185
