bicycle 0.0052 99 49 221 182
bicycle 0.0014 83 5 192 74
cat 0.0022 56 67 205 204
chair 0.5676 43 53 216 228
chair 0.4562 99 49 221 182
chair 0.2925 266 9 338 80
chair 0.1588 99 11 184 67
chair 0.1210 214 7 293 82
chair 0.0296 330 3 380 87
chair 0.0167 200 8 236 81
chair 0.0118 0 84 57 230
chair 0.0100 5 16 61 71
chair 0.0100 209 59 309 94
chair 0.0087 169 25 231 92
chair 0.0086 220 36 330 83
chair 0.0075 103 24 221 124
chair 0.0074 2 31 45 65
chair 0.0070 84 33 172 82
chair 0.0067 37 118 170 233
chair 0.0064 89 56 164 112
chair 0.0046 1 26 51 91
chair 0.0041 111 6 207 48
chair 0.0039 0 14 10 81
chair 0.0039 201 97 499 323
chair 0.0033 69 14 148 68
chair 0.0031 0 95 21 222
chair 0.0029 117 26 206 86
chair 0.0029 7 78 120 216
chair 0.0028 5 149 45 243
chair 0.0027 -3 39 35 73
chair 0.0021 368 4 419 91
chair 0.0019 3 22 61 141
chair 0.0018 56 35 123 84
chair 0.0018 163 30 237 173
chair 0.0017 47 13 83 70
chair 0.0017 6 69 59 131
chair 0.0015 347 4 398 87
chair 0.0015 0 9 24 78
chair 0.0015 49 68 156 204
chair 0.0014 196 27 316 100
chair 0.0013 83 0 122 53
chair 0.0013 122 14 176 40
chair 0.0012 66 10 107 71
chair 0.0012 316 5 356 80
chair 0.0012 -1 -3 9 61
chair 0.0011 3 16 46 41
chair 0.0011 99 64 186 131
chair 0.0011 185 11 255 77
chair 0.0010 124 4 174 32
chair 0.0010 162 4 238 47
chair 0.0010 19 29 66 65
chair 0.0010 89 46 167 162
chair 0.0010 9 39 55 71
diningtable 0.0038 276 9 344 79
diningtable 0.0025 207 5 285 79
diningtable 0.0017 191 75 510 343
diningtable 0.0017 330 5 417 89
diningtable 0.0016 5 16 61 71
diningtable 0.0010 247 9 401 77
person 0.0039 99 11 184 67
person 0.0010 111 21 209 187
pottedplant 0.0304 451 1 488 48
pottedplant 0.0085 474 5 496 49
sofa 0.9998 185 76 494 322
sofa 0.3485 43 53 216 228
sofa 0.0370 99 49 221 182
sofa 0.0120 5 16 61 71
sofa 0.0090 0 65 59 216
sofa 0.0067 6 69 59 131
sofa 0.0028 99 11 184 67
sofa 0.0021 3 22 61 141
sofa 0.0021 4 26 78 87
sofa 0.0019 2 55 116 178
tvmonitor 0.0019 86 3 172 55
tvmonitor 0.0018 70 1 115 36
tvmonitor 0.0010 3 16 46 41
