bicycle 0.0023 280 37 495 322
boat 0.0032 212 27 521 327
boat 0.0029 -44 54 316 329
bottle 0.5559 49 98 73 178
bottle 0.5541 38 98 63 183
bottle 0.4115 169 51 199 146
bottle 0.1682 14 97 37 183
bottle 0.1078 27 116 40 186
bottle 0.1006 18 96 32 151
bottle 0.0950 62 109 78 173
bottle 0.0787 33 116 47 186
bottle 0.0414 25 101 38 165
bottle 0.0343 19 107 31 176
bottle 0.0296 1 103 24 208
bottle 0.0191 206 43 232 118
bottle 0.0106 185 48 211 141
bottle 0.0069 8 132 39 215
bottle 0.0051 25 146 40 190
bottle 0.0046 56 116 71 184
bottle 0.0041 0 98 9 166
bottle 0.0033 34 98 48 152
bottle 0.0030 23 91 39 141
bottle 0.0029 -2 128 20 256
bottle 0.0028 43 99 60 149
bottle 0.0023 3 72 22 165
bottle 0.0021 10 124 82 184
bottle 0.0020 7 98 23 148
bottle 0.0019 20 147 32 192
bottle 0.0016 16 93 75 211
bottle 0.0016 29 138 63 205
bottle 0.0014 0 151 91 198
bottle 0.0014 0 105 7 197
bottle 0.0012 7 110 20 172
bottle 0.0010 21 107 29 139
car 0.0011 21 135 245 320
chair 0.7010 444 115 497 231
chair 0.1728 285 52 492 331
chair 0.1720 21 135 245 320
chair 0.0669 474 97 499 217
chair 0.0253 435 114 479 202
chair 0.0171 -1 120 22 231
chair 0.0135 482 120 499 308
chair 0.0131 196 125 277 269
chair 0.0110 145 144 222 199
chair 0.0071 472 97 500 365
chair 0.0053 453 93 496 185
chair 0.0051 262 121 333 187
chair 0.0048 133 106 295 221
chair 0.0031 419 116 494 267
chair 0.0028 217 104 351 219
chair 0.0027 278 100 325 178
chair 0.0020 383 68 492 328
chair 0.0017 -1 134 16 288
chair 0.0016 0 111 7 210
chair 0.0015 -4 96 33 289
chair 0.0013 290 57 438 190
chair 0.0013 479 63 499 174
chair 0.0012 119 95 307 299
chair 0.0010 422 77 488 206
chair 0.0010 8 132 39 215
cow 0.0013 -5 67 225 323
diningtable 0.9222 33 75 304 276
diningtable 0.6017 130 86 353 260
diningtable 0.3116 133 106 295 221
diningtable 0.2249 212 27 521 327
diningtable 0.0219 0 151 91 198
diningtable 0.0179 9 56 407 339
diningtable 0.0130 21 135 245 320
diningtable 0.0096 269 52 458 228
diningtable 0.0086 -1 110 106 229
diningtable 0.0083 -6 119 60 267
diningtable 0.0078 -1 120 22 231
diningtable 0.0065 147 138 283 262
diningtable 0.0061 -4 96 33 289
diningtable 0.0043 58 90 274 186
diningtable 0.0035 217 104 351 219
diningtable 0.0029 -1 79 117 316
diningtable 0.0028 249 72 415 184
diningtable 0.0028 10 124 82 184
diningtable 0.0019 8 132 39 215
diningtable 0.0019 -8 165 98 217
diningtable 0.0017 262 105 337 173
diningtable 0.0012 0 89 53 218
diningtable 0.0012 254 94 342 145
diningtable 0.0011 134 98 361 181
horse 0.0011 -5 67 225 323
motorbike 0.0011 -1 120 22 231
person 0.9928 255 47 487 332
person 0.9805 17 67 249 324
person 0.0303 1 103 24 208
person 0.0073 3 72 22 165
person 0.0067 -5 87 34 263
person 0.0050 0 72 8 153
person 0.0043 14 97 37 183
person 0.0041 290 57 438 190
person 0.0018 -2 128 20 256
person 0.0015 18 96 32 151
person 0.0014 -1 79 117 316
person 0.0011 39 66 230 220
person 0.0010 479 63 499 174
sofa 0.0025 280 37 495 322
