bottle 0.0027 261 144 290 208
bottle 0.0014 335 163 348 217
bottle 0.0011 125 193 134 213
bus 0.0046 297 107 339 139
chair 0.9963 124 186 189 353
chair 0.9830 194 188 271 346
chair 0.9629 340 165 479 311
chair 0.8909 43 181 128 373
chair 0.1376 176 168 227 345
chair 0.0871 442 208 499 337
chair 0.0644 8 235 121 379
chair 0.0248 2 299 100 372
chair 0.0177 159 166 205 349
chair 0.0114 472 217 498 329
chair 0.0047 409 176 498 332
chair 0.0035 182 162 223 226
chair 0.0027 0 217 61 370
chair 0.0025 169 159 232 203
chair 0.0020 293 108 338 140
chair 0.0018 150 164 187 197
chair 0.0018 139 171 280 347
chair 0.0015 99 179 158 369
chair 0.0014 52 184 214 363
chair 0.0013 143 200 177 338
chair 0.0012 172 171 197 339
chair 0.0011 186 167 208 215
chair 0.0010 224 184 280 332
diningtable 0.3058 71 192 194 349
diningtable 0.0085 155 185 269 341
diningtable 0.0038 56 178 140 374
diningtable 0.0015 21 205 124 380
person 0.0021 39 67 82 101
person 0.0016 32 63 74 94
sofa 0.0036 293 108 338 140
train 0.0023 297 107 339 139
tvmonitor 0.5955 291 104 346 146
tvmonitor 0.0030 297 114 329 137
