bicycle 0.0037 7 18 125 334
bird 0.0025 154 98 368 298
boat 0.0028 43 223 516 373
boat 0.0017 169 99 385 298
bottle 0.7604 73 258 98 337
bottle 0.0057 147 80 166 114
bottle 0.0031 151 86 163 108
bottle 0.0024 133 77 146 115
bottle 0.0021 135 82 144 110
bottle 0.0013 139 79 159 113
bottle 0.0013 143 94 155 112
bus 0.0017 7 -21 131 272
chair 0.0060 7 18 125 334
chair 0.0019 171 109 383 318
chair 0.0011 0 101 15 291
diningtable 0.9894 -2 225 498 371
diningtable 0.0055 169 99 385 298
diningtable 0.0018 85 160 419 361
diningtable 0.0013 16 294 558 369
person 0.9963 9 -17 129 298
person 0.9681 170 44 219 108
person 0.9648 238 37 310 116
person 0.8180 343 0 448 271
person 0.4556 329 -12 386 253
person 0.1380 92 19 148 216
person 0.0741 2 29 24 132
person 0.0443 139 79 159 113
person 0.0375 147 80 166 114
person 0.0306 133 77 146 115
person 0.0135 154 98 368 298
person 0.0125 0 -5 48 277
person 0.0119 2 16 17 224
person 0.0089 79 -22 137 291
person 0.0083 0 29 8 105
person 0.0075 135 82 144 110
person 0.0051 332 -2 378 135
person 0.0045 143 86 155 108
person 0.0045 151 86 163 108
person 0.0043 110 40 142 162
person 0.0043 7 23 34 108
person 0.0037 129 66 155 133
person 0.0033 2 34 22 79
person 0.0029 165 57 207 128
person 0.0027 0 54 12 260
person 0.0026 418 16 485 299
person 0.0025 270 48 312 113
person 0.0025 138 90 176 116
person 0.0021 429 20 465 99
person 0.0021 162 44 231 193
person 0.0021 0 -8 29 214
person 0.0019 424 5 475 160
person 0.0016 407 -4 462 244
person 0.0014 316 22 433 206
person 0.0013 1 39 6 75
person 0.0012 174 47 199 88
person 0.0012 348 10 372 45
person 0.0011 317 -2 369 209
person 0.0011 0 43 8 148
pottedplant 0.9364 169 99 385 298
pottedplant 0.1459 38 155 461 380
pottedplant 0.0099 178 151 340 282
pottedplant 0.0047 409 109 466 286
pottedplant 0.0011 431 161 467 268
