bicycle 0.0013 167 197 183 268
horse 0.0011 167 197 183 268
motorbike 0.0013 167 197 183 268
person 0.4616 164 199 186 266
person 0.0384 145 200 161 233
person 0.0164 149 200 174 268
person 0.0144 -22 9 71 490
person 0.0080 -4 59 24 424
person 0.0078 -54 2 39 495
person 0.0026 147 201 159 217
person 0.0017 172 195 187 243
person 0.0014 2 125 16 316
person 0.0012 -4 76 46 328
person 0.0011 242 180 257 234
person 0.0010 145 204 163 261
person 0.0010 156 206 166 225
train 0.0021 238 165 267 237
train 0.0017 211 156 323 246
