bird 0.0041 7 48 41 83
bird 0.0014 389 185 412 221
chair 0.0728 200 64 301 209
chair 0.0054 259 37 364 125
chair 0.0033 297 95 353 209
chair 0.0020 79 147 182 229
pottedplant 0.9594 264 49 349 112
pottedplant 0.9133 74 170 140 248
pottedplant 0.8477 338 134 410 201
pottedplant 0.7368 317 237 446 349
pottedplant 0.7138 -2 56 47 282
pottedplant 0.6283 44 214 84 274
pottedplant 0.5969 9 41 48 89
pottedplant 0.5459 79 147 182 229
pottedplant 0.4186 70 37 119 188
pottedplant 0.3604 418 139 476 197
pottedplant 0.2550 426 233 479 359
pottedplant 0.1861 259 52 364 158
pottedplant 0.1588 309 105 347 203
pottedplant 0.1505 32 250 158 356
pottedplant 0.1364 -4 246 54 356
pottedplant 0.1327 389 185 412 221
pottedplant 0.1292 397 183 469 227
pottedplant 0.1168 105 143 198 204
pottedplant 0.1075 9 48 36 82
pottedplant 0.0811 434 146 474 224
pottedplant 0.0476 -3 156 53 291
pottedplant 0.0424 38 229 97 284
pottedplant 0.0402 202 82 300 215
pottedplant 0.0385 285 67 360 202
pottedplant 0.0323 453 156 481 219
pottedplant 0.0289 6 201 45 282
pottedplant 0.0264 325 103 397 205
pottedplant 0.0258 435 97 481 121
pottedplant 0.0249 450 225 479 333
pottedplant 0.0247 79 86 112 178
pottedplant 0.0169 349 277 477 360
pottedplant 0.0149 419 193 456 228
pottedplant 0.0134 382 153 415 220
pottedplant 0.0132 340 120 381 194
pottedplant 0.0123 372 125 475 223
pottedplant 0.0121 423 93 478 133
pottedplant 0.0114 0 21 29 251
pottedplant 0.0109 246 69 331 197
pottedplant 0.0109 417 143 459 230
pottedplant 0.0108 433 178 471 231
pottedplant 0.0104 34 205 66 275
pottedplant 0.0101 34 202 91 262
pottedplant 0.0099 0 49 19 183
pottedplant 0.0094 393 223 486 344
pottedplant 0.0093 408 193 432 229
pottedplant 0.0090 421 111 441 145
pottedplant 0.0090 416 126 456 186
pottedplant 0.0089 54 227 79 269
pottedplant 0.0088 298 213 414 324
pottedplant 0.0085 0 223 23 305
pottedplant 0.0084 0 249 29 351
pottedplant 0.0070 0 240 22 278
pottedplant 0.0066 339 123 443 216
pottedplant 0.0065 199 235 345 348
pottedplant 0.0063 5 46 25 83
pottedplant 0.0061 1 2 98 286
pottedplant 0.0058 75 108 103 189
pottedplant 0.0058 422 110 480 158
pottedplant 0.0058 -3 249 29 282
pottedplant 0.0058 0 244 11 290
pottedplant 0.0049 -12 274 138 353
pottedplant 0.0045 214 146 289 201
pottedplant 0.0044 4 203 109 295
pottedplant 0.0044 318 97 361 172
pottedplant 0.0042 275 211 371 349
pottedplant 0.0041 7 38 112 167
pottedplant 0.0041 441 89 485 116
pottedplant 0.0040 423 284 483 351
pottedplant 0.0036 420 174 483 317
pottedplant 0.0035 1 93 19 281
pottedplant 0.0034 30 49 50 82
pottedplant 0.0033 456 181 477 223
pottedplant 0.0032 50 220 72 261
pottedplant 0.0030 17 52 59 80
pottedplant 0.0029 423 113 438 128
pottedplant 0.0028 436 146 477 184
pottedplant 0.0028 456 110 479 195
pottedplant 0.0027 3 230 40 295
pottedplant 0.0027 436 183 456 227
pottedplant 0.0027 392 192 409 214
pottedplant 0.0025 0 64 8 138
pottedplant 0.0024 250 20 375 215
pottedplant 0.0024 90 160 213 247
pottedplant 0.0024 354 127 397 188
pottedplant 0.0024 156 291 323 358
pottedplant 0.0022 304 165 464 356
pottedplant 0.0022 274 151 290 200
pottedplant 0.0021 382 159 455 224
pottedplant 0.0020 448 274 479 362
pottedplant 0.0020 471 199 478 296
pottedplant 0.0020 4 63 37 165
pottedplant 0.0020 417 114 455 144
pottedplant 0.0019 473 100 479 120
pottedplant 0.0019 396 151 432 227
pottedplant 0.0019 -5 196 61 256
pottedplant 0.0018 421 236 487 295
pottedplant 0.0018 10 55 35 73
pottedplant 0.0018 422 78 482 122
pottedplant 0.0018 47 236 72 276
pottedplant 0.0018 263 117 370 214
tvmonitor 0.0141 435 97 481 121
tvmonitor 0.0012 9 51 51 88
tvmonitor 0.0010 389 185 412 221
tvmonitor 0.0010 441 89 485 116
