bus 0.0066 150 123 341 274
car 0.9979 166 129 325 272
car 0.0254 487 139 501 185
car 0.0143 475 141 495 186
car 0.0116 468 140 502 169
car 0.0077 448 138 485 167
car 0.0057 489 152 499 173
car 0.0048 475 150 512 175
car 0.0033 488 118 500 170
car 0.0020 476 127 497 164
car 0.0020 477 145 492 162
car 0.0019 454 132 497 160
car 0.0016 469 139 486 191
car 0.0016 491 134 498 155
car 0.0013 469 146 484 162
car 0.0012 444 141 504 181
car 0.0011 489 143 499 164
car 0.0010 444 127 466 164
motorbike 0.0010 487 139 501 185
person 0.8260 6 175 35 252
person 0.6285 464 143 491 210
person 0.1185 475 146 492 201
person 0.0360 469 139 486 191
person 0.0224 0 175 12 228
person 0.0218 1 174 25 211
person 0.0158 14 179 31 244
person 0.0132 3 183 24 239
person 0.0118 0 188 26 267
person 0.0069 0 182 11 257
person 0.0054 0 157 12 210
person 0.0027 1 178 9 206
person 0.0023 -3 192 33 232
person 0.0022 488 144 500 199
person 0.0016 0 136 23 222
person 0.0016 472 131 497 193
person 0.0015 -2 184 30 217
person 0.0010 6 181 20 201
person 0.0010 1 169 8 196
person 0.0010 12 174 30 213
