aeroplane 0.0298 38 277 50 288
aeroplane 0.0028 127 122 166 224
aeroplane 0.0013 44 277 54 287
bicycle 0.0023 38 277 50 288
bird 0.0376 127 122 166 224
bird 0.0170 38 277 50 288
bird 0.0011 135 122 148 135
bird 0.0010 121 128 161 163
bird 0.0010 177 128 218 216
boat 0.0088 38 277 50 288
car 0.0033 38 277 50 288
cat 0.0100 127 122 166 224
cat 0.0014 177 128 218 216
cow 0.0181 126 145 168 224
cow 0.0115 38 277 50 288
cow 0.0033 177 128 218 216
dog 0.1056 127 122 166 224
dog 0.0098 177 128 218 216
dog 0.0056 38 277 50 288
horse 0.0209 126 145 168 224
horse 0.0046 177 128 218 216
horse 0.0031 38 277 50 288
motorbike 0.0014 38 277 50 288
person 0.0927 127 122 166 224
person 0.0813 177 128 218 216
person 0.0113 38 277 50 288
person 0.0081 412 186 420 204
person 0.0050 469 184 479 201
person 0.0031 224 161 256 212
person 0.0031 262 157 295 211
person 0.0013 256 157 272 213
pottedplant 0.0025 38 277 50 288
sheep 0.1525 127 122 166 224
sheep 0.0112 38 277 50 288
sheep 0.0075 177 128 218 216
train 0.0010 38 277 50 288
