bottle 0.9999 442 144 487 313
bottle 0.9998 89 153 136 307
bottle 0.9996 237 135 287 328
bottle 0.9996 375 138 438 326
bottle 0.9992 33 164 75 308
bottle 0.9992 307 151 360 310
bottle 0.9971 173 143 219 324
bottle 0.9633 141 169 175 297
bottle 0.9632 279 136 306 293
bottle 0.8164 1 164 31 309
bottle 0.2929 11 160 34 283
bottle 0.2170 339 148 376 310
bottle 0.2133 170 131 204 221
bottle 0.1863 303 125 338 308
bottle 0.1539 353 150 382 288
bottle 0.0613 392 128 425 193
bottle 0.0581 263 132 295 304
bottle 0.0509 173 116 215 195
bottle 0.0459 247 125 273 183
bottle 0.0456 53 145 80 318
bottle 0.0340 222 132 250 221
bottle 0.0319 319 129 346 189
bottle 0.0312 308 130 331 191
bottle 0.0279 128 136 167 212
bottle 0.0163 344 136 369 211
bottle 0.0133 145 138 179 219
bottle 0.0132 277 108 296 319
bottle 0.0128 12 157 30 209
bottle 0.0102 384 137 416 217
bottle 0.0082 93 145 128 212
bottle 0.0081 183 133 205 175
bottle 0.0078 135 150 163 288
bottle 0.0064 229 129 257 190
bottle 0.0062 302 117 324 278
bottle 0.0059 337 131 363 193
bottle 0.0059 2 226 23 347
bottle 0.0054 169 131 193 302
bottle 0.0051 260 125 287 188
bottle 0.0050 153 151 167 213
bottle 0.0041 12 164 38 231
bottle 0.0036 220 144 246 289
bottle 0.0035 287 134 310 224
bottle 0.0035 136 124 182 279
bottle 0.0031 8 158 23 223
bottle 0.0029 321 143 337 197
bottle 0.0026 384 118 435 245
bottle 0.0021 454 130 487 223
bottle 0.0021 165 143 228 212
bottle 0.0019 209 139 241 220
bottle 0.0018 350 133 373 262
bottle 0.0016 54 161 71 220
bottle 0.0015 160 111 217 167
bottle 0.0013 156 142 173 204
bottle 0.0012 57 158 82 232
bottle 0.0011 270 130 294 221
bottle 0.0011 180 133 214 249
bottle 0.0011 245 128 277 271
bottle 0.0010 247 119 267 156
car 0.0018 237 161 288 331
car 0.0015 138 145 177 298
car 0.0010 279 156 307 304
diningtable 0.0021 85 269 415 347
person 0.4415 173 107 217 166
person 0.0383 182 106 224 141
person 0.0357 126 132 167 185
person 0.0178 168 120 210 196
person 0.0065 126 109 230 193
person 0.0018 164 110 215 139
person 0.0013 38 154 80 313
person 0.0010 145 138 179 219
pottedplant 0.0016 237 161 288 331
