car 0.0057 2 285 10 302
car 0.0019 10 60 339 485
car 0.0011 296 350 329 390
car 0.0011 8 273 17 296
cat 0.0012 -10 16 308 467
motorbike 0.0012 10 60 339 485
person 0.1331 294 344 326 399
person 0.0958 327 293 343 371
person 0.0235 325 299 338 364
person 0.0174 8 273 17 296
person 0.0105 6 267 19 302
person 0.0072 309 341 329 382
person 0.0065 2 285 10 302
person 0.0041 299 352 338 387
person 0.0036 316 305 331 358
person 0.0036 8 280 15 302
person 0.0014 307 297 332 379
person 0.0010 326 349 333 370
sheep 0.0011 36 23 353 462
train 0.9998 12 14 338 469
