bottle 0.0080 167 143 185 178
bottle 0.0028 120 268 241 315
bottle 0.0028 158 143 180 177
bottle 0.0025 121 259 239 294
bottle 0.0022 178 140 195 180
bottle 0.0015 47 66 58 122
chair 0.7609 237 227 406 318
chair 0.3662 8 191 133 303
chair 0.1371 3 258 486 329
chair 0.0088 6 228 170 315
chair 0.0070 308 232 499 326
chair 0.0060 257 205 455 307
chair 0.0018 265 199 367 314
chair 0.0011 219 171 423 325
chair 0.0010 31 205 133 272
chair 0.0010 4 272 131 314
chair 0.0010 1 252 132 295
diningtable 0.9801 -47 261 465 331
diningtable 0.0057 187 239 407 319
diningtable 0.0012 4 272 131 314
person 0.5879 182 66 292 289
pottedplant 0.0178 52 84 131 189
pottedplant 0.0029 309 1 354 87
pottedplant 0.0016 14 192 147 302
pottedplant 0.0015 60 124 140 187
sofa 0.0013 8 191 133 303
tvmonitor 0.0019 8 191 133 303
tvmonitor 0.0013 61 148 148 194
