aeroplane 0.0010 71 -23 509 346
bird 0.0011 71 -23 509 346
bottle 0.0036 71 -23 509 346
bus 0.0024 71 -23 509 346
bus 0.0014 368 -32 499 280
car 0.0022 71 -23 509 346
car 0.0013 368 -32 499 280
chair 0.0011 373 44 494 383
cow 0.0014 71 -23 509 346
cow 0.0010 368 -32 499 280
diningtable 0.0071 71 -23 509 346
dog 0.0034 71 -23 509 346
horse 0.9996 79 29 504 368
horse 0.0027 373 44 494 383
motorbike 0.0153 71 -23 509 346
person 0.9998 370 -31 492 353
person 0.0011 71 -23 509 346
sheep 0.0010 368 -32 499 280
