bottle 0.0023 256 149 269 196
bottle 0.0011 260 151 267 174
bottle 0.0010 240 115 253 130
cow 0.0054 329 232 349 282
cow 0.0016 283 228 305 268
dog 0.0011 283 228 305 268
person 0.8647 177 108 236 239
person 0.6223 227 111 294 244
person 0.5242 182 110 310 253
person 0.1212 261 126 298 231
person 0.0742 208 107 274 216
person 0.0425 238 114 276 203
person 0.0159 278 130 305 228
person 0.0091 273 111 293 155
person 0.0089 240 115 253 130
person 0.0045 261 107 292 173
person 0.0043 237 109 257 137
person 0.0042 267 114 314 273
person 0.0040 199 105 235 184
person 0.0038 223 111 262 178
person 0.0026 284 154 301 210
person 0.0024 244 143 281 239
person 0.0022 246 115 258 131
person 0.0021 177 146 218 237
person 0.0019 277 168 307 257
person 0.0019 225 121 261 222
person 0.0018 256 149 269 196
person 0.0017 277 115 290 133
person 0.0017 227 112 263 135
person 0.0016 248 138 304 279
person 0.0013 189 89 245 204
person 0.0013 208 105 228 142
person 0.0012 240 110 253 125
person 0.0010 243 113 263 154
sheep 0.0205 329 232 349 282
sheep 0.0023 322 239 355 275
sheep 0.0010 283 228 305 268
