aeroplane 0.0030 272 82 409 155
cow 0.9875 270 87 412 164
cow 0.0050 -1 93 30 198
dog 0.0014 -1 93 30 198
dog 0.0011 193 74 234 172
horse 0.1397 -1 93 30 198
horse 0.0203 -3 66 47 197
horse 0.0097 -6 99 52 160
horse 0.0040 193 74 234 172
horse 0.0027 270 87 412 164
horse 0.0026 -1 68 26 159
horse 0.0013 3 78 38 152
motorbike 0.0019 -1 93 30 198
motorbike 0.0019 193 74 234 172
person 0.9664 440 42 475 130
person 0.9402 192 61 235 166
person 0.0593 -1 93 30 198
person 0.0022 458 41 473 92
person 0.0016 -1 68 26 159
sofa 0.0015 272 82 409 155
