boat 0.9927 -5 80 493 296
bus 0.2372 0 77 451 296
cow 0.0025 48 76 495 303
diningtable 0.0012 -8 99 499 336
person 0.0545 361 100 385 165
person 0.0210 272 156 312 188
person 0.0045 368 109 388 156
person 0.0034 4 176 45 242
person 0.0023 0 137 9 205
person 0.0018 264 145 327 194
person 0.0018 1 168 7 192
person 0.0015 139 178 177 205
person 0.0013 140 191 156 205
person 0.0013 0 169 27 245
person 0.0012 1 127 24 207
person 0.0012 279 162 304 193
person 0.0011 108 169 131 212
person 0.0010 159 190 175 204
person 0.0010 6 148 41 221
pottedplant 0.0015 -8 99 499 336
