aeroplane 0.0060 0 182 107 296
bicycle 0.0013 -1 180 91 319
bottle 0.0020 468 137 482 188
cat 0.0013 194 118 356 240
chair 0.0290 199 127 355 253
chair 0.0043 210 195 366 319
chair 0.0042 483 119 498 308
chair 0.0025 -1 180 91 319
chair 0.0018 112 187 180 269
chair 0.0011 472 71 500 352
dog 0.0029 199 127 355 253
dog 0.0012 100 246 188 328
motorbike 0.0021 0 164 91 306
person 0.8693 388 59 495 285
person 0.8533 216 212 365 329
person 0.7302 189 99 245 220
person 0.6387 89 233 202 328
person 0.6228 109 179 183 286
person 0.4296 199 127 355 253
person 0.1042 187 215 256 323
person 0.0822 0 164 91 306
person 0.0319 98 199 222 308
person 0.0217 119 182 171 257
person 0.0171 198 101 239 180
person 0.0141 -9 87 113 310
person 0.0079 126 228 281 326
person 0.0077 488 63 498 288
person 0.0066 196 103 284 239
person 0.0050 140 239 191 314
person 0.0048 483 119 498 308
person 0.0047 -1 222 118 321
person 0.0046 436 48 498 334
person 0.0045 472 71 500 352
person 0.0040 0 116 62 274
person 0.0037 185 102 223 183
person 0.0033 158 153 364 324
person 0.0021 476 207 498 338
person 0.0018 1 197 89 266
person 0.0016 493 64 499 162
person 0.0014 493 26 498 142
person 0.0014 137 223 213 327
person 0.0012 208 165 307 220
person 0.0010 0 106 19 244
person 0.0010 29 239 181 322
person 0.0010 93 261 232 343
pottedplant 0.0011 172 121 198 196
sofa 0.8764 189 105 366 296
sofa 0.1050 0 164 91 306
sofa 0.0151 -9 87 113 310
sofa 0.0025 1 197 89 266
sofa 0.0023 210 195 366 319
