bicycle 0.0016 295 0 311 39
car 0.0030 198 3 214 18
car 0.0020 195 0 234 21
car 0.0016 26 106 465 329
chair 0.4261 135 108 442 312
chair 0.0581 11 120 356 343
diningtable 0.0031 -1 116 372 347
dog 0.0015 11 120 356 343
horse 0.0015 295 0 311 39
motorbike 0.0017 295 0 311 39
person 0.8012 0 99 371 333
person 0.5143 135 108 442 312
person 0.1028 295 0 311 39
person 0.0223 233 8 240 25
person 0.0110 232 2 239 22
person 0.0091 301 99 497 327
person 0.0072 269 1 277 21
person 0.0060 298 6 308 33
person 0.0058 301 -2 315 42
person 0.0053 238 1 246 23
person 0.0027 262 0 270 20
person 0.0025 278 2 287 19
person 0.0023 288 -1 303 38
person 0.0023 289 1 297 20
person 0.0019 298 1 306 20
person 0.0018 220 4 232 17
person 0.0018 229 -3 242 26
person 0.0015 299 16 308 37
person 0.0011 234 120 321 269
person 0.0010 159 140 343 266
person 0.0010 288 3 318 36
sofa 0.8150 -1 120 427 343
sofa 0.0016 173 109 468 314
