bottle 0.0397 235 256 252 299
bottle 0.0038 239 272 249 300
bottle 0.0036 229 254 246 297
bottle 0.0026 246 255 261 299
bottle 0.0016 239 258 250 276
bottle 0.0015 211 254 304 296
bottle 0.0015 238 264 249 290
bottle 0.0010 249 257 257 277
bus 0.0029 87 -11 250 297
car 0.0018 189 287 332 330
car 0.0014 64 121 94 191
chair 0.0012 289 115 436 336
chair 0.0010 192 154 239 186
diningtable 0.0183 189 287 332 330
diningtable 0.0034 199 269 319 318
diningtable 0.0025 174 240 333 336
diningtable 0.0025 211 254 304 296
motorbike 0.0014 87 -11 250 297
person 0.9996 86 13 253 336
person 0.9945 284 81 430 324
person 0.9427 -1 48 68 337
person 0.9355 244 71 305 208
person 0.4573 218 162 293 272
person 0.3021 251 68 339 241
person 0.0149 291 60 375 252
person 0.0095 0 36 30 354
person 0.0090 375 94 447 295
person 0.0055 114 85 300 311
person 0.0055 228 88 300 255
person 0.0040 276 57 358 185
person 0.0029 206 167 280 228
person 0.0017 208 88 362 302
person 0.0016 254 73 296 166
person 0.0015 188 150 256 196
person 0.0013 397 94 436 132
person 0.0010 192 154 239 186
person 0.0010 -1 55 9 368
train 0.0018 87 -11 250 297
