aeroplane 0.0015 319 0 373 15
bird 0.0029 81 263 292 458
bottle 0.0017 81 263 292 458
bottle 0.0011 261 0 369 402
bus 0.0442 81 263 292 458
bus 0.0010 261 0 369 402
car 0.9944 145 5 327 173
car 0.9932 258 3 371 340
car 0.6082 108 1 173 99
car 0.2997 81 263 292 458
car 0.2024 319 0 373 15
car 0.0983 89 -2 156 56
car 0.0734 306 0 367 21
car 0.0606 298 -1 355 14
car 0.0440 103 2 139 88
car 0.0350 141 4 211 165
car 0.0293 87 1 123 58
car 0.0250 290 -1 346 24
car 0.0127 119 0 248 117
car 0.0112 358 0 374 14
car 0.0100 96 0 212 66
car 0.0058 193 1 318 50
car 0.0054 342 -2 382 16
car 0.0050 247 1 383 21
car 0.0048 91 1 139 27
car 0.0045 159 1 351 23
car 0.0043 366 -1 379 14
car 0.0043 133 14 176 111
car 0.0037 269 -3 409 54
car 0.0036 277 0 339 11
car 0.0032 252 0 323 8
car 0.0030 76 0 116 31
car 0.0022 85 -1 192 34
car 0.0018 118 1 276 24
car 0.0017 331 0 361 10
car 0.0016 207 7 376 203
car 0.0013 262 77 388 254
car 0.0013 108 0 159 27
car 0.0013 175 -1 247 10
car 0.0013 264 0 330 25
car 0.0012 94 0 115 46
car 0.0011 292 0 321 6
car 0.0011 282 0 314 4
car 0.0011 366 3 377 19
motorbike 0.0045 261 0 369 402
motorbike 0.0011 79 225 293 455
person 0.0071 147 -2 236 175
person 0.0026 261 0 369 402
person 0.0024 103 2 139 88
person 0.0010 237 0 262 6
pottedplant 0.0156 99 149 181 212
pottedplant 0.0099 120 144 190 191
pottedplant 0.0036 50 132 191 219
pottedplant 0.0022 139 139 177 196
pottedplant 0.0021 113 153 153 184
pottedplant 0.0015 151 155 175 198
pottedplant 0.0012 141 155 167 196
pottedplant 0.0010 163 147 179 190
train 0.0021 261 0 369 402
tvmonitor 0.1374 81 263 292 458
tvmonitor 0.0021 261 0 369 402
