bird 0.0010 182 181 196 199
car 0.0010 267 181 280 198
cow 0.0063 182 181 196 199
cow 0.0029 188 182 201 200
cow 0.0026 230 182 243 198
cow 0.0015 267 181 280 198
horse 0.0014 182 181 196 199
sheep 0.5728 330 176 352 193
sheep 0.2112 296 180 310 193
sheep 0.0720 267 181 280 198
sheep 0.0587 182 181 196 199
sheep 0.0232 230 182 243 198
sheep 0.0219 188 182 201 200
sheep 0.0080 342 175 354 190
sheep 0.0068 237 182 249 198
sheep 0.0065 173 180 203 199
sheep 0.0034 285 178 317 195
sheep 0.0028 257 181 289 200
sheep 0.0023 328 181 339 192
sheep 0.0021 219 181 252 199
sheep 0.0020 260 183 271 197
sheep 0.0018 328 172 366 192
sheep 0.0011 141 184 152 196
sheep 0.0011 234 176 251 204
sheep 0.0010 304 182 317 192
