bicycle 0.0019 21 5 216 377
bus 0.0113 9 -10 184 333
car 0.0083 9 -10 184 333
chair 0.0012 0 120 13 350
chair 0.0010 0 44 142 383
horse 0.0062 9 -10 184 333
motorbike 0.0128 9 -10 184 333
person 0.9991 10 -1 181 384
person 0.7713 224 72 261 129
person 0.7267 313 64 388 324
person 0.1601 122 76 156 196
person 0.0340 231 69 255 106
person 0.0306 326 76 486 373
person 0.0148 296 61 425 371
person 0.0063 117 63 160 138
person 0.0045 214 70 265 209
person 0.0031 0 43 7 128
person 0.0031 289 65 350 327
person 0.0020 118 68 158 104
person 0.0020 13 58 35 97
person 0.0016 22 56 42 97
person 0.0016 0 23 24 366
person 0.0016 211 84 271 141
person 0.0016 0 62 12 290
person 0.0014 271 70 327 289
person 0.0013 231 40 360 335
person 0.0012 1 39 24 122
person 0.0012 194 65 252 216
person 0.0011 6 68 40 100
person 0.0010 236 70 250 86
train 0.0016 9 -10 184 333
tvmonitor 0.0209 416 11 486 73
tvmonitor 0.0071 372 0 450 46
tvmonitor 0.0011 375 2 415 49
