bus 0.9974 165 74 333 361
bus 0.8993 105 194 165 249
bus 0.0224 156 185 188 260
bus 0.0217 208 128 334 278
bus 0.0054 138 188 171 254
bus 0.0043 118 210 164 242
bus 0.0034 110 204 156 230
bus 0.0021 91 205 153 260
bus 0.0010 165 126 225 316
bus 0.0010 1 240 48 272
car 0.2613 1 240 48 272
car 0.0134 290 273 331 355
car 0.0105 118 210 164 242
car 0.0095 103 207 166 256
car 0.0036 263 146 328 226
car 0.0030 297 243 331 317
car 0.0021 147 226 159 242
car 0.0020 110 204 156 230
car 0.0018 109 217 157 249
car 0.0016 131 220 167 246
car 0.0015 155 226 164 245
car 0.0014 142 208 162 244
car 0.0012 21 227 51 290
car 0.0011 0 233 69 282
car 0.0011 165 63 341 311
horse 0.0047 198 96 338 373
motorbike 0.0081 290 273 331 355
person 0.9994 46 195 108 403
person 0.8255 266 146 326 249
person 0.0615 198 80 339 348
person 0.0599 96 209 110 261
person 0.0272 274 172 314 257
person 0.0267 104 279 129 344
person 0.0240 113 285 133 337
person 0.0217 290 136 325 195
person 0.0156 116 282 147 342
person 0.0124 315 147 331 188
person 0.0121 86 203 113 273
person 0.0117 88 202 102 251
person 0.0110 0 216 46 380
person 0.0084 72 192 116 373
person 0.0079 208 128 334 278
person 0.0056 237 129 312 242
person 0.0050 305 147 326 186
person 0.0042 103 213 118 258
person 0.0037 276 137 312 197
person 0.0030 257 145 295 222
person 0.0028 223 155 253 242
person 0.0027 297 141 330 176
person 0.0025 219 135 285 264
person 0.0021 319 156 329 179
person 0.0020 293 149 320 185
person 0.0019 0 211 15 384
person 0.0016 278 157 333 313
person 0.0014 233 144 267 226
person 0.0012 -1 221 14 269
person 0.0011 154 224 166 264
train 0.0013 110 204 156 230
train 0.0011 105 194 165 249
train 0.0010 165 63 341 311
