bird 0.0011 434 152 476 175
cat 0.0031 434 152 476 175
cow 0.0116 434 152 476 175
cow 0.0063 272 164 306 229
cow 0.0018 144 170 193 201
cow 0.0015 265 178 302 219
dog 0.0080 434 152 476 175
horse 0.0014 434 152 476 175
sheep 0.8440 144 170 193 201
sheep 0.8179 266 169 305 224
sheep 0.0086 333 151 369 175
sheep 0.0055 228 165 244 174
sheep 0.0053 434 152 476 175
sheep 0.0020 179 181 194 198
sheep 0.0016 214 162 254 179
sheep 0.0015 179 176 194 190
sheep 0.0014 341 155 360 171
sheep 0.0012 280 173 303 214
sheep 0.0011 145 166 191 188
