bottle 0.0025 1 162 7 254
cat 0.0021 74 185 283 315
chair 0.0023 52 190 304 338
cow 0.0011 385 151 486 314
dog 0.9641 90 158 316 332
dog 0.6778 374 156 496 317
dog 0.0069 131 182 357 301
dog 0.0068 185 184 290 243
dog 0.0047 18 223 272 330
dog 0.0028 17 106 399 368
horse 0.0015 52 190 304 338
person 0.9767 40 80 314 324
person 0.4290 96 150 401 323
person 0.0414 106 91 364 262
person 0.0109 -1 -13 44 251
person 0.0080 74 185 283 315
person 0.0010 69 50 494 298
pottedplant 0.0099 45 132 136 205
sofa 0.0038 17 106 399 368
sofa 0.0019 57 159 300 333
tvmonitor 0.0398 238 14 417 81
