bicycle 0.0013 206 412 336 497
car 0.0024 158 314 168 330
car 0.0022 154 303 172 342
car 0.0021 148 314 157 331
car 0.0012 140 314 151 331
car 0.0012 137 305 155 341
car 0.0010 145 303 160 344
chair 0.9038 202 403 271 496
chair 0.6678 247 429 340 500
chair 0.1360 321 374 371 496
chair 0.0346 327 434 371 496
chair 0.0074 315 407 357 495
chair 0.0061 316 373 353 453
chair 0.0033 267 417 319 496
chair 0.0030 287 418 335 494
chair 0.0016 252 490 343 500
chair 0.0015 228 469 358 498
chair 0.0014 173 299 189 344
chair 0.0014 175 425 295 503
chair 0.0012 324 469 367 501
chair 0.0011 295 363 332 422
chair 0.0011 299 371 362 423
diningtable 0.5349 230 410 359 497
diningtable 0.0156 321 374 371 496
diningtable 0.0038 260 434 350 501
diningtable 0.0014 319 438 377 500
diningtable 0.0012 207 409 289 494
person 0.9993 155 314 202 477
person 0.9964 84 295 149 501
person 0.5749 67 310 91 404
person 0.5121 55 308 77 399
person 0.0797 132 315 157 429
person 0.0514 67 311 84 372
person 0.0450 112 298 155 490
person 0.0385 148 310 160 354
person 0.0191 150 317 157 346
person 0.0158 80 311 107 405
person 0.0117 153 312 170 349
person 0.0088 137 309 155 352
person 0.0086 179 294 186 314
person 0.0059 79 296 126 457
person 0.0058 173 299 189 344
person 0.0056 157 320 167 342
person 0.0050 61 311 77 372
person 0.0048 50 316 65 385
person 0.0048 142 299 187 491
person 0.0042 58 296 97 444
person 0.0042 165 292 181 333
person 0.0037 142 310 163 409
person 0.0035 178 301 185 320
person 0.0033 175 286 190 320
person 0.0033 148 314 157 331
person 0.0026 169 303 177 321
person 0.0024 186 294 193 313
person 0.0022 158 314 194 399
person 0.0021 149 317 160 380
person 0.0018 158 314 168 330
person 0.0016 168 311 176 331
person 0.0015 140 318 150 340
person 0.0014 186 301 211 367
person 0.0013 168 320 175 340
pottedplant 0.3477 283 290 307 374
pottedplant 0.2574 203 306 238 368
pottedplant 0.1611 293 290 321 375
pottedplant 0.1050 214 317 239 363
pottedplant 0.0315 209 314 234 352
pottedplant 0.0250 280 312 296 370
pottedplant 0.0157 280 284 297 341
pottedplant 0.0133 299 313 312 370
pottedplant 0.0093 191 312 212 349
pottedplant 0.0092 289 338 307 383
pottedplant 0.0077 281 335 313 408
pottedplant 0.0062 289 310 306 371
pottedplant 0.0042 287 286 306 340
pottedplant 0.0041 191 323 248 375
pottedplant 0.0040 312 293 341 376
pottedplant 0.0028 202 313 221 349
pottedplant 0.0026 298 290 313 354
pottedplant 0.0025 186 301 211 367
pottedplant 0.0024 293 337 324 413
pottedplant 0.0018 290 360 305 378
pottedplant 0.0016 280 354 313 383
pottedplant 0.0015 281 263 306 345
pottedplant 0.0014 200 292 220 333
pottedplant 0.0013 296 336 314 382
pottedplant 0.0013 266 283 294 355
pottedplant 0.0011 195 332 207 349
pottedplant 0.0011 285 359 309 395
pottedplant 0.0010 273 314 289 368
