car 0.9999 42 45 451 346
car 0.9670 293 81 455 202
car 0.1445 416 68 484 128
car 0.0541 254 56 419 155
car 0.0246 114 8 248 48
car 0.0226 408 61 444 93
car 0.0186 80 17 249 60
car 0.0157 318 110 465 237
car 0.0121 368 58 423 99
car 0.0106 295 74 415 124
car 0.0080 317 87 430 150
car 0.0080 295 63 379 106
car 0.0078 399 60 471 109
car 0.0071 383 63 430 91
car 0.0058 232 59 443 229
car 0.0049 400 58 438 81
car 0.0020 286 48 434 121
car 0.0018 231 0 278 18
car 0.0016 225 13 295 67
car 0.0014 12 8 184 81
car 0.0011 398 69 439 99
car 0.0010 41 16 225 101
car 0.0010 407 62 428 74
diningtable 0.0017 17 63 435 358
horse 0.0025 381 62 416 92
motorbike 0.0045 381 62 416 92
motorbike 0.0020 403 66 470 126
person 0.7808 431 62 473 136
person 0.4815 381 62 416 92
person 0.3452 422 63 479 172
person 0.1144 478 68 495 122
person 0.0881 487 66 499 125
person 0.0846 457 66 486 136
person 0.0846 419 60 482 113
person 0.0425 417 64 456 131
person 0.0326 455 71 479 120
person 0.0242 467 71 484 120
person 0.0231 368 58 423 99
person 0.0169 405 61 430 92
person 0.0099 414 66 439 104
person 0.0082 381 65 399 86
person 0.0068 352 60 371 90
person 0.0068 438 80 466 187
person 0.0065 371 56 409 85
person 0.0061 475 70 496 160
person 0.0061 382 69 431 97
person 0.0055 354 65 368 84
person 0.0049 491 65 497 90
person 0.0048 314 66 470 172
person 0.0042 364 61 397 88
person 0.0040 489 53 499 104
person 0.0033 478 60 495 98
person 0.0032 351 63 388 87
person 0.0031 360 66 376 85
person 0.0030 436 62 476 90
person 0.0026 405 49 469 156
person 0.0026 386 65 410 85
person 0.0025 490 72 498 100
person 0.0021 468 82 485 143
person 0.0019 388 61 408 76
person 0.0019 433 70 458 120
person 0.0016 481 68 491 86
person 0.0016 400 67 415 85
person 0.0015 385 57 428 83
person 0.0014 379 65 401 100
person 0.0014 396 66 418 99
person 0.0013 427 69 468 104
person 0.0010 480 73 492 96
person 0.0010 381 61 399 77
person 0.0010 401 61 415 75
pottedplant 0.0016 17 63 435 358
