aeroplane 0.0018 26 44 489 342
boat 0.0028 26 44 489 342
bus 0.0457 107 97 518 354
car 0.9981 74 91 505 362
car 0.1661 453 98 501 134
car 0.1037 223 84 437 153
car 0.0886 254 90 382 141
car 0.0694 201 137 379 245
car 0.0388 201 78 280 114
car 0.0268 166 97 411 287
car 0.0081 0 58 57 112
car 0.0061 195 158 444 268
car 0.0057 180 95 403 195
car 0.0052 253 98 460 183
car 0.0041 472 102 499 143
car 0.0040 -1 52 30 114
car 0.0032 10 61 502 255
car 0.0032 305 104 442 143
car 0.0032 223 87 379 119
car 0.0025 489 87 500 145
car 0.0022 0 64 44 91
car 0.0021 221 88 269 117
car 0.0020 15 4 181 320
car 0.0019 464 95 503 122
car 0.0017 304 91 357 121
car 0.0016 294 83 492 146
car 0.0016 135 72 370 144
car 0.0016 245 146 465 228
car 0.0014 269 106 401 158
car 0.0012 410 98 504 138
car 0.0012 7 72 80 120
car 0.0011 462 103 491 141
car 0.0010 -1 59 10 113
diningtable 0.0026 102 115 524 385
motorbike 0.0012 107 97 518 354
person 0.9998 19 35 184 368
person 0.1071 236 140 319 259
person 0.0561 201 137 379 245
person 0.0273 238 145 317 207
person 0.0122 166 97 411 287
person 0.0027 295 139 376 259
person 0.0015 238 148 290 178
person 0.0012 488 95 500 153
person 0.0010 291 147 379 204
train 0.0029 107 97 518 354
tvmonitor 0.0012 70 56 507 333
