boat 0.0012 357 160 421 183
bus 0.9856 216 92 346 217
bus 0.0079 435 171 477 192
bus 0.0046 348 161 436 193
bus 0.0037 467 169 502 190
bus 0.0036 422 165 473 183
bus 0.0022 357 160 421 183
car 0.9980 308 187 402 244
car 0.9844 3 154 118 258
car 0.4852 435 171 477 192
car 0.0897 467 169 502 190
car 0.0570 446 176 481 198
car 0.0277 422 165 473 183
car 0.0251 475 173 497 186
car 0.0146 455 175 475 188
car 0.0116 454 180 476 194
car 0.0113 200 166 215 179
car 0.0068 434 173 458 183
car 0.0044 427 168 446 177
car 0.0041 208 165 219 178
car 0.0041 357 160 421 183
car 0.0040 444 174 470 186
car 0.0034 474 161 499 186
car 0.0030 478 167 495 179
car 0.0030 334 188 384 211
car 0.0027 411 169 466 187
car 0.0025 348 161 436 193
car 0.0022 322 179 417 222
car 0.0021 466 174 505 200
car 0.0020 429 172 445 183
car 0.0020 451 161 504 185
car 0.0018 157 167 177 179
car 0.0016 150 162 186 183
car 0.0014 435 169 457 178
car 0.0012 7 156 120 206
car 0.0012 489 172 498 189
car 0.0010 447 169 466 178
person 0.0090 121 156 134 206
train 0.0018 357 160 421 183
train 0.0017 435 171 477 192
train 0.0014 467 169 502 190
train 0.0011 422 165 473 183
tvmonitor 0.0012 357 160 421 183
