boat 0.0011 157 173 551 364
bottle 0.0016 234 165 254 218
bottle 0.0012 166 171 204 231
bottle 0.0012 226 152 245 190
bus 0.0014 34 81 68 108
chair 0.0049 124 200 478 374
chair 0.0010 13 191 46 279
diningtable 0.9967 146 181 491 368
diningtable 0.0018 33 134 473 335
diningtable 0.0010 153 143 415 221
person 0.9437 59 58 215 379
person 0.9174 392 73 462 247
person 0.9050 185 98 254 180
person 0.4730 269 67 387 203
person 0.3528 7 285 162 374
person 0.3021 440 34 499 316
person 0.1919 391 32 494 323
person 0.1366 71 81 204 213
person 0.0921 263 90 309 160
person 0.0457 262 83 332 189
person 0.0310 79 82 119 155
person 0.0308 151 88 219 196
person 0.0237 88 73 122 134
person 0.0202 5 53 339 391
person 0.0148 164 78 270 175
person 0.0102 404 73 449 162
person 0.0102 187 177 518 370
person 0.0077 59 106 119 166
person 0.0066 89 77 111 114
person 0.0058 285 59 431 235
person 0.0057 5 281 83 348
person 0.0048 0 271 68 386
person 0.0042 78 103 100 146
person 0.0042 2 37 17 203
person 0.0041 91 69 129 102
person 0.0037 111 167 400 362
person 0.0034 162 120 202 188
person 0.0031 210 105 309 171
person 0.0031 0 258 21 370
person 0.0029 0 216 175 379
person 0.0021 0 101 6 206
person 0.0020 466 67 499 360
person 0.0018 57 84 122 195
person 0.0016 73 115 110 151
person 0.0015 0 251 6 364
person 0.0015 116 99 207 253
person 0.0013 71 113 92 152
person 0.0011 164 118 241 187
person 0.0011 0 276 48 353
person 0.0011 82 88 120 122
person 0.0010 89 86 109 140
train 0.0015 34 81 68 108
tvmonitor 0.0146 34 81 68 108
tvmonitor 0.0011 42 88 60 105
