bottle 0.0661 89 261 125 359
bottle 0.0094 125 262 155 355
bottle 0.0089 111 256 138 358
chair 0.0339 184 144 328 359
chair 0.0039 114 78 481 385
chair 0.0021 20 138 149 289
diningtable 0.0010 147 28 514 371
dog 0.0015 189 135 311 311
dog 0.0014 170 131 491 369
person 0.9965 146 97 521 367
person 0.9595 184 118 319 338
person 0.6294 4 127 126 275
person 0.0116 0 122 60 310
person 0.0082 210 150 348 299
person 0.0071 29 130 223 323
person 0.0059 0 131 17 299
person 0.0035 -1 96 30 335
person 0.0021 57 154 193 288
person 0.0017 0 149 7 234
person 0.0015 357 122 399 166
person 0.0015 -4 148 130 361
pottedplant 0.8453 125 85 202 154
pottedplant 0.0014 122 252 157 285
pottedplant 0.0010 123 78 225 187
sofa 0.3348 139 123 522 374
sofa 0.0099 184 144 328 359
