chair 0.9836 134 194 220 354
chair 0.8598 257 194 335 313
chair 0.2949 227 207 340 377
chair 0.0186 478 236 498 385
chair 0.0186 231 280 354 371
chair 0.0177 449 244 497 375
chair 0.0177 102 172 148 329
chair 0.0050 111 178 178 333
chair 0.0031 483 188 500 361
chair 0.0025 194 204 292 347
chair 0.0019 274 199 343 277
chair 0.0012 129 177 201 306
chair 0.0011 472 160 499 389
chair 0.0010 256 195 308 276
diningtable 0.1361 132 203 269 342
diningtable 0.1105 312 241 494 369
diningtable 0.0011 187 205 321 329
diningtable 0.0010 227 207 340 377
