car 0.0012 42 167 107 204
cow 0.9324 47 169 116 209
cow 0.0064 492 211 500 268
cow 0.0055 477 284 497 329
cow 0.0035 478 262 498 359
cow 0.0031 88 177 111 205
cow 0.0027 492 228 500 250
cow 0.0017 474 272 496 307
cow 0.0014 488 271 498 343
dog 0.0021 46 168 119 203
dog 0.0016 492 211 500 268
dog 0.0011 477 284 497 329
horse 0.0030 51 170 110 207
horse 0.0011 492 211 500 268
sheep 0.0056 492 211 500 268
sheep 0.0043 47 169 116 209
sheep 0.0035 492 228 500 250
sheep 0.0031 476 274 497 323
sheep 0.0016 488 271 498 343
