bicycle 0.0023 87 25 464 318
car 0.0059 87 25 464 318
motorbike 0.9992 55 27 432 316
motorbike 0.0274 122 28 372 234
person 0.9545 467 13 498 217
person 0.9319 -2 60 55 299
person 0.6869 280 4 351 114
person 0.2551 122 28 372 234
person 0.1256 234 17 354 148
person 0.0323 462 19 488 178
person 0.0156 293 6 345 77
person 0.0124 87 25 464 318
person 0.0030 65 67 94 126
person 0.0029 473 23 499 133
person 0.0026 457 22 487 105
person 0.0023 64 66 80 121
person 0.0019 80 66 101 102
person 0.0014 156 57 344 189
train 0.0023 81 50 469 332
