bottle 0.0053 374 3 496 200
bottle 0.0014 65 30 513 361
bus 0.0074 80 85 548 356
bus 0.0021 67 11 281 201
car 0.9880 67 70 516 364
car 0.5695 67 11 281 201
car 0.5280 369 22 497 179
car 0.0525 229 5 280 35
car 0.0166 227 9 290 71
car 0.0083 110 14 299 121
car 0.0054 265 -3 395 81
car 0.0046 196 7 289 46
car 0.0032 413 -11 493 142
car 0.0032 222 13 272 40
car 0.0031 180 7 314 76
car 0.0029 116 26 164 50
car 0.0027 339 3 412 49
car 0.0022 338 5 382 34
car 0.0019 230 3 278 21
car 0.0018 423 -3 482 46
car 0.0016 289 6 383 46
car 0.0016 3 27 44 52
car 0.0012 427 19 504 218
car 0.0012 121 22 136 32
car 0.0012 356 -4 467 78
car 0.0011 270 3 280 18
motorbike 0.0864 369 22 497 179
motorbike 0.0062 78 23 554 364
motorbike 0.0018 266 8 395 121
person 0.0307 62 22 80 71
person 0.0098 432 -3 472 45
person 0.0057 54 23 72 69
person 0.0041 259 9 291 83
person 0.0023 474 0 496 39
person 0.0018 264 20 283 75
person 0.0015 339 6 373 79
person 0.0013 493 26 498 50
person 0.0012 270 3 280 18
