aeroplane 0.9996 15 33 490 325
aeroplane 0.1301 18 164 174 262
aeroplane 0.0128 -4 147 139 243
aeroplane 0.0090 1 194 60 243
aeroplane 0.0088 44 186 133 244
aeroplane 0.0037 -1 200 47 226
aeroplane 0.0034 -8 122 41 146
aeroplane 0.0032 -1 214 48 244
aeroplane 0.0027 65 216 206 305
aeroplane 0.0023 5 131 188 306
aeroplane 0.0021 63 160 141 234
aeroplane 0.0018 47 152 127 207
aeroplane 0.0017 115 223 178 280
aeroplane 0.0012 60 157 103 189
aeroplane 0.0010 3 148 91 204
car 0.0020 -1 214 48 244
car 0.0018 115 223 178 280
motorbike 0.0033 57 28 504 296
person 0.0079 128 222 171 280
