bicycle 0.0021 1 195 48 353
bottle 0.0021 245 142 263 184
chair 0.8387 185 153 260 284
chair 0.6187 167 129 203 268
chair 0.1842 177 138 215 258
chair 0.1126 139 136 175 218
chair 0.0185 200 162 243 273
chair 0.0131 220 161 260 273
chair 0.0070 151 130 180 250
chair 0.0070 237 163 269 267
chair 0.0018 130 120 164 211
chair 0.0018 1 195 48 353
chair 0.0015 164 155 238 242
chair 0.0010 0 205 23 342
cow 0.0010 188 173 259 283
diningtable 0.3536 169 152 273 275
diningtable 0.0323 172 138 224 266
diningtable 0.0045 189 190 261 275
