bottle 0.0011 2 31 8 63
bottle 0.0011 0 74 8 133
car 0.9991 18 26 475 355
car 0.0036 54 14 118 77
car 0.0029 152 57 412 307
car 0.0016 2 25 8 51
car 0.0012 0 4 11 54
person 0.9283 36 24 61 106
person 0.6978 62 16 102 95
person 0.5017 1 42 27 121
person 0.4836 147 14 168 44
person 0.2976 52 19 80 100
person 0.2547 121 18 140 56
person 0.2372 94 12 121 75
person 0.1915 24 29 39 85
person 0.1867 128 13 148 48
person 0.1133 17 31 34 83
person 0.1131 1 24 10 72
person 0.1100 13 26 38 103
person 0.0944 109 17 130 60
person 0.0560 0 61 10 133
person 0.0534 129 11 158 69
person 0.0496 2 25 8 51
person 0.0474 144 11 177 104
person 0.0438 2 31 8 63
person 0.0415 2 28 24 67
person 0.0392 93 17 113 62
person 0.0349 33 25 49 90
person 0.0293 0 31 10 102
person 0.0182 121 20 156 52
person 0.0131 7 30 20 45
person 0.0118 53 29 69 101
person 0.0112 4 60 36 132
person 0.0108 14 21 33 59
person 0.0106 98 13 122 50
person 0.0099 140 12 160 47
person 0.0094 0 60 23 172
person 0.0092 150 13 166 31
person 0.0089 130 17 146 38
person 0.0072 1 83 24 122
person 0.0062 2 61 21 113
person 0.0056 17 29 29 46
person 0.0054 25 20 40 60
person 0.0054 139 18 177 53
person 0.0048 123 19 138 38
person 0.0047 123 24 136 48
person 0.0047 28 28 37 48
person 0.0043 0 4 11 54
person 0.0042 32 19 52 59
person 0.0041 142 18 156 38
person 0.0038 143 10 173 35
person 0.0036 130 6 190 113
person 0.0032 115 16 146 45
person 0.0030 0 76 5 149
person 0.0029 1 81 5 129
person 0.0026 1 16 7 43
person 0.0024 85 21 120 57
person 0.0021 105 18 134 93
person 0.0020 101 27 136 62
person 0.0020 2 88 41 120
person 0.0020 7 36 20 56
person 0.0018 -3 25 52 133
person 0.0018 72 14 134 72
person 0.0018 7 25 38 53
person 0.0017 146 15 185 40
person 0.0016 131 12 144 29
person 0.0016 113 20 126 37
person 0.0016 130 24 146 45
person 0.0015 15 49 33 99
person 0.0015 160 18 172 35
person 0.0015 19 36 29 57
person 0.0015 1 93 4 133
person 0.0014 68 26 91 69
person 0.0014 43 24 59 75
person 0.0013 21 43 29 69
person 0.0013 27 35 37 57
person 0.0012 109 29 150 60
person 0.0011 8 36 39 78
person 0.0011 27 12 37 26
person 0.0010 8 22 18 38
person 0.0010 94 13 151 68
person 0.0010 19 20 29 37
person 0.0010 23 51 40 97
person 0.0010 102 17 136 45
person 0.0010 101 20 119 36
