bird 0.0011 108 10 449 252
bus 0.9986 120 5 436 234
bus 0.6353 463 114 500 197
bus 0.0360 423 115 453 172
bus 0.0032 378 107 418 167
bus 0.0030 449 121 464 169
bus 0.0027 -3 0 120 215
bus 0.0023 432 125 457 166
bus 0.0020 117 -9 253 228
bus 0.0012 -3 35 64 203
bus 0.0011 431 78 457 169
bus 0.0011 427 122 465 152
car 0.8573 424 134 450 169
car 0.2019 463 114 500 197
car 0.0425 426 127 461 165
car 0.0102 449 129 462 173
car 0.0034 452 140 459 165
car 0.0026 422 141 435 167
car 0.0019 421 124 439 169
car 0.0018 438 143 451 163
car 0.0017 453 133 460 155
car 0.0011 105 13 418 248
person 0.0025 391 124 403 143
person 0.0020 385 124 395 143
person 0.0016 105 13 418 248
person 0.0011 387 119 407 145
train 0.0024 425 125 450 169
tvmonitor 0.0015 463 114 500 197
tvmonitor 0.0013 125 12 433 250
