bus 0.9977 105 118 379 271
bus 0.0871 70 154 136 208
bus 0.0593 85 155 122 225
bus 0.0124 105 155 137 228
bus 0.0073 74 158 109 225
bus 0.0055 129 152 155 232
bus 0.0048 0 143 26 217
bus 0.0031 73 134 137 254
bus 0.0028 1 159 90 204
bus 0.0027 6 149 41 212
bus 0.0024 27 169 63 199
bus 0.0015 90 161 152 220
bus 0.0014 107 127 248 242
bus 0.0013 71 159 112 189
car 0.0020 44 183 58 196
car 0.0014 43 177 57 191
car 0.0013 32 177 69 201
car 0.0010 117 132 370 255
person 0.0121 101 170 115 214
person 0.0023 81 173 98 211
person 0.0020 101 127 345 255
person 0.0015 0 163 9 221
person 0.0014 79 181 85 207
person 0.0014 82 198 97 244
person 0.0012 76 172 90 213
person 0.0012 86 188 93 212
person 0.0011 132 177 145 224
person 0.0011 93 169 111 213
person 0.0011 28 182 36 204
train 0.1087 70 154 136 208
train 0.0274 85 155 122 225
train 0.0086 91 116 362 270
train 0.0065 101 151 139 214
train 0.0031 74 158 109 225
train 0.0016 73 134 137 254
train 0.0014 27 169 63 199
train 0.0010 14 158 124 201
tvmonitor 0.0012 144 114 401 281
tvmonitor 0.0010 71 159 112 189
