bicycle 0.0649 232 142 251 180
bicycle 0.0120 271 147 290 178
bicycle 0.0088 252 153 293 178
bicycle 0.0078 229 152 282 180
bird 0.0160 478 141 498 183
bird 0.0050 487 140 499 202
boat 0.6863 237 162 290 182
boat 0.2651 227 146 299 183
boat 0.0676 252 153 293 178
boat 0.0366 271 147 290 178
boat 0.0121 230 169 297 187
boat 0.0069 232 142 251 180
boat 0.0038 224 158 272 182
boat 0.0036 269 155 283 173
boat 0.0035 261 158 287 180
boat 0.0033 251 166 279 176
boat 0.0027 276 151 287 174
boat 0.0023 251 160 279 181
boat 0.0018 240 144 291 167
boat 0.0015 263 163 286 176
cat 0.0063 478 141 498 183
cat 0.0017 485 132 498 194
chair 0.0049 232 142 251 180
cow 0.0175 478 141 498 183
cow 0.0027 485 132 498 194
cow 0.0014 477 136 501 208
cow 0.0010 478 95 499 187
dog 0.0426 478 141 498 183
dog 0.0097 485 132 498 194
dog 0.0047 478 95 499 187
dog 0.0041 477 136 501 208
dog 0.0026 232 142 251 180
dog 0.0018 471 149 512 177
dog 0.0010 488 108 499 182
horse 0.0075 476 125 502 190
horse 0.0012 232 142 251 180
motorbike 0.0151 232 142 251 180
motorbike 0.0010 271 147 290 178
person 0.0957 232 142 251 180
person 0.0130 237 143 247 162
person 0.0095 271 147 290 178
person 0.0051 276 151 287 174
person 0.0044 234 144 243 163
person 0.0037 237 140 248 151
person 0.0034 476 125 502 190
person 0.0027 269 155 283 173
person 0.0018 237 147 247 175
person 0.0015 481 53 499 187
person 0.0011 276 147 285 162
person 0.0011 226 141 263 170
sheep 0.0039 476 125 502 190
sheep 0.0012 487 140 499 202
train 0.0105 237 162 290 182
train 0.0011 252 153 293 178
