aeroplane 0.0032 150 144 188 167
aeroplane 0.0015 311 128 391 166
aeroplane 0.0011 40 147 88 166
bicycle 0.0047 334 146 490 174
bicycle 0.0034 375 142 420 165
bicycle 0.0030 253 144 273 182
bicycle 0.0021 406 144 469 163
boat 0.3542 334 146 490 174
boat 0.2066 401 140 507 169
boat 0.0595 311 128 391 166
boat 0.0268 426 143 489 164
boat 0.0185 406 144 469 163
boat 0.0174 323 133 378 158
boat 0.0155 220 155 295 193
boat 0.0117 443 151 507 173
boat 0.0090 351 125 442 167
boat 0.0080 375 142 420 165
boat 0.0058 336 156 487 186
boat 0.0038 336 138 382 167
boat 0.0035 368 130 501 166
boat 0.0026 146 138 180 185
boat 0.0024 365 151 414 173
boat 0.0023 284 153 341 175
boat 0.0023 263 143 374 176
boat 0.0021 243 136 278 189
boat 0.0020 81 143 167 178
boat 0.0019 336 150 385 174
boat 0.0017 254 153 274 192
boat 0.0015 315 139 370 166
boat 0.0015 263 153 284 195
boat 0.0015 203 149 244 176
boat 0.0015 239 168 289 194
boat 0.0013 29 148 107 178
boat 0.0013 226 166 267 196
boat 0.0012 415 150 478 173
boat 0.0011 200 145 281 184
boat 0.0011 200 138 236 184
bus 0.0124 197 143 238 168
bus 0.0078 323 133 378 158
bus 0.0027 40 147 88 166
bus 0.0021 150 144 188 167
bus 0.0016 4 141 44 167
bus 0.0015 336 138 382 167
bus 0.0011 311 128 391 166
car 0.2361 197 143 238 168
car 0.2220 150 144 188 167
car 0.1608 42 145 99 167
car 0.0534 4 141 44 167
car 0.0379 39 150 87 176
car 0.0173 323 133 378 158
car 0.0103 94 145 147 166
car 0.0090 0 150 49 172
car 0.0083 65 144 115 168
car 0.0072 155 149 181 163
car 0.0068 55 150 105 173
car 0.0051 311 128 391 166
car 0.0038 0 153 7 174
car 0.0030 204 148 230 162
car 0.0030 426 143 489 164
car 0.0028 369 142 412 166
car 0.0026 48 150 75 161
car 0.0024 81 143 167 178
car 0.0022 146 138 180 185
car 0.0019 406 144 469 163
car 0.0018 -1 130 9 180
car 0.0017 26 147 84 164
car 0.0016 35 147 130 176
car 0.0016 -4 142 66 178
car 0.0015 141 149 156 161
car 0.0015 165 149 187 162
car 0.0015 445 145 503 167
car 0.0015 0 142 7 169
car 0.0013 203 149 244 176
car 0.0012 48 146 76 167
car 0.0012 252 141 272 170
car 0.0012 213 149 235 162
car 0.0011 91 156 108 168
car 0.0011 150 150 166 161
car 0.0010 193 141 248 182
car 0.0010 134 151 184 176
motorbike 0.0015 375 142 420 165
motorbike 0.0012 253 144 273 182
person 0.0059 379 134 417 159
person 0.0052 252 141 272 170
person 0.0030 370 127 386 163
person 0.0023 256 145 269 165
person 0.0021 286 147 298 164
person 0.0019 375 142 420 165
person 0.0015 243 136 278 189
person 0.0013 390 140 407 153
person 0.0011 402 139 413 153
person 0.0010 373 134 383 153
train 0.0132 323 133 378 158
train 0.0078 197 143 238 168
train 0.0022 336 138 382 167
train 0.0021 150 144 188 167
train 0.0020 426 143 489 164
train 0.0019 40 147 88 166
train 0.0013 4 141 44 167
train 0.0010 406 144 469 163
tvmonitor 0.0054 323 133 378 158
tvmonitor 0.0016 197 143 238 168
