bird 0.0030 177 305 218 335
bird 0.0020 171 300 229 351
bird 0.0012 344 198 356 222
bird 0.0010 340 191 360 229
chair 0.0018 453 178 493 252
chair 0.0015 482 157 499 272
pottedplant 0.7362 257 325 327 371
pottedplant 0.7292 417 172 445 249
pottedplant 0.1504 357 115 399 148
pottedplant 0.1173 186 308 222 343
pottedplant 0.0954 340 191 360 229
pottedplant 0.0597 405 175 431 246
pottedplant 0.0541 344 164 369 230
pottedplant 0.0459 350 190 367 233
pottedplant 0.0277 359 187 377 237
pottedplant 0.0167 368 109 392 145
pottedplant 0.0149 171 300 229 351
pottedplant 0.0147 419 194 436 247
pottedplant 0.0144 377 109 398 146
pottedplant 0.0143 441 107 496 160
pottedplant 0.0103 356 163 383 234
pottedplant 0.0102 204 151 228 189
pottedplant 0.0101 337 120 389 146
pottedplant 0.0099 432 174 459 249
pottedplant 0.0098 214 151 254 179
pottedplant 0.0093 378 115 416 151
pottedplant 0.0088 344 162 358 204
pottedplant 0.0087 396 114 419 153
pottedplant 0.0081 344 198 356 222
pottedplant 0.0076 337 200 348 222
pottedplant 0.0059 201 149 237 204
pottedplant 0.0056 335 195 351 225
pottedplant 0.0052 418 165 436 221
pottedplant 0.0049 214 152 235 188
pottedplant 0.0047 352 203 385 236
pottedplant 0.0046 322 114 398 152
pottedplant 0.0046 370 184 386 240
pottedplant 0.0042 355 208 368 230
pottedplant 0.0040 404 115 429 153
pottedplant 0.0037 391 182 406 242
pottedplant 0.0036 343 194 375 230
pottedplant 0.0034 223 153 246 187
pottedplant 0.0034 354 200 365 224
pottedplant 0.0029 403 177 460 244
pottedplant 0.0027 279 336 321 372
pottedplant 0.0026 357 110 385 143
pottedplant 0.0025 350 113 429 152
pottedplant 0.0024 400 183 416 240
pottedplant 0.0024 453 178 493 252
pottedplant 0.0024 411 193 427 246
pottedplant 0.0017 220 158 267 183
pottedplant 0.0017 233 149 274 179
pottedplant 0.0016 259 307 305 369
pottedplant 0.0016 183 304 210 335
pottedplant 0.0016 346 191 356 214
pottedplant 0.0016 293 110 330 138
pottedplant 0.0015 434 116 457 154
pottedplant 0.0015 381 187 396 239
pottedplant 0.0014 473 79 498 160
pottedplant 0.0014 219 148 252 202
pottedplant 0.0014 361 210 376 231
pottedplant 0.0013 380 109 447 156
pottedplant 0.0012 208 157 226 173
pottedplant 0.0012 235 148 255 180
pottedplant 0.0011 165 308 216 340
pottedplant 0.0011 217 156 233 172
pottedplant 0.0011 327 113 374 140
pottedplant 0.0011 183 152 231 180
pottedplant 0.0010 348 173 366 213
pottedplant 0.0010 226 162 243 179
pottedplant 0.0010 238 35 289 63
pottedplant 0.0010 178 155 218 189
pottedplant 0.0010 227 157 243 172
tvmonitor 0.0025 351 118 391 148
tvmonitor 0.0022 171 300 229 351
tvmonitor 0.0011 178 306 218 342
tvmonitor 0.0010 370 116 404 149
