boat 0.0010 472 210 497 294
bus 0.9712 335 224 409 289
bus 0.8955 164 222 321 284
bus 0.0097 146 232 268 280
bus 0.0032 338 236 386 296
bus 0.0027 371 221 409 289
bus 0.0018 345 243 429 292
bus 0.0014 472 210 497 294
bus 0.0013 213 237 335 277
bus 0.0012 347 255 392 283
car 0.0037 347 255 392 283
car 0.0026 492 229 500 308
car 0.0020 153 232 295 279
car 0.0012 426 249 465 271
person 0.0086 490 206 498 272
person 0.0053 472 210 497 294
person 0.0042 327 269 335 282
person 0.0024 477 218 497 260
person 0.0015 461 207 493 273
person 0.0011 492 238 499 317
person 0.0011 335 262 343 279
person 0.0010 492 221 498 259
train 0.0080 153 232 295 279
train 0.0050 336 236 408 295
train 0.0021 460 216 495 286
