bicycle 0.8466 112 280 221 375
bus 0.9779 0 134 191 257
bus 0.0127 230 167 262 199
bus 0.0123 267 168 321 197
bus 0.0078 5 213 120 314
bus 0.0028 265 162 321 186
bus 0.0010 408 172 452 191
car 0.8172 230 167 262 199
car 0.6788 292 191 419 250
car 0.6702 267 163 324 202
car 0.1069 5 213 120 314
car 0.0207 415 169 455 191
car 0.0145 187 174 210 210
car 0.0141 4 147 183 275
car 0.0097 275 180 328 214
car 0.0085 -1 223 17 314
car 0.0074 235 180 255 196
car 0.0053 0 228 9 306
car 0.0053 260 169 312 196
car 0.0041 314 188 367 212
car 0.0033 53 191 105 331
car 0.0031 178 185 216 211
car 0.0027 402 181 410 196
car 0.0025 0 207 7 291
car 0.0018 277 162 323 186
car 0.0015 333 184 348 193
car 0.0015 264 172 357 209
car 0.0014 356 187 402 211
car 0.0013 324 184 375 201
car 0.0013 230 182 242 195
car 0.0012 416 177 441 188
car 0.0012 402 176 411 191
car 0.0012 228 175 242 192
car 0.0010 227 167 247 198
car 0.0010 325 183 338 193
car 0.0010 213 177 263 197
motorbike 0.0018 5 213 120 314
person 0.9980 44 201 101 333
person 0.0052 5 213 120 314
person 0.0043 70 200 100 318
person 0.0042 0 207 7 291
person 0.0026 34 229 67 307
person 0.0023 402 181 410 196
person 0.0015 327 176 336 192
person 0.0014 0 202 16 309
person 0.0014 394 182 405 198
person 0.0011 335 176 344 191
person 0.0010 41 245 62 292
person 0.0010 402 176 411 191
train 0.0037 267 168 321 197
train 0.0037 230 167 262 199
train 0.0012 265 162 321 186
