bird 0.0036 194 182 235 255
bird 0.0026 318 195 386 237
bird 0.0015 147 166 184 220
bottle 0.8061 194 182 235 255
bottle 0.3174 318 195 386 237
bottle 0.2455 331 202 371 236
bottle 0.1182 328 201 354 237
bottle 0.0673 311 201 351 226
bottle 0.0368 336 201 364 227
bottle 0.0295 147 166 184 220
bottle 0.0277 333 190 408 232
bottle 0.0269 310 199 335 238
bottle 0.0170 358 195 402 226
bottle 0.0059 288 198 335 225
bottle 0.0048 343 205 395 233
bottle 0.0044 364 186 412 219
bottle 0.0042 196 181 219 221
bottle 0.0040 355 184 391 237
bottle 0.0029 323 208 358 247
bottle 0.0027 179 163 236 269
bottle 0.0025 292 197 353 236
bottle 0.0017 366 204 391 232
bottle 0.0016 132 175 223 217
bottle 0.0014 189 172 225 233
bottle 0.0014 337 211 382 244
bottle 0.0013 329 203 350 223
bottle 0.0010 339 208 359 231
bottle 0.0010 224 152 260 204
bottle 0.0010 371 196 424 223
chair 0.0021 331 202 371 236
chair 0.0018 312 202 352 237
dog 0.0026 331 202 371 236
dog 0.0015 312 202 352 237
sheep 0.0011 194 182 235 255
