bicycle 0.0023 361 120 379 158
car 0.0031 360 113 379 156
car 0.0016 351 111 389 137
car 0.0014 345 90 375 154
car 0.0013 349 102 391 127
car 0.0010 412 108 426 120
car 0.0010 364 116 376 129
car 0.0010 419 107 433 121
chair 0.0035 0 53 21 144
chair 0.0024 0 72 9 136
chair 0.0015 4 87 59 140
chair 0.0012 1 69 45 133
chair 0.0011 278 124 389 326
chair 0.0010 356 107 381 164
motorbike 0.0026 360 113 379 156
person 0.9991 87 34 209 323
person 0.9782 277 85 393 330
person 0.5191 204 62 300 325
person 0.0449 360 113 379 156
person 0.0092 346 101 377 163
person 0.0069 350 111 373 154
person 0.0047 343 110 361 152
person 0.0022 265 104 286 141
person 0.0019 365 127 375 154
person 0.0012 359 118 384 186
person 0.0010 146 36 282 306
pottedplant 0.0563 113 86 138 120
pottedplant 0.0042 113 94 130 113
pottedplant 0.0024 0 72 9 136
pottedplant 0.0017 108 76 144 127
pottedplant 0.0016 111 103 127 119
pottedplant 0.0016 101 98 142 124
pottedplant 0.0011 110 96 131 125
tvmonitor 0.0020 111 87 142 118
