bird 0.0012 155 272 173 309
bird 0.0012 159 278 171 302
bottle 0.0044 155 272 173 309
bottle 0.0017 159 278 171 302
car 0.7898 413 234 499 311
car 0.0714 432 230 499 284
car 0.0162 490 219 500 280
car 0.0090 490 242 499 315
car 0.0075 330 230 484 311
car 0.0051 478 253 499 304
car 0.0048 450 234 501 264
car 0.0037 476 222 499 290
car 0.0035 357 267 467 314
car 0.0024 477 233 498 267
car 0.0023 492 230 499 250
car 0.0023 492 281 501 353
car 0.0018 480 234 493 244
car 0.0017 462 231 505 251
car 0.0016 381 247 505 333
car 0.0015 492 245 498 272
car 0.0014 479 272 497 320
car 0.0013 493 221 498 241
car 0.0013 162 220 211 244
car 0.0012 492 236 499 263
car 0.0012 156 225 197 254
car 0.0011 468 234 485 242
cat 0.0013 155 277 173 313
chair 0.0048 155 277 173 313
person 0.0031 229 204 246 258
person 0.0016 156 225 197 254
person 0.0013 236 207 249 254
person 0.0010 490 219 500 280
pottedplant 0.2845 155 277 173 313
pottedplant 0.0175 159 278 171 302
pottedplant 0.0149 149 247 180 308
pottedplant 0.0057 156 261 175 301
pottedplant 0.0030 132 269 193 312
pottedplant 0.0011 146 255 190 286
tvmonitor 0.0036 153 276 171 313
