bird 0.0145 90 93 168 211
boat 0.0038 99 102 177 181
chair 0.0015 204 180 274 254
person 0.0552 99 102 177 181
person 0.0109 145 107 176 174
person 0.0084 148 105 166 162
person 0.0027 143 115 155 131
person 0.0025 140 108 158 156
pottedplant 0.8676 251 96 376 235
pottedplant 0.0603 243 92 317 226
pottedplant 0.0135 90 93 168 211
pottedplant 0.0045 276 128 352 249
sofa 0.0017 99 102 177 181
train 0.0029 99 102 177 181
tvmonitor 0.5602 86 86 169 199
tvmonitor 0.0175 104 103 152 183
tvmonitor 0.0015 145 107 176 174
