bird 0.0013 85 31 190 129
bus 0.0018 85 31 190 129
car 0.0010 85 31 190 129
chair 0.9999 -6 114 209 382
chair 0.0024 5 20 127 368
train 0.0015 85 31 190 129
tvmonitor 0.5298 439 81 497 271
tvmonitor 0.2127 85 31 190 129
tvmonitor 0.0496 297 2 425 229
tvmonitor 0.0086 483 75 499 279
tvmonitor 0.0060 110 52 203 112
tvmonitor 0.0051 469 69 498 283
tvmonitor 0.0048 413 58 499 228
tvmonitor 0.0047 4 31 111 131
tvmonitor 0.0028 192 9 298 128
tvmonitor 0.0022 401 0 500 303
tvmonitor 0.0013 486 150 500 315
