bird 0.0010 236 170 323 341
bottle 0.0010 313 153 329 192
cat 0.4118 250 217 336 370
cat 0.1092 222 141 340 381
cat 0.0026 241 260 321 324
cat 0.0020 239 201 319 267
cat 0.0012 222 193 305 352
cat 0.0012 256 244 332 306
chair 0.0010 250 193 337 360
dog 0.0050 228 226 335 365
dog 0.0022 239 201 319 267
dog 0.0020 252 171 335 341
person 0.9373 126 134 235 375
person 0.9338 214 115 263 194
person 0.6380 219 124 340 346
person 0.0129 252 163 336 311
person 0.0100 248 115 312 191
person 0.0067 165 130 239 191
person 0.0054 231 118 275 191
person 0.0050 255 203 334 269
person 0.0032 217 108 292 208
person 0.0031 194 115 313 259
person 0.0027 183 119 308 187
person 0.0023 210 145 279 327
person 0.0018 237 190 324 360
person 0.0014 235 188 321 249
person 0.0011 252 104 335 251
pottedplant 0.9543 13 167 95 224
pottedplant 0.2457 4 213 99 373
pottedplant 0.1152 1 298 96 368
pottedplant 0.0809 24 220 97 283
pottedplant 0.0310 6 162 105 270
pottedplant 0.0305 3 292 47 372
pottedplant 0.0231 14 197 92 312
pottedplant 0.0046 -1 308 30 380
pottedplant 0.0028 2 200 63 348
pottedplant 0.0026 12 211 47 301
pottedplant 0.0014 0 263 25 368
pottedplant 0.0014 40 228 65 270
pottedplant 0.0013 33 239 72 276
pottedplant 0.0013 19 254 140 363
pottedplant 0.0011 25 228 70 315
pottedplant 0.0010 428 181 462 221
sheep 0.0012 228 226 335 365
