bottle 0.0012 302 7 444 111
car 0.0039 295 0 348 21
car 0.0027 334 0 459 95
horse 0.0027 302 7 444 111
motorbike 0.9998 6 30 505 353
motorbike 0.4409 302 7 444 111
motorbike 0.0859 107 45 465 251
motorbike 0.0148 126 132 499 369
motorbike 0.0096 35 12 334 297
motorbike 0.0041 272 4 402 87
motorbike 0.0028 296 1 375 48
motorbike 0.0013 36 7 236 216
person 0.9690 5 -1 55 162
person 0.4266 327 4 463 112
person 0.0235 45 25 75 135
person 0.0227 235 4 255 51
person 0.0170 36 19 64 145
person 0.0155 0 1 17 164
person 0.0110 253 3 307 49
person 0.0083 72 -2 107 22
person 0.0083 347 -1 437 84
person 0.0070 46 1 82 84
person 0.0070 15 25 45 166
person 0.0043 66 3 79 18
person 0.0043 188 5 250 53
person 0.0038 0 -13 29 250
person 0.0034 10 25 74 207
person 0.0033 295 0 348 21
person 0.0030 62 1 81 33
person 0.0030 48 3 93 32
person 0.0028 373 -5 482 91
person 0.0022 239 3 269 49
person 0.0022 39 27 89 170
person 0.0020 1 41 15 233
person 0.0018 35 23 403 290
person 0.0015 140 45 483 334
person 0.0015 185 2 217 57
person 0.0015 0 19 6 135
person 0.0012 0 40 52 273
person 0.0011 278 1 313 52
person 0.0011 94 2 106 19
person 0.0011 335 4 379 81
person 0.0010 68 -2 92 24
person 0.0010 492 -29 499 88
person 0.0010 34 2 99 48
train 0.0030 -2 120 510 378
