aeroplane 0.9350 36 169 471 304
aeroplane 0.0299 466 259 505 284
aeroplane 0.0149 176 192 463 292
aeroplane 0.0129 13 182 170 289
aeroplane 0.0066 476 261 495 271
aeroplane 0.0040 478 265 495 278
aeroplane 0.0028 469 259 483 270
aeroplane 0.0024 489 264 499 279
aeroplane 0.0021 465 266 506 296
aeroplane 0.0021 487 247 499 296
aeroplane 0.0019 325 262 376 288
aeroplane 0.0019 454 256 501 274
aeroplane 0.0018 317 272 366 290
aeroplane 0.0016 434 254 503 302
aeroplane 0.0016 490 258 499 272
aeroplane 0.0016 474 253 497 278
aeroplane 0.0010 291 263 416 297
bird 0.0010 465 256 506 275
boat 0.0121 466 259 505 284
boat 0.0023 465 266 506 296
boat 0.0015 478 265 495 278
boat 0.0015 487 247 499 296
boat 0.0014 489 264 499 279
boat 0.0012 474 264 496 299
car 0.0050 447 288 464 298
car 0.0020 473 294 481 308
car 0.0020 325 271 375 289
car 0.0019 -3 261 31 285
car 0.0010 444 288 486 310
cow 0.0019 36 169 471 304
person 0.0068 473 294 481 308
person 0.0033 479 295 488 309
person 0.0018 113 264 125 280
person 0.0015 441 292 451 310
person 0.0013 474 302 480 316
person 0.0012 45 274 57 287
person 0.0011 438 289 453 331
train 0.0010 434 254 503 302
