bicycle 0.0061 106 19 179 70
bicycle 0.0048 88 32 161 84
bicycle 0.0021 117 30 139 74
bicycle 0.0020 94 59 127 91
bicycle 0.0010 323 67 358 102
car 0.0226 312 63 351 88
car 0.0148 29 39 104 82
car 0.0065 303 62 372 100
car 0.0058 323 67 358 102
car 0.0055 94 59 127 91
car 0.0033 324 66 339 80
car 0.0030 88 32 161 84
car 0.0030 329 59 351 92
car 0.0029 320 67 342 100
car 0.0028 304 71 341 95
car 0.0025 55 58 90 88
car 0.0023 432 88 503 259
car 0.0023 333 67 347 79
car 0.0017 97 48 121 85
car 0.0017 291 62 336 88
car 0.0013 106 19 179 70
car 0.0013 330 62 369 89
car 0.0012 39 46 85 84
car 0.0012 316 75 328 92
car 0.0011 112 30 146 62
car 0.0011 326 60 340 72
car 0.0011 74 60 109 88
cow 0.0016 118 27 139 65
cow 0.0014 408 38 444 75
dog 0.0021 118 27 139 65
dog 0.0010 473 55 500 93
horse 0.0029 118 27 139 65
horse 0.0011 408 38 444 75
horse 0.0011 97 56 122 93
motorbike 0.9994 30 45 482 302
motorbike 0.0305 100 29 185 83
motorbike 0.0249 435 75 502 237
motorbike 0.0111 138 39 437 232
motorbike 0.0084 105 26 141 87
motorbike 0.0046 97 56 122 93
motorbike 0.0043 74 38 145 85
motorbike 0.0037 84 50 162 97
motorbike 0.0037 389 62 507 272
motorbike 0.0031 59 39 290 297
motorbike 0.0030 355 42 452 134
motorbike 0.0029 118 27 139 65
motorbike 0.0027 89 20 162 69
motorbike 0.0021 90 36 126 88
motorbike 0.0021 93 9 233 85
motorbike 0.0021 323 67 358 102
motorbike 0.0020 124 16 196 67
motorbike 0.0019 320 67 342 100
motorbike 0.0018 303 62 372 100
motorbike 0.0016 111 34 147 72
motorbike 0.0015 385 68 494 170
motorbike 0.0015 98 39 236 142
motorbike 0.0014 76 38 185 128
motorbike 0.0011 411 99 498 163
person 0.5832 25 46 76 219
person 0.5722 34 53 98 184
person 0.4102 0 60 27 178
person 0.2927 445 54 502 176
person 0.2506 379 33 444 83
person 0.2013 118 27 139 65
person 0.1764 470 51 501 146
person 0.1727 -1 36 31 237
person 0.1557 63 64 103 162
person 0.1287 473 55 500 93
person 0.1186 355 42 452 134
person 0.1045 408 38 444 75
person 0.0944 352 63 369 102
person 0.0544 97 56 122 93
person 0.0346 1 51 50 190
person 0.0260 329 65 351 104
person 0.0240 340 65 361 104
person 0.0238 425 39 444 73
person 0.0223 105 26 141 87
person 0.0162 50 61 88 172
person 0.0161 456 50 494 111
person 0.0141 320 67 342 100
person 0.0111 139 29 160 60
person 0.0110 389 40 432 71
person 0.0107 85 61 118 132
person 0.0100 288 56 295 76
person 0.0092 355 71 366 95
person 0.0092 360 64 373 99
person 0.0089 8 68 35 202
person 0.0088 0 53 28 115
person 0.0080 0 55 10 112
person 0.0077 363 70 371 95
person 0.0073 118 29 157 61
person 0.0072 139 31 178 58
person 0.0067 398 29 437 65
person 0.0067 71 59 91 90
person 0.0067 111 34 147 72
person 0.0065 61 60 100 89
person 0.0065 74 52 107 104
person 0.0062 28 55 65 145
person 0.0062 355 64 366 84
person 0.0057 435 75 502 237
person 0.0054 122 34 136 55
person 0.0052 316 75 328 92
person 0.0052 289 64 297 79
person 0.0050 1 82 20 259
person 0.0048 415 50 456 73
person 0.0044 106 19 179 70
person 0.0042 98 71 121 112
person 0.0042 344 67 375 99
person 0.0041 345 67 356 81
person 0.0039 488 42 498 105
person 0.0039 92 51 129 82
person 0.0039 474 71 498 193
person 0.0039 412 17 444 68
person 0.0038 5 60 37 136
person 0.0038 88 32 161 84
person 0.0037 333 67 347 79
person 0.0037 428 53 443 71
person 0.0036 112 29 132 63
person 0.0035 452 56 477 92
person 0.0034 142 35 156 55
person 0.0033 96 64 107 85
person 0.0032 3 65 25 100
person 0.0032 55 53 119 98
person 0.0032 0 59 7 145
person 0.0032 112 24 147 53
person 0.0031 476 67 497 115
person 0.0031 0 75 7 190
person 0.0030 330 62 369 89
person 0.0029 385 68 494 170
person 0.0029 93 62 112 103
person 0.0028 324 75 358 107
person 0.0028 285 49 297 81
person 0.0025 388 36 435 117
person 0.0025 463 40 502 228
person 0.0024 104 38 116 53
person 0.0023 14 76 33 130
person 0.0023 74 64 87 86
person 0.0023 128 26 148 64
person 0.0023 114 36 127 54
person 0.0023 324 73 338 91
person 0.0022 174 57 466 273
person 0.0022 324 66 339 80
person 0.0022 476 -5 499 87
person 0.0021 1 60 7 89
person 0.0020 93 47 113 85
person 0.0020 491 -21 498 55
person 0.0020 294 61 451 170
person 0.0019 79 59 102 89
person 0.0019 347 60 356 72
person 0.0019 326 60 340 72
person 0.0018 313 69 332 98
person 0.0018 150 36 164 53
person 0.0017 352 47 368 86
person 0.0017 333 61 347 72
person 0.0017 98 59 138 89
person 0.0016 122 28 136 46
person 0.0016 446 50 486 79
person 0.0016 477 -5 497 37
train 0.0010 15 71 431 309
