bicycle 0.0022 257 2 337 48
bicycle 0.0019 246 8 313 73
bicycle 0.0015 87 -12 427 326
car 0.0134 150 -2 188 23
car 0.0100 190 -1 220 24
car 0.0022 198 2 213 21
car 0.0018 87 -12 427 326
car 0.0018 259 1 306 35
car 0.0015 196 -1 214 34
horse 0.0019 118 30 510 407
motorbike 0.9997 103 32 421 390
motorbike 0.0397 246 8 313 73
motorbike 0.0210 145 3 369 300
motorbike 0.0177 257 2 337 48
motorbike 0.0069 235 15 420 212
motorbike 0.0033 262 8 390 120
motorbike 0.0028 277 5 352 72
motorbike 0.0022 256 1 295 53
motorbike 0.0012 256 -2 336 91
person 0.8723 87 -15 170 206
person 0.8344 166 5 198 80
person 0.7913 3 -11 44 213
person 0.7625 67 -4 103 94
person 0.4290 402 3 501 366
person 0.0853 10 0 41 118
person 0.0584 0 0 19 204
person 0.0555 157 -6 182 45
person 0.0500 158 -2 194 24
person 0.0428 392 4 438 79
person 0.0283 178 5 208 77
person 0.0279 186 -2 207 25
person 0.0274 67 5 382 378
person 0.0211 386 3 431 34
person 0.0209 156 4 186 78
person 0.0198 54 -2 84 92
person 0.0184 457 8 477 50
person 0.0178 -2 -28 33 158
person 0.0175 196 -1 214 34
person 0.0167 180 -4 196 26
person 0.0154 182 0 193 20
person 0.0129 1 -4 27 90
person 0.0118 161 10 177 62
person 0.0079 33 12 61 102
person 0.0074 0 5 30 263
person 0.0073 198 2 213 21
person 0.0064 187 13 204 64
person 0.0055 256 1 295 53
person 0.0055 200 6 211 26
person 0.0054 287 3 436 220
person 0.0053 162 6 187 50
person 0.0046 411 7 446 78
person 0.0042 51 6 117 83
person 0.0040 190 -1 220 24
person 0.0039 12 -5 68 207
person 0.0037 131 -6 191 204
person 0.0036 153 4 211 52
person 0.0032 80 1 113 87
person 0.0032 10 -2 40 58
person 0.0027 181 2 213 31
person 0.0026 457 0 488 53
person 0.0026 -1 -8 7 64
person 0.0026 177 2 198 54
person 0.0024 190 6 203 25
person 0.0023 -1 -5 54 102
person 0.0022 289 2 334 33
person 0.0022 248 -1 263 41
person 0.0022 399 12 457 154
person 0.0019 167 0 205 34
person 0.0018 39 -5 98 98
person 0.0018 33 5 53 51
person 0.0018 492 -12 501 51
person 0.0016 58 -13 122 179
person 0.0016 158 0 178 15
person 0.0016 409 32 446 128
person 0.0013 299 11 425 130
person 0.0013 151 -8 171 47
person 0.0012 433 6 465 73
person 0.0012 168 1 186 16
person 0.0012 464 16 480 55
person 0.0012 168 28 186 81
person 0.0011 301 -2 321 38
person 0.0011 156 -1 206 124
person 0.0011 304 3 319 18
person 0.0011 250 1 260 17
person 0.0010 383 23 449 93
person 0.0010 68 -3 93 45
person 0.0010 178 24 195 83
train 0.0010 67 5 382 378
