bus 0.0056 54 45 298 195
car 0.0010 312 54 319 102
horse 0.9996 68 29 250 186
horse 0.0816 86 27 196 151
horse 0.0223 289 49 315 96
horse 0.0039 303 47 319 102
horse 0.0023 283 40 320 83
horse 0.0021 131 18 175 150
horse 0.0010 279 67 323 101
motorbike 0.0013 59 28 294 185
person 0.9849 131 16 176 110
person 0.4432 290 33 314 88
person 0.0173 128 90 149 150
person 0.0141 122 25 165 147
person 0.0106 302 32 317 90
person 0.0083 86 27 196 151
person 0.0061 125 63 156 157
person 0.0019 61 43 224 197
person 0.0011 307 57 320 141
person 0.0011 285 38 302 86
person 0.0010 140 20 168 80
person 0.0010 133 15 175 64
person 0.0010 298 34 308 73
