chair 0.0022 108 131 141 183
cow 0.9979 147 149 210 247
cow 0.8304 108 131 141 183
cow 0.6894 254 166 359 278
cow 0.0910 178 138 215 190
cow 0.0413 140 134 167 167
cow 0.0210 135 138 154 178
cow 0.0188 146 135 208 187
cow 0.0156 245 152 317 283
cow 0.0055 122 137 144 181
cow 0.0054 129 131 189 182
cow 0.0052 118 126 153 179
cow 0.0041 152 134 194 160
cow 0.0027 164 161 271 262
cow 0.0027 135 130 174 156
cow 0.0023 311 183 357 263
cow 0.0021 152 136 173 162
cow 0.0018 170 159 208 237
cow 0.0018 181 139 205 179
cow 0.0013 161 139 204 174
cow 0.0013 172 135 211 167
dog 0.0015 140 134 167 167
dog 0.0011 113 133 138 185
horse 0.0050 136 132 171 168
horse 0.0033 108 133 141 183
horse 0.0027 135 138 154 178
horse 0.0019 254 166 359 278
person 0.0023 140 134 167 167
sheep 0.0052 136 132 171 168
sheep 0.0027 113 133 138 185
sheep 0.0016 178 138 215 190
sheep 0.0013 251 155 341 283
sheep 0.0012 146 139 209 238
sheep 0.0011 135 138 154 178
