bicycle 0.0010 438 120 500 162
boat 0.0054 438 120 500 162
bottle 0.0019 201 236 370 355
car 0.0104 150 137 203 154
car 0.0044 0 117 8 190
car 0.0015 191 135 241 153
car 0.0010 95 112 393 174
chair 0.3220 210 218 359 317
chair 0.1188 245 248 404 352
chair 0.0894 187 246 330 360
chair 0.0574 82 249 195 362
chair 0.0135 198 200 371 277
chair 0.0061 192 194 378 357
chair 0.0034 448 225 488 287
chair 0.0027 300 275 404 343
chair 0.0024 218 252 344 296
chair 0.0023 179 287 397 363
chair 0.0015 98 258 183 321
diningtable 0.0013 201 236 370 355
dog 0.0032 210 218 359 317
dog 0.0018 187 246 330 360
dog 0.0012 448 225 488 287
person 0.0010 0 125 7 219
train 0.0016 55 76 363 159
train 0.0016 66 112 352 173
