bicycle 0.0046 184 46 368 357
bird 0.0016 287 57 423 97
bird 0.0010 283 32 430 118
bottle 0.0023 184 46 368 357
bus 0.0016 291 39 423 133
car 0.0028 184 46 368 357
chair 0.0448 176 51 345 348
diningtable 0.0073 184 46 368 357
dog 0.0013 176 51 345 348
horse 0.0028 184 46 368 357
motorbike 0.0290 184 46 368 357
motorbike 0.0014 259 39 413 135
person 0.9961 188 19 365 347
person 0.0047 259 39 413 135
person 0.0011 313 67 331 124
sheep 0.0017 291 39 423 133
train 0.2747 291 39 423 133
train 0.0225 296 64 414 107
