aeroplane 0.0016 33 -32 399 321
bus 0.0018 33 -32 399 321
car 0.0016 33 -32 399 321
car 0.0011 0 101 67 184
motorbike 0.0192 33 -32 399 321
person 0.7977 25 94 64 192
person 0.7953 14 105 50 199
person 0.0502 159 125 197 194
person 0.0123 160 127 196 161
person 0.0083 45 102 75 183
person 0.0066 0 111 20 202
person 0.0051 9 115 77 192
person 0.0027 47 31 321 315
person 0.0027 266 92 303 144
person 0.0019 149 116 183 170
person 0.0016 149 142 215 203
person 0.0014 120 126 159 160
person 0.0012 18 123 30 185
person 0.0011 146 116 171 155
train 0.9999 39 20 398 333
