bicycle 0.0107 305 250 352 324
bicycle 0.0011 273 201 289 214
bus 0.0334 203 180 230 219
car 0.8761 70 208 135 256
car 0.7879 2 222 42 273
car 0.7771 203 180 230 219
car 0.7463 148 188 204 240
car 0.4425 31 214 96 264
car 0.2499 9 220 82 269
car 0.1909 122 212 156 249
car 0.1693 146 209 169 248
car 0.0919 130 202 196 247
car 0.0602 74 207 107 263
car 0.0341 137 210 160 248
car 0.0125 -1 221 12 276
car 0.0089 31 219 66 270
car 0.0087 273 201 289 214
car 0.0081 107 207 139 256
car 0.0079 0 228 25 271
car 0.0056 150 188 203 215
car 0.0037 165 198 191 241
car 0.0028 154 208 177 246
car 0.0024 298 208 350 296
car 0.0023 74 208 126 235
car 0.0023 0 227 8 250
car 0.0022 199 179 245 208
car 0.0018 127 197 163 248
car 0.0017 -4 228 34 254
car 0.0013 305 251 352 325
car 0.0013 119 214 142 255
car 0.0013 69 213 117 247
car 0.0011 7 232 56 266
car 0.0011 148 217 167 241
car 0.0010 208 197 224 216
car 0.0010 202 186 230 198
horse 0.0035 305 250 352 324
motorbike 0.9388 305 250 352 324
motorbike 0.0073 298 208 350 296
motorbike 0.0016 146 209 169 248
person 0.9982 303 199 353 309
person 0.1977 410 177 424 221
person 0.0621 388 182 406 213
person 0.0592 387 186 396 212
person 0.0089 402 179 415 217
person 0.0048 418 175 431 224
person 0.0040 404 187 412 214
person 0.0034 273 201 289 214
person 0.0030 413 194 422 218
person 0.0017 385 172 399 214
person 0.0014 146 209 169 248
person 0.0013 127 210 151 250
person 0.0010 0 227 10 285
train 0.0047 203 180 230 219
