aeroplane 0.0015 394 100 427 119
bicycle 0.0035 1 95 11 149
bus 0.0083 45 30 444 329
bus 0.0028 394 94 437 120
bus 0.0026 315 90 351 123
bus 0.0012 334 94 370 121
bus 0.0010 332 89 352 124
car 0.8045 365 99 394 121
car 0.6206 394 94 437 120
car 0.1757 344 99 376 122
car 0.0756 341 98 362 124
car 0.0740 395 100 421 120
car 0.0394 334 94 370 121
car 0.0346 378 102 396 120
car 0.0335 360 98 381 123
car 0.0333 351 102 368 122
car 0.0302 315 96 350 126
car 0.0200 6 88 49 143
car 0.0188 332 89 352 124
car 0.0165 1 95 11 149
car 0.0097 0 85 23 145
car 0.0085 12 89 57 119
car 0.0080 3 92 18 138
car 0.0067 391 103 405 119
car 0.0056 430 104 443 117
car 0.0047 336 96 348 115
car 0.0039 342 99 358 114
car 0.0035 335 102 347 122
car 0.0032 402 103 429 116
car 0.0031 382 85 444 124
car 0.0030 492 132 499 210
car 0.0029 7 77 78 132
car 0.0027 0 57 8 136
car 0.0020 20 84 63 145
car 0.0018 480 80 496 146
car 0.0016 323 102 341 122
car 0.0016 489 82 497 162
car 0.0011 419 100 438 113
cow 0.0021 29 38 414 322
diningtable 0.0015 0 59 372 340
horse 0.9997 31 67 449 331
horse 0.0092 137 39 356 305
horse 0.0016 1 95 11 149
motorbike 0.0064 367 98 392 122
motorbike 0.0063 1 95 11 149
motorbike 0.0024 3 99 18 143
motorbike 0.0023 0 85 23 145
motorbike 0.0020 341 98 362 124
motorbike 0.0019 457 104 496 201
motorbike 0.0015 45 30 444 329
motorbike 0.0014 350 98 370 124
motorbike 0.0012 480 80 496 146
motorbike 0.0012 489 82 497 162
motorbike 0.0011 395 100 421 120
motorbike 0.0010 477 93 497 217
person 0.8210 234 22 320 215
person 0.2185 199 70 234 123
person 0.1119 480 80 496 146
person 0.0610 481 43 499 159
person 0.0529 488 75 497 153
person 0.0328 220 72 256 124
person 0.0229 458 91 495 184
person 0.0214 0 86 13 143
person 0.0199 477 73 497 199
person 0.0101 193 73 220 117
person 0.0083 479 77 496 117
person 0.0060 3 92 18 138
person 0.0058 491 41 498 130
person 0.0057 137 39 356 305
person 0.0055 223 84 244 120
person 0.0054 218 70 233 121
person 0.0028 45 30 444 329
person 0.0024 234 67 273 131
person 0.0019 0 57 8 136
person 0.0018 242 86 263 124
person 0.0016 493 25 500 108
person 0.0012 197 72 231 100
person 0.0012 490 98 498 185
person 0.0012 481 84 492 107
person 0.0012 2 104 8 143
person 0.0010 175 88 219 115
person 0.0010 332 89 352 124
sheep 0.0012 0 59 372 340
train 0.0010 394 94 437 120
