bicycle 0.0023 67 218 75 236
bus 0.9992 104 52 365 305
bus 0.0058 70 182 97 242
bus 0.0021 82 193 103 229
car 0.0041 86 197 98 209
car 0.0020 66 214 73 232
car 0.0016 86 203 99 215
car 0.0012 73 197 109 225
car 0.0012 60 210 67 233
horse 0.0014 99 42 370 289
motorbike 0.0013 67 218 75 236
person 0.1785 60 210 67 233
person 0.0984 254 184 293 219
person 0.0766 67 218 75 236
person 0.0649 66 214 73 232
person 0.0220 59 206 69 236
person 0.0103 270 190 294 226
person 0.0066 244 192 287 224
person 0.0060 63 207 76 236
person 0.0032 75 219 83 236
person 0.0016 230 178 296 222
person 0.0013 246 186 312 232
person 0.0013 234 186 278 216
person 0.0011 410 185 422 238
person 0.0011 244 181 287 207
