cat 0.0037 225 113 291 168
cat 0.0035 146 120 267 207
chair 0.9721 281 107 357 257
chair 0.9028 393 86 497 305
chair 0.0183 477 73 500 209
chair 0.0166 129 117 244 238
chair 0.0067 436 75 501 284
chair 0.0051 484 79 501 274
chair 0.0045 482 55 502 149
chair 0.0044 471 56 500 296
chair 0.0039 216 110 302 241
chair 0.0035 225 113 291 168
chair 0.0022 283 162 358 234
chair 0.0022 458 88 494 191
chair 0.0020 176 122 258 260
chair 0.0020 450 60 498 222
chair 0.0010 490 72 500 157
diningtable 0.0039 393 86 497 305
dog 0.8981 220 235 334 376
dog 0.4585 145 117 260 240
dog 0.0255 225 113 291 168
dog 0.0069 128 126 234 186
dog 0.0058 216 110 302 241
dog 0.0051 183 139 257 214
dog 0.0043 185 115 293 205
dog 0.0014 177 128 255 291
dog 0.0011 114 97 254 284
dog 0.0010 234 125 275 160
person 0.0033 146 120 267 207
person 0.0013 225 113 291 168
sofa 0.0011 129 117 244 238
