boat 0.0017 77 130 376 279
boat 0.0010 3 179 41 206
bus 0.9994 90 150 383 280
bus 0.0220 3 179 41 206
bus 0.0033 -2 188 34 210
bus 0.0022 -1 170 34 199
bus 0.0021 17 187 30 200
bus 0.0019 62 179 83 208
bus 0.0015 69 178 88 209
bus 0.0015 -1 144 28 216
bus 0.0015 5 164 41 218
bus 0.0013 66 193 79 205
bus 0.0011 1 181 7 205
bus 0.0011 7 186 21 199
bus 0.0011 14 185 35 214
bus 0.0010 0 171 11 212
bus 0.0010 66 187 78 202
car 0.0224 66 193 79 205
car 0.0111 74 193 85 207
car 0.0086 0 190 7 209
car 0.0060 1 181 7 205
car 0.0056 56 193 67 205
car 0.0052 17 187 30 200
car 0.0046 66 187 78 202
car 0.0044 -2 188 34 210
car 0.0040 74 187 85 200
car 0.0036 7 186 21 199
car 0.0033 3 179 41 206
car 0.0032 19 193 30 207
car 0.0030 55 189 89 209
car 0.0024 71 184 87 218
car 0.0019 5 194 22 205
car 0.0015 26 186 36 200
car 0.0015 88 132 386 278
car 0.0014 63 186 83 213
person 0.0048 56 193 67 205
person 0.0047 49 193 57 207
person 0.0035 1 181 7 205
person 0.0032 17 187 30 200
person 0.0029 19 193 30 207
person 0.0027 27 193 36 209
person 0.0024 74 193 85 207
person 0.0024 310 194 334 230
person 0.0020 0 190 7 209
person 0.0018 66 193 79 205
person 0.0017 58 187 66 202
person 0.0017 318 190 341 231
person 0.0013 74 187 85 200
person 0.0013 66 187 78 202
train 0.0122 3 179 41 206
train 0.0015 -1 170 34 199
train 0.0012 -2 188 34 210
tvmonitor 0.0019 3 179 41 206
