bicycle 0.0010 106 41 365 256
bus 0.0028 105 11 346 199
car 0.9996 108 25 364 224
car 0.0036 264 2 306 33
car 0.0027 244 3 282 31
car 0.0014 323 4 382 62
cow 0.0023 235 4 275 32
horse 0.0031 235 4 275 32
horse 0.0015 275 2 311 36
motorbike 0.0036 244 3 282 31
motorbike 0.0021 275 2 311 36
person 0.6040 333 0 366 58
person 0.5972 235 4 275 32
person 0.4544 275 2 311 36
person 0.4506 100 18 119 71
person 0.1947 397 1 417 52
person 0.1825 390 1 407 53
person 0.1665 414 -2 443 48
person 0.1640 275 2 316 68
person 0.1480 379 0 399 55
person 0.1346 360 3 380 53
person 0.1275 252 3 294 30
person 0.1071 369 1 388 54
person 0.0821 156 2 176 53
person 0.0609 151 7 169 62
person 0.0431 178 7 194 48
person 0.0301 247 1 314 41
person 0.0241 352 1 371 54
person 0.0185 159 24 178 64
person 0.0184 164 4 190 52
person 0.0175 152 21 182 99
person 0.0140 408 -1 426 53
person 0.0118 241 10 285 36
person 0.0114 105 11 346 199
person 0.0091 243 6 266 27
person 0.0071 227 10 265 35
person 0.0070 439 -8 450 46
person 0.0062 149 50 212 105
person 0.0056 245 -1 283 25
person 0.0047 214 2 236 36
person 0.0044 362 7 396 49
person 0.0037 419 1 451 37
person 0.0036 241 9 323 64
person 0.0034 225 2 247 36
person 0.0034 152 15 184 55
person 0.0034 110 19 121 72
person 0.0032 381 6 416 49
person 0.0029 162 34 174 53
person 0.0029 282 3 303 15
person 0.0026 94 18 113 60
person 0.0025 343 2 403 55
person 0.0024 328 -1 355 38
person 0.0022 185 0 219 47
person 0.0022 340 0 362 38
person 0.0022 251 7 275 26
person 0.0020 146 39 190 68
person 0.0018 165 26 187 60
person 0.0018 398 2 438 50
person 0.0017 264 0 303 22
person 0.0017 352 12 389 56
person 0.0016 280 0 306 24
person 0.0015 237 7 256 28
person 0.0015 145 76 191 109
person 0.0014 341 8 379 46
person 0.0013 212 1 276 39
person 0.0012 103 26 117 47
person 0.0012 244 2 264 18
person 0.0012 181 13 192 41
person 0.0011 170 36 183 51
person 0.0010 442 4 449 29
