bicycle 0.0069 238 148 421 358
bicycle 0.0027 -2 140 183 361
bicycle 0.0016 148 135 284 360
boat 0.0013 148 135 284 360
bottle 0.0073 298 195 326 269
bottle 0.0014 287 200 316 267
car 0.0035 148 135 284 360
car 0.0016 238 148 421 358
cat 0.0010 -5 68 176 339
chair 0.0638 238 148 421 358
chair 0.0539 -2 140 183 361
chair 0.0083 148 135 284 360
chair 0.0025 368 128 493 379
diningtable 0.0064 238 148 421 358
diningtable 0.0041 148 135 284 360
diningtable 0.0021 -2 140 183 361
horse 0.0133 153 68 281 339
horse 0.0019 -2 140 183 361
motorbike 0.0018 153 68 281 339
person 0.9996 -2 88 176 349
person 0.9983 152 97 283 352
person 0.9976 261 74 399 359
person 0.9973 364 71 492 354
pottedplant 0.0011 148 135 284 360
sheep 0.0030 153 68 281 339
sheep 0.0022 -5 68 176 339
sheep 0.0021 262 66 396 342
sheep 0.0016 337 58 497 348
sofa 0.0077 238 148 421 358
sofa 0.0045 -2 140 183 361
sofa 0.0037 148 135 284 360
