bus 0.0011 463 147 500 246
car 0.9910 457 150 500 246
cow 0.0011 123 74 172 115
motorbike 0.0010 123 74 172 115
person 0.9208 120 59 201 110
person 0.8033 257 51 330 120
person 0.3345 123 74 172 115
person 0.1623 277 65 355 129
person 0.1473 315 68 355 131
person 0.1004 193 57 285 113
person 0.0947 233 57 357 139
person 0.0437 318 88 347 124
person 0.0351 111 44 224 118
person 0.0277 132 70 182 106
person 0.0182 138 70 215 117
person 0.0121 98 57 164 111
person 0.0119 320 97 358 128
person 0.0103 143 56 253 106
person 0.0043 118 55 295 138
person 0.0035 121 66 175 94
person 0.0029 301 58 364 181
person 0.0028 213 67 311 118
person 0.0024 300 86 365 142
person 0.0023 300 54 365 118
person 0.0023 158 54 203 111
person 0.0022 164 76 208 115
person 0.0020 262 61 336 172
person 0.0016 259 76 308 115
person 0.0015 82 56 207 133
person 0.0013 330 70 368 126
person 0.0012 302 75 342 156
person 0.0012 240 42 324 97
person 0.0011 312 89 335 123
sheep 0.0015 463 147 500 246
