bicycle 0.0047 66 -20 437 341
bird 0.0032 20 154 46 191
bird 0.0019 66 -20 437 341
bird 0.0011 23 161 43 183
boat 0.0033 133 -16 507 390
boat 0.0014 -20 -14 379 396
bottle 0.0289 325 163 338 181
bottle 0.0213 333 329 419 372
bottle 0.0170 352 172 367 209
bottle 0.0169 356 180 363 202
bottle 0.0146 341 171 360 211
bottle 0.0141 321 157 343 188
bottle 0.0077 382 162 399 179
bottle 0.0076 331 159 349 203
bottle 0.0075 355 191 364 207
bottle 0.0072 334 162 345 181
bottle 0.0056 372 193 386 205
bottle 0.0056 335 170 344 190
bottle 0.0045 327 171 337 190
bottle 0.0033 375 163 386 178
bottle 0.0032 346 181 355 202
bottle 0.0032 356 170 364 190
bottle 0.0031 66 -20 437 341
bottle 0.0028 304 173 319 191
bottle 0.0028 382 192 394 205
bottle 0.0026 333 307 450 365
bottle 0.0025 305 153 339 190
bottle 0.0024 389 163 403 179
bottle 0.0021 336 190 346 209
bottle 0.0020 363 193 376 205
bottle 0.0019 337 180 345 201
bottle 0.0017 345 191 355 208
bottle 0.0016 363 172 373 187
bottle 0.0014 392 181 403 201
bottle 0.0014 314 163 329 181
bottle 0.0013 315 348 436 377
bottle 0.0012 346 171 355 189
bottle 0.0012 20 154 46 191
bottle 0.0012 324 159 340 171
bottle 0.0011 362 183 375 200
bottle 0.0011 315 173 328 191
bottle 0.0010 421 165 433 178
bottle 0.0010 392 191 404 206
bottle 0.0010 386 173 408 207
bus 0.0022 66 -20 437 341
car 0.0027 66 -20 437 341
cat 0.0110 66 -20 437 341
cat 0.0021 305 153 339 190
cat 0.0018 321 157 343 188
chair 0.9305 414 189 491 318
chair 0.6928 3 199 45 264
chair 0.1663 -1 253 99 372
chair 0.1354 414 182 449 247
chair 0.1278 378 158 403 206
chair 0.0880 321 157 343 188
chair 0.0716 386 173 408 207
chair 0.0710 41 8 400 416
chair 0.0683 358 178 400 208
chair 0.0623 305 153 339 190
chair 0.0614 393 189 430 279
chair 0.0584 341 171 360 211
chair 0.0582 331 159 349 203
chair 0.0528 401 182 434 251
chair 0.0501 432 181 467 246
chair 0.0499 22 197 63 262
chair 0.0475 474 185 497 323
chair 0.0468 352 172 367 209
chair 0.0437 454 179 487 248
chair 0.0267 337 199 420 261
chair 0.0240 396 173 418 210
chair 0.0212 10 193 78 250
chair 0.0199 406 172 427 213
chair 0.0189 375 197 420 271
chair 0.0175 404 180 465 299
chair 0.0172 325 163 338 181
chair 0.0164 472 176 499 254
chair 0.0145 358 175 380 206
chair 0.0127 356 199 430 301
chair 0.0120 466 183 485 237
chair 0.0113 489 172 500 231
chair 0.0106 0 215 31 285
chair 0.0102 425 175 446 227
chair 0.0090 356 180 363 202
chair 0.0090 415 178 438 223
chair 0.0081 -17 200 127 379
chair 0.0064 445 177 467 228
chair 0.0056 409 176 445 210
chair 0.0053 372 193 386 205
chair 0.0052 476 173 496 211
chair 0.0050 31 197 99 260
chair 0.0042 489 152 499 211
chair 0.0039 475 186 494 235
chair 0.0039 382 192 394 205
chair 0.0039 325 169 342 211
chair 0.0038 466 171 485 215
chair 0.0038 376 179 497 289
chair 0.0036 -3 191 33 250
chair 0.0035 382 162 399 179
chair 0.0035 444 177 492 303
chair 0.0031 448 190 482 230
chair 0.0028 335 170 344 190
chair 0.0028 50 192 115 248
chair 0.0028 355 191 364 207
chair 0.0028 310 165 333 194
chair 0.0027 370 162 391 203
chair 0.0027 333 183 349 215
chair 0.0027 421 165 433 178
chair 0.0026 327 171 337 190
chair 0.0026 357 166 404 199
chair 0.0024 390 241 483 305
chair 0.0024 392 181 403 201
chair 0.0024 430 234 498 313
chair 0.0024 334 162 345 181
chair 0.0024 375 163 386 178
chair 0.0024 0 217 24 262
chair 0.0024 312 153 349 180
chair 0.0023 363 172 373 187
chair 0.0023 -1 215 8 283
chair 0.0022 363 193 376 205
chair 0.0022 453 170 477 215
chair 0.0020 346 181 355 202
chair 0.0020 0 180 10 202
chair 0.0020 435 175 456 228
chair 0.0020 301 167 323 193
chair 0.0019 410 180 427 240
chair 0.0019 389 163 403 179
chair 0.0019 3 183 21 198
chair 0.0018 377 186 447 244
chair 0.0018 349 150 371 192
chair 0.0017 0 207 46 233
chair 0.0017 362 183 375 200
chair 0.0016 352 188 389 210
chair 0.0015 19 158 479 369
chair 0.0015 392 191 404 206
chair 0.0015 383 182 396 201
chair 0.0014 341 150 361 193
chair 0.0014 356 170 364 190
chair 0.0014 69 101 176 206
chair 0.0014 0 211 55 339
chair 0.0014 478 155 496 193
chair 0.0013 -1 174 13 207
chair 0.0013 480 183 491 200
chair 0.0013 0 190 8 209
chair 0.0013 0 206 21 339
chair 0.0012 492 180 498 203
chair 0.0012 467 177 504 207
chair 0.0012 392 184 425 214
chair 0.0011 314 163 329 181
chair 0.0011 424 176 483 227
cow 0.0011 66 -20 437 341
diningtable 0.3646 337 199 420 261
diningtable 0.2176 335 183 468 278
diningtable 0.0893 -1 200 55 262
diningtable 0.0432 389 200 496 319
diningtable 0.0288 356 199 430 301
diningtable 0.0235 10 193 78 250
diningtable 0.0222 330 307 480 375
diningtable 0.0183 -7 203 110 333
diningtable 0.0179 86 26 468 408
diningtable 0.0152 -6 185 112 269
diningtable 0.0117 358 178 400 208
diningtable 0.0106 314 155 348 188
diningtable 0.0101 377 186 447 244
diningtable 0.0070 9 132 116 229
diningtable 0.0058 381 172 415 210
diningtable 0.0053 401 182 434 251
diningtable 0.0052 383 184 437 293
diningtable 0.0048 353 176 432 215
diningtable 0.0040 414 236 494 311
diningtable 0.0033 404 180 465 299
diningtable 0.0032 414 182 449 247
diningtable 0.0031 372 163 408 202
diningtable 0.0030 303 197 417 240
diningtable 0.0028 375 197 420 271
diningtable 0.0026 -1 253 99 372
diningtable 0.0023 341 175 380 209
diningtable 0.0023 418 182 481 246
diningtable 0.0021 430 324 508 370
diningtable 0.0021 306 172 496 345
diningtable 0.0020 31 197 99 260
diningtable 0.0017 50 192 115 248
diningtable 0.0015 374 247 505 344
diningtable 0.0015 22 197 63 262
diningtable 0.0014 401 175 434 210
diningtable 0.0012 402 178 462 227
diningtable 0.0012 0 174 62 217
diningtable 0.0011 375 160 405 183
diningtable 0.0011 310 177 406 211
diningtable 0.0011 335 327 446 371
diningtable 0.0010 455 166 487 231
diningtable 0.0010 442 172 499 224
diningtable 0.0010 473 163 499 234
dog 0.0054 305 153 339 190
dog 0.0025 321 157 343 188
dog 0.0010 66 -20 437 341
horse 0.0018 66 -20 437 341
motorbike 0.0010 66 -20 437 341
person 0.9990 75 3 424 388
person 0.4832 380 159 402 186
person 0.4757 349 150 371 192
person 0.2855 329 155 349 189
person 0.2404 382 162 399 179
person 0.1505 321 157 343 188
person 0.1269 341 150 361 193
person 0.1123 384 161 408 203
person 0.0573 356 154 378 187
person 0.0534 375 163 386 178
person 0.0453 389 163 403 179
person 0.0338 334 162 345 181
person 0.0228 312 153 349 180
person 0.0187 490 146 500 200
person 0.0155 455 166 487 231
person 0.0147 325 163 338 181
person 0.0139 334 150 369 180
person 0.0121 362 161 374 180
person 0.0111 375 156 405 176
person 0.0085 333 157 348 171
person 0.0078 362 159 398 182
person 0.0075 354 159 366 181
person 0.0072 352 172 367 209
person 0.0069 378 173 402 206
person 0.0056 305 153 339 190
person 0.0051 390 159 402 173
person 0.0048 345 161 356 180
person 0.0047 493 151 498 176
person 0.0044 492 160 499 184
person 0.0042 372 158 391 185
person 0.0042 344 154 358 172
person 0.0040 324 159 340 171
person 0.0036 478 155 496 193
person 0.0036 351 153 369 173
person 0.0036 341 171 360 211
person 0.0030 403 167 412 179
person 0.0030 341 160 409 199
person 0.0029 370 162 391 203
person 0.0029 356 170 364 190
person 0.0026 335 162 366 202
person 0.0023 492 114 499 192
person 0.0020 489 164 500 219
person 0.0020 374 159 387 173
person 0.0019 335 170 344 190
person 0.0019 352 149 367 160
person 0.0018 358 178 400 208
person 0.0017 358 153 389 203
person 0.0017 400 170 430 229
person 0.0017 481 163 491 182
person 0.0017 398 163 416 205
person 0.0016 363 172 373 187
person 0.0016 473 163 499 234
person 0.0016 437 173 470 231
person 0.0013 413 165 423 178
person 0.0013 333 169 349 212
person 0.0013 482 155 490 172
person 0.0011 360 155 376 173
person 0.0011 421 165 433 178
person 0.0011 467 151 484 195
person 0.0011 421 158 433 172
person 0.0010 456 145 477 178
person 0.0010 307 158 366 198
pottedplant 0.7342 47 136 116 191
pottedplant 0.4519 20 154 46 191
pottedplant 0.2763 89 125 166 191
pottedplant 0.1191 37 106 153 215
pottedplant 0.0604 6 137 93 189
pottedplant 0.0597 10 147 48 201
pottedplant 0.0534 9 132 116 229
pottedplant 0.0341 305 153 339 190
pottedplant 0.0329 -2 162 13 202
pottedplant 0.0242 63 167 96 198
pottedplant 0.0225 0 180 10 202
pottedplant 0.0199 0 154 23 190
pottedplant 0.0150 3 183 21 198
pottedplant 0.0144 -1 179 29 202
pottedplant 0.0092 15 177 50 200
pottedplant 0.0088 0 171 9 194
pottedplant 0.0082 23 170 42 190
pottedplant 0.0080 52 145 91 182
pottedplant 0.0078 16 182 30 197
pottedplant 0.0068 105 136 150 204
pottedplant 0.0067 121 135 163 206
pottedplant 0.0065 86 132 123 191
pottedplant 0.0061 15 49 178 260
pottedplant 0.0058 20 150 62 182
pottedplant 0.0057 23 161 43 183
pottedplant 0.0053 295 167 330 194
pottedplant 0.0051 0 140 13 188
pottedplant 0.0051 66 -20 437 341
pottedplant 0.0049 98 88 180 195
pottedplant 0.0049 41 154 61 191
pottedplant 0.0044 -1 129 29 193
pottedplant 0.0042 289 159 350 199
pottedplant 0.0040 67 141 140 198
pottedplant 0.0034 0 174 62 217
pottedplant 0.0033 20 173 30 191
pottedplant 0.0032 0 160 9 185
pottedplant 0.0031 28 133 65 193
pottedplant 0.0031 20 182 42 196
pottedplant 0.0026 22 167 61 194
pottedplant 0.0026 0 190 8 209
pottedplant 0.0024 140 150 179 205
pottedplant 0.0022 31 147 52 184
pottedplant 0.0022 304 173 319 191
pottedplant 0.0021 49 153 74 191
pottedplant 0.0020 321 157 343 188
pottedplant 0.0019 4 174 20 190
pottedplant 0.0017 -12 167 22 198
pottedplant 0.0016 4 162 20 182
pottedplant 0.0015 24 156 42 173
pottedplant 0.0014 33 162 49 183
pottedplant 0.0013 20 161 31 184
pottedplant 0.0013 32 157 71 189
pottedplant 0.0012 34 172 49 190
pottedplant 0.0011 336 190 346 209
pottedplant 0.0010 279 175 357 207
pottedplant 0.0010 6 193 49 252
pottedplant 0.0010 4 154 19 172
pottedplant 0.0010 489 172 500 231
pottedplant 0.0010 421 165 433 178
sofa 0.0097 41 8 400 416
sofa 0.0039 358 178 400 208
sofa 0.0029 305 153 339 190
sofa 0.0019 9 132 116 229
sofa 0.0018 328 195 427 246
sofa 0.0013 0 195 60 247
sofa 0.0012 381 172 415 210
tvmonitor 0.0100 66 -20 437 341
tvmonitor 0.0029 0 180 10 202
tvmonitor 0.0025 3 183 21 198
tvmonitor 0.0024 -1 179 29 202
tvmonitor 0.0018 -1 174 13 207
tvmonitor 0.0015 489 172 500 231
tvmonitor 0.0015 305 153 339 190
tvmonitor 0.0010 15 177 50 200
