bottle 0.2512 113 163 204 315
bottle 0.0917 137 245 208 311
bottle 0.0499 122 232 199 291
bottle 0.0131 155 252 200 335
bottle 0.0097 119 230 204 365
bottle 0.0096 -1 450 17 503
bottle 0.0046 153 225 195 300
bottle 0.0033 99 247 177 312
bottle 0.0030 120 245 158 315
bottle 0.0028 121 260 199 326
bottle 0.0024 97 211 178 345
bottle 0.0014 179 261 208 336
cat 0.0081 188 233 320 351
chair 0.0074 89 158 223 356
chair 0.0030 19 149 364 427
chair 0.0012 112 157 202 295
chair 0.0011 128 182 335 390
dog 0.7703 188 233 320 351
dog 0.4789 169 186 338 395
dog 0.0224 213 257 297 333
dog 0.0107 33 126 414 509
dog 0.0025 198 243 280 318
dog 0.0024 75 171 307 386
dog 0.0017 95 171 215 322
dog 0.0010 105 223 273 338
person 0.3235 9 154 379 484
person 0.2912 75 171 307 386
person 0.1863 89 158 223 356
person 0.0583 42 174 177 471
person 0.0262 162 163 343 360
person 0.0154 159 232 311 349
person 0.0055 48 244 77 305
person 0.0032 78 216 165 378
person 0.0014 43 245 73 282
person 0.0011 105 223 273 338
sofa 0.6854 33 126 414 509
sofa 0.1630 169 186 338 395
sofa 0.0021 188 246 323 375
