boat 0.0011 55 57 440 393
bottle 0.0029 493 183 499 259
bottle 0.0020 215 174 237 210
bottle 0.0017 334 284 416 335
bottle 0.0016 422 201 437 256
bottle 0.0011 226 172 241 211
car 0.0068 8 62 404 395
chair 0.7583 380 65 485 287
chair 0.1394 269 76 452 309
chair 0.0609 0 115 288 382
chair 0.0093 296 160 428 312
chair 0.0084 55 57 440 393
chair 0.0030 338 129 409 184
chair 0.0025 491 87 499 162
chair 0.0022 289 74 429 227
chair 0.0020 179 87 312 345
chair 0.0018 353 188 432 245
chair 0.0017 204 83 369 300
dog 0.0014 313 195 395 268
dog 0.0011 304 171 407 333
person 0.9880 11 80 275 374
person 0.9193 296 179 433 332
person 0.7633 121 89 301 358
person 0.6076 255 117 419 334
person 0.3656 271 65 353 214
person 0.2321 190 124 287 303
person 0.1331 204 83 369 300
person 0.0561 308 171 399 298
person 0.0405 248 70 399 249
person 0.0344 55 57 440 393
person 0.0282 314 125 474 319
person 0.0223 196 143 280 213
person 0.0120 293 113 383 282
person 0.0074 327 200 413 267
person 0.0037 376 89 486 332
person 0.0026 276 79 349 155
person 0.0026 303 195 380 269
person 0.0018 313 219 399 279
person 0.0017 225 111 342 263
sofa 0.8243 8 62 404 395
sofa 0.0148 121 89 301 358
sofa 0.0010 23 76 255 326
tvmonitor 0.0073 349 72 408 122
