aeroplane 0.9981 201 59 274 100
aeroplane 0.9840 47 83 124 118
aeroplane 0.9777 337 49 417 80
aeroplane 0.9347 81 140 154 171
aeroplane 0.9336 89 217 158 249
aeroplane 0.7990 210 135 284 164
aeroplane 0.0410 63 81 115 110
aeroplane 0.0185 352 46 406 72
aeroplane 0.0151 106 220 167 243
aeroplane 0.0045 232 132 290 157
aeroplane 0.0027 79 148 159 185
aeroplane 0.0022 77 147 132 172
aeroplane 0.0018 84 226 162 260
aeroplane 0.0015 46 84 101 107
aeroplane 0.0012 218 143 274 172
aeroplane 0.0010 224 63 281 89
sheep 0.0023 219 136 274 164
sheep 0.0018 93 222 150 249
sheep 0.0012 339 51 404 77
