bus 0.1989 189 174 284 234
bus 0.0010 1 203 68 257
car 0.9110 347 190 442 232
car 0.8411 189 174 284 234
car 0.8320 10 202 73 255
car 0.7432 442 192 500 240
car 0.0598 453 202 497 233
car 0.0321 382 191 478 231
car 0.0184 321 196 396 235
car 0.0162 376 190 440 217
car 0.0131 6 227 23 272
car 0.0076 488 185 501 236
car 0.0056 -1 172 7 232
car 0.0054 338 202 380 236
car 0.0054 0 189 8 253
car 0.0052 18 199 65 223
car 0.0039 369 193 427 227
car 0.0033 1 202 25 270
car 0.0032 396 191 436 229
car 0.0029 20 213 66 246
car 0.0028 0 186 67 281
car 0.0023 492 192 500 212
car 0.0019 312 189 443 256
car 0.0019 18 190 66 215
car 0.0016 476 194 499 230
car 0.0016 11 227 29 271
car 0.0015 362 191 418 214
car 0.0015 448 192 501 216
car 0.0013 309 203 353 235
car 0.0013 1 201 9 298
car 0.0012 0 185 5 219
car 0.0011 313 200 368 225
car 0.0010 10 205 59 235
car 0.0010 201 172 249 232
person 0.0093 0 189 8 253
person 0.0088 52 212 70 247
person 0.0035 -1 172 7 232
person 0.0030 136 192 143 210
person 0.0011 210 182 221 196
person 0.0011 2 210 22 300
person 0.0011 488 185 501 236
train 0.0020 188 182 287 232
train 0.0012 10 202 73 255
