bus 0.9938 45 115 248 237
car 0.0132 212 193 268 249
car 0.0061 306 187 353 212
car 0.0014 168 191 239 242
car 0.0010 302 181 344 203
car 0.0010 211 187 242 251
person 0.9946 115 196 145 283
person 0.9772 162 190 190 289
person 0.9755 392 182 425 280
person 0.9562 77 190 100 263
person 0.9100 223 194 258 260
person 0.8147 441 177 462 251
person 0.6120 367 176 389 248
person 0.5945 152 194 182 283
person 0.5834 385 183 409 277
person 0.4262 477 185 498 256
person 0.4166 364 172 379 245
person 0.2047 58 187 69 216
person 0.1633 419 166 435 232
person 0.1284 379 180 401 259
person 0.0829 487 192 498 264
person 0.0674 445 177 461 229
person 0.0540 61 188 76 216
person 0.0481 425 163 445 257
person 0.0338 454 181 478 254
person 0.0258 228 196 245 262
person 0.0216 429 169 443 232
person 0.0180 404 146 430 244
person 0.0175 480 210 496 261
person 0.0170 366 173 380 215
person 0.0153 84 203 98 271
person 0.0150 65 196 74 216
person 0.0104 389 189 405 248
person 0.0082 214 195 243 262
person 0.0077 344 200 353 218
person 0.0074 478 183 495 223
person 0.0062 337 201 349 216
person 0.0057 109 187 169 288
person 0.0056 412 173 428 226
person 0.0056 50 191 59 208
person 0.0055 234 195 251 263
person 0.0050 388 183 407 221
person 0.0049 237 187 264 253
person 0.0045 472 194 484 245
person 0.0043 367 179 378 201
person 0.0042 460 190 485 264
person 0.0037 439 176 457 211
person 0.0034 80 186 97 236
person 0.0033 139 183 194 290
person 0.0033 484 182 499 314
person 0.0030 398 194 415 244
person 0.0030 442 181 453 201
person 0.0030 48 188 78 212
person 0.0029 379 198 442 270
person 0.0029 341 193 355 225
person 0.0027 76 185 89 254
person 0.0027 55 175 70 214
person 0.0026 489 168 497 235
person 0.0025 228 188 246 236
person 0.0023 473 206 480 232
person 0.0022 432 178 440 201
person 0.0020 85 191 111 268
person 0.0020 372 180 384 199
person 0.0019 481 190 491 209
person 0.0018 438 186 472 233
person 0.0017 449 183 459 201
person 0.0015 455 187 473 233
person 0.0014 152 154 161 170
person 0.0013 446 198 464 256
person 0.0012 77 197 84 220
person 0.0012 491 188 497 214
person 0.0011 392 191 403 210
person 0.0010 414 182 442 275
person 0.0010 487 162 499 375
