bus 0.0017 465 172 499 249
car 0.8781 455 157 500 242
car 0.5981 162 177 281 230
car 0.5764 394 155 478 226
car 0.2676 201 178 357 224
car 0.1436 344 165 413 226
car 0.0895 437 149 500 203
car 0.0502 449 150 502 179
car 0.0468 475 145 499 181
car 0.0397 374 157 455 203
car 0.0256 487 135 500 191
car 0.0197 338 173 362 208
car 0.0176 382 156 433 189
car 0.0124 216 164 426 227
car 0.0123 299 161 448 234
car 0.0076 466 147 501 208
car 0.0061 343 158 463 260
car 0.0050 385 151 430 175
car 0.0044 470 150 514 176
car 0.0041 381 162 499 255
car 0.0040 467 144 504 169
car 0.0039 416 145 496 186
car 0.0037 334 168 367 199
car 0.0036 364 159 416 185
car 0.0031 127 189 247 227
car 0.0031 431 152 484 173
car 0.0016 375 162 424 200
car 0.0016 392 165 440 197
car 0.0015 456 194 499 229
car 0.0014 342 180 358 200
car 0.0014 490 144 499 165
car 0.0014 490 151 499 175
car 0.0014 392 160 435 222
car 0.0013 433 143 480 165
car 0.0013 432 155 484 188
horse 0.0011 344 174 412 255
motorbike 0.0014 460 172 499 247
person 0.9975 350 155 406 272
person 0.1027 344 165 413 226
person 0.0041 400 147 415 161
person 0.0031 429 147 444 163
person 0.0024 393 146 405 162
person 0.0022 237 166 252 180
person 0.0021 363 165 377 178
person 0.0020 464 155 500 245
person 0.0014 0 142 5 242
person 0.0013 317 159 429 262
person 0.0013 373 159 412 236
person 0.0012 199 165 211 181
person 0.0011 31 162 58 227
person 0.0010 385 151 430 175
sheep 0.0012 460 172 499 247
tvmonitor 0.0012 465 172 499 249
