bird 0.0037 207 283 359 367
bird 0.0029 190 98 262 144
bird 0.0024 343 167 496 352
bird 0.0012 86 149 226 367
cat 0.0010 207 283 359 367
cow 0.0447 77 165 210 347
cow 0.0034 162 122 273 238
cow 0.0026 360 173 497 341
cow 0.0011 0 197 19 348
cow 0.0010 207 283 359 367
dog 0.0023 208 271 357 356
dog 0.0021 164 98 271 215
dog 0.0016 72 124 214 358
dog 0.0014 307 100 379 225
dog 0.0013 360 159 498 357
horse 0.0169 86 149 226 367
horse 0.0037 162 122 273 238
horse 0.0014 360 173 497 341
horse 0.0011 207 283 359 367
person 0.0023 164 98 271 215
person 0.0016 -25 -285 372 214
person 0.0016 86 149 226 367
sheep 0.9875 313 103 384 224
sheep 0.9836 74 149 214 366
sheep 0.9707 360 173 497 341
sheep 0.5943 162 122 273 238
sheep 0.4126 190 98 262 144
sheep 0.0921 208 271 357 356
sheep 0.0597 201 103 271 165
sheep 0.0594 -1 199 22 308
sheep 0.0195 0 193 16 390
sheep 0.0183 214 107 271 139
sheep 0.0156 0 209 14 270
sheep 0.0094 -1 174 27 408
sheep 0.0079 195 100 237 133
sheep 0.0079 1 217 22 262
sheep 0.0071 186 97 279 209
sheep 0.0066 0 156 19 281
sheep 0.0053 160 122 251 189
sheep 0.0043 155 82 266 166
sheep 0.0040 140 111 225 169
sheep 0.0027 194 104 218 143
sheep 0.0022 -6 215 30 248
sheep 0.0021 156 115 268 331
sheep 0.0020 189 96 227 145
sheep 0.0016 0 221 9 296
sheep 0.0014 484 149 498 318
sheep 0.0013 491 169 498 273
sheep 0.0011 181 160 263 228
sheep 0.0011 -2 179 47 368
train 0.0030 343 167 496 352
train 0.0022 207 283 359 367
