bird 0.0029 488 104 498 184
bird 0.0016 451 89 485 125
bottle 0.0013 488 104 498 184
car 0.0018 361 41 374 56
car 0.0010 358 33 377 64
cat 0.0054 275 121 440 262
chair 0.9619 265 111 452 280
chair 0.0349 277 150 406 269
chair 0.0081 217 85 249 150
chair 0.0040 296 108 435 220
dog 0.0019 282 140 435 276
person 0.0123 275 121 440 262
pottedplant 0.8850 244 117 322 174
pottedplant 0.5631 443 150 498 279
pottedplant 0.1439 437 89 496 142
pottedplant 0.1102 474 116 501 200
pottedplant 0.0900 451 191 493 272
pottedplant 0.0851 451 89 485 125
pottedplant 0.0245 439 84 500 195
pottedplant 0.0218 488 104 498 184
pottedplant 0.0118 217 85 249 150
pottedplant 0.0107 439 99 457 130
pottedplant 0.0092 476 29 501 134
pottedplant 0.0087 457 115 495 200
pottedplant 0.0085 478 117 497 170
pottedplant 0.0069 453 42 496 127
pottedplant 0.0061 244 116 323 231
pottedplant 0.0060 477 129 499 262
pottedplant 0.0044 441 105 454 124
pottedplant 0.0042 479 134 496 190
pottedplant 0.0041 471 78 499 163
pottedplant 0.0040 270 122 413 264
pottedplant 0.0022 465 89 503 265
pottedplant 0.0017 434 142 473 211
pottedplant 0.0016 421 106 494 249
pottedplant 0.0015 489 132 498 210
sofa 0.9997 21 96 244 261
sofa 0.3888 265 111 452 280
sofa 0.0020 277 150 406 269
sofa 0.0010 76 107 248 216
