bird 0.0013 340 136 457 232
bottle 0.0014 340 136 457 232
bottle 0.0011 322 197 341 243
bottle 0.0010 343 243 448 299
car 0.0013 419 166 461 250
chair 0.9893 0 169 69 303
chair 0.9776 105 164 175 300
chair 0.9138 27 231 157 383
chair 0.8245 261 245 392 386
chair 0.1086 265 203 458 375
chair 0.0329 106 170 173 229
chair 0.0188 419 166 461 250
chair 0.0158 4 189 52 286
chair 0.0132 117 209 168 295
chair 0.0099 -2 128 86 267
chair 0.0093 112 121 150 165
chair 0.0090 89 205 162 335
chair 0.0034 0 195 23 308
chair 0.0030 23 128 69 160
chair 0.0029 70 136 108 172
chair 0.0028 25 158 102 275
chair 0.0027 121 134 155 168
chair 0.0018 22 186 66 283
chair 0.0016 274 188 406 332
chair 0.0013 308 194 405 242
chair 0.0011 2 180 82 253
chair 0.0011 108 133 131 171
chair 0.0011 176 178 214 256
chair 0.0011 28 168 164 287
chair 0.0010 105 167 152 261
chair 0.0010 263 167 416 279
chair 0.0010 312 140 438 232
diningtable 0.0030 93 164 171 303
diningtable 0.0017 265 203 458 375
diningtable 0.0017 -1 168 81 303
person 0.9993 275 162 454 368
person 0.8858 0 143 67 292
person 0.0226 0 137 47 216
person 0.0192 326 165 461 277
person 0.0187 197 102 283 258
person 0.0154 263 167 416 279
person 0.0118 -1 129 69 185
person 0.0063 312 140 438 232
person 0.0042 3 123 83 234
person 0.0041 0 128 28 195
person 0.0016 0 137 25 253
person 0.0014 -1 134 10 191
person 0.0012 109 127 165 172
person 0.0012 419 166 461 250
sofa 0.0051 112 121 150 165
sofa 0.0021 70 136 108 172
sofa 0.0020 28 128 73 162
sofa 0.0017 -2 144 85 291
sofa 0.0011 419 166 461 250
train 0.0010 421 160 465 238
tvmonitor 0.9784 419 161 462 239
tvmonitor 0.9717 349 133 410 208
tvmonitor 0.5795 103 125 158 167
tvmonitor 0.4467 19 125 75 176
tvmonitor 0.2608 340 136 457 232
tvmonitor 0.0508 150 119 212 165
tvmonitor 0.0480 70 136 108 172
tvmonitor 0.0131 116 126 145 161
tvmonitor 0.0070 71 125 149 164
tvmonitor 0.0064 378 145 476 243
tvmonitor 0.0061 121 130 152 173
tvmonitor 0.0024 149 139 185 168
tvmonitor 0.0021 107 127 131 162
tvmonitor 0.0021 25 121 76 156
tvmonitor 0.0020 69 145 95 176
tvmonitor 0.0015 165 120 208 150
tvmonitor 0.0014 70 121 111 153
tvmonitor 0.0013 76 128 104 163
tvmonitor 0.0010 3 123 83 234
