bicycle 0.0043 178 195 217 241
bicycle 0.0017 188 211 223 241
boat 0.0792 215 42 435 247
bus 0.9970 222 72 426 265
car 0.0165 37 177 89 203
car 0.0088 38 171 86 193
car 0.0060 219 88 428 285
car 0.0021 49 183 90 214
car 0.0019 440 183 452 195
car 0.0010 178 195 217 241
chair 0.0108 490 194 499 264
chair 0.0083 479 197 499 270
chair 0.0034 454 201 497 261
chair 0.0011 466 210 503 248
horse 0.0010 219 88 428 285
motorbike 0.0047 178 195 217 241
person 0.5311 186 180 217 240
person 0.0321 178 196 200 238
person 0.0244 179 193 215 229
person 0.0148 205 196 223 240
person 0.0128 368 126 387 161
person 0.0104 361 127 381 159
person 0.0052 490 194 499 264
person 0.0038 186 186 208 218
person 0.0036 352 137 387 163
person 0.0033 204 176 224 225
person 0.0030 197 171 219 212
person 0.0030 364 141 378 157
person 0.0024 371 140 385 159
person 0.0017 194 208 218 241
person 0.0013 440 147 456 194
person 0.0011 492 162 500 239
person 0.0010 188 198 204 217
person 0.0010 188 192 204 209
pottedplant 0.0014 490 214 499 281
train 0.0264 235 72 460 265
tvmonitor 0.0012 490 194 499 264
