bicycle 0.0021 171 205 381 317
bicycle 0.0012 245 40 478 289
bottle 0.0070 358 215 398 300
bottle 0.0020 138 128 157 178
chair 0.6200 161 198 349 321
chair 0.0435 10 64 255 373
chair 0.0369 380 229 499 366
chair 0.0311 139 108 287 331
chair 0.0101 163 138 408 319
chair 0.0097 210 176 312 334
chair 0.0043 179 141 264 289
chair 0.0022 243 7 311 76
chair 0.0019 298 7 342 77
chair 0.0015 201 170 276 303
chair 0.0013 125 208 387 364
chair 0.0013 201 182 277 249
chair 0.0010 153 245 412 337
diningtable 0.0111 380 229 499 366
person 0.9999 234 63 487 318
person 0.9980 1 -1 265 369
person 0.7798 159 54 266 304
person 0.1511 91 39 258 332
person 0.0165 380 201 503 343
person 0.0023 163 138 408 319
person 0.0018 354 60 502 310
person 0.0013 159 61 273 190
person 0.0012 148 158 283 292
pottedplant 0.0053 0 60 6 151
pottedplant 0.0018 138 128 157 178
