motorbike 0.0017 203 125 499 355
person 0.9069 198 174 233 258
person 0.8620 190 173 220 254
person 0.2005 180 169 194 231
person 0.0662 171 168 191 254
person 0.0634 170 168 185 217
person 0.0536 187 167 200 234
person 0.0513 159 172 175 212
person 0.0209 154 175 164 192
person 0.0163 162 180 173 201
person 0.0107 191 173 243 292
person 0.0099 161 174 172 191
person 0.0086 155 181 166 197
person 0.0081 191 172 200 192
person 0.0063 178 164 196 205
person 0.0054 154 173 180 256
person 0.0052 161 186 176 231
person 0.0048 152 174 169 208
person 0.0045 171 180 184 236
person 0.0040 164 189 173 211
person 0.0038 173 179 182 202
person 0.0036 198 188 212 253
person 0.0036 188 165 203 203
person 0.0034 229 220 239 240
person 0.0034 226 213 241 249
person 0.0031 173 173 182 191
person 0.0031 182 173 192 191
person 0.0026 200 174 211 189
person 0.0024 192 182 204 255
person 0.0020 182 179 192 203
person 0.0019 211 174 220 189
person 0.0017 177 162 233 267
person 0.0014 150 178 183 206
person 0.0012 136 185 178 216
person 0.0012 181 167 192 182
person 0.0011 132 182 162 255
person 0.0011 174 186 181 214
person 0.0010 162 168 173 182
person 0.0010 219 183 248 254
person 0.0010 172 166 183 182
train 0.9911 191 127 483 375
