chair 0.9958 114 227 148 287
chair 0.0129 123 209 155 278
chair 0.0121 52 201 115 303
chair 0.0098 68 229 123 288
chair 0.0072 116 215 161 299
chair 0.0017 116 227 133 276
chair 0.0014 133 190 188 316
chair 0.0014 34 184 77 317
chair 0.0014 106 231 131 285
diningtable 0.0030 117 230 160 283
person 0.9943 245 159 300 301
person 0.9623 36 168 90 307
person 0.3853 132 166 195 308
person 0.0487 231 208 258 275
person 0.0228 232 184 275 298
person 0.0137 52 201 115 303
person 0.0134 162 159 220 325
person 0.0104 180 183 235 326
person 0.0026 120 194 165 289
person 0.0019 37 186 65 292
person 0.0016 232 210 252 248
person 0.0013 222 196 262 290
person 0.0012 51 190 78 286
