aeroplane 0.0022 93 53 145 74
car 0.0010 193 145 287 182
cow 0.8411 190 150 285 192
cow 0.3475 244 152 284 186
cow 0.0606 251 146 292 179
cow 0.0031 259 156 286 182
cow 0.0027 162 140 287 206
cow 0.0018 359 125 378 159
cow 0.0012 219 150 272 176
diningtable 0.0014 193 145 287 182
dog 0.0089 244 152 284 186
dog 0.0024 251 146 292 179
horse 0.0483 244 152 284 186
horse 0.0070 251 146 292 179
horse 0.0031 193 145 287 182
person 0.0146 245 150 284 179
person 0.0011 253 144 293 166
sheep 0.0041 244 152 284 186
sheep 0.0012 251 146 292 179
