bottle 0.9870 149 190 202 323
bottle 0.5205 103 208 134 303
bottle 0.2514 89 193 126 300
bottle 0.1132 90 83 250 469
bottle 0.0137 153 243 165 305
bottle 0.0136 111 179 168 307
bottle 0.0130 118 209 154 303
bottle 0.0129 151 229 181 317
bottle 0.0088 96 193 143 318
bottle 0.0082 156 254 170 310
bottle 0.0081 110 233 126 297
bottle 0.0032 158 174 196 232
bottle 0.0029 70 191 214 305
bottle 0.0011 73 218 138 294
bottle 0.0010 117 245 132 301
chair 0.9188 248 324 350 502
chair 0.0014 90 83 250 469
person 0.9994 41 -5 288 503
person 0.8396 90 83 250 469
