aeroplane 0.0023 17 220 69 242
aeroplane 0.0020 19 117 415 355
bicycle 0.0056 392 284 478 337
bicycle 0.0015 39 158 130 202
bicycle 0.0013 57 118 237 363
bicycle 0.0012 19 117 415 355
boat 0.0272 17 220 69 242
boat 0.0080 18 152 113 202
boat 0.0067 19 117 415 355
boat 0.0060 0 100 132 203
boat 0.0052 8 139 120 226
boat 0.0048 5 195 87 241
boat 0.0027 -5 25 135 255
boat 0.0019 67 158 141 202
boat 0.0015 3 173 91 222
boat 0.0014 75 190 126 213
boat 0.0013 40 173 131 212
boat 0.0013 -3 136 97 190
boat 0.0012 16 210 113 252
boat 0.0011 75 181 127 203
bus 0.0046 19 117 415 355
car 0.0016 19 117 415 355
chair 0.0024 392 284 478 337
chair 0.0011 67 158 141 202
diningtable 0.0026 392 284 478 337
motorbike 0.0017 19 117 415 355
person 0.9997 75 130 243 372
person 0.9760 207 110 383 370
person 0.1771 19 117 415 355
person 0.0019 58 300 85 337
sheep 0.0010 19 117 415 355
train 0.0267 19 117 415 355
train 0.0013 17 220 69 242
