chair 0.0537 473 167 499 260
chair 0.0419 445 136 499 259
chair 0.0234 354 139 497 249
chair 0.0114 475 127 500 232
chair 0.0046 481 197 501 309
chair 0.0033 490 196 499 264
chair 0.0033 479 228 498 270
chair 0.0027 492 110 499 176
chair 0.0026 489 217 499 281
chair 0.0021 438 134 500 186
chair 0.0021 254 126 502 270
chair 0.0017 479 201 497 259
pottedplant 0.6357 273 97 362 173
pottedplant 0.0071 281 135 479 252
pottedplant 0.0021 491 101 499 168
pottedplant 0.0012 13 329 111 376
pottedplant 0.0012 490 196 499 264
sofa 0.9982 310 138 493 254
sofa 0.0031 445 136 499 259
sofa 0.0022 473 144 499 252
