bicycle 0.0018 155 90 369 347
bird 0.0011 374 301 423 332
bottle 0.0264 360 294 425 333
bottle 0.0056 376 296 422 322
bottle 0.0042 362 310 417 340
bottle 0.0035 219 87 254 150
bottle 0.0017 381 301 432 330
chair 0.1077 155 90 369 347
chair 0.0265 38 162 297 372
chair 0.0068 219 87 254 150
diningtable 0.0047 155 90 369 347
dog 0.0012 155 90 369 347
person 0.9997 170 64 420 333
person 0.0010 194 94 387 197
pottedplant 0.0020 476 -3 502 86
pottedplant 0.0015 360 294 425 333
sofa 0.0023 163 42 463 348
