aeroplane 0.0012 4 -47 508 325
bus 0.0012 4 -47 508 325
motorbike 0.0098 4 -47 508 325
person 0.0235 293 123 326 226
person 0.0204 298 124 328 161
person 0.0173 491 186 498 270
person 0.0161 479 115 497 168
person 0.0106 481 181 498 276
person 0.0056 489 103 498 180
person 0.0052 283 124 321 193
person 0.0041 21 170 28 192
person 0.0038 484 110 499 279
person 0.0020 295 131 311 170
person 0.0018 310 120 326 164
person 0.0015 2 160 6 202
person 0.0011 480 94 497 218
person 0.0011 0 150 7 209
train 0.9995 37 3 527 340
