bottle 0.8299 375 23 412 100
bottle 0.7898 361 19 393 94
bottle 0.7532 390 25 426 99
bottle 0.4836 302 42 343 75
bottle 0.0990 219 16 260 106
bottle 0.0938 404 32 426 78
bottle 0.0808 311 34 352 83
bottle 0.0439 363 10 425 113
bottle 0.0307 319 42 358 74
bottle 0.0097 281 40 327 72
bottle 0.0042 340 30 369 89
bottle 0.0030 298 26 367 71
bottle 0.0025 455 0 495 74
bottle 0.0024 386 24 411 67
bottle 0.0024 300 36 344 62
bottle 0.0024 263 42 344 78
bottle 0.0023 360 27 379 84
bottle 0.0021 348 25 408 90
bottle 0.0020 391 30 427 65
bottle 0.0017 204 47 270 110
bottle 0.0015 337 44 361 84
bottle 0.0015 316 34 391 83
bottle 0.0015 378 21 442 71
bottle 0.0012 379 43 434 106
bottle 0.0010 413 9 448 72
cat 0.0012 306 42 353 74
cat 0.0012 182 158 377 296
chair 0.0060 302 42 343 75
dog 0.9996 176 128 375 293
dog 0.0073 183 115 327 242
dog 0.0056 306 42 353 74
