aeroplane 0.0017 64 51 454 345
boat 0.0010 192 40 523 357
bottle 0.0011 0 108 4 235
bottle 0.0011 385 147 425 215
bus 0.0068 64 51 454 345
bus 0.0038 411 120 457 151
bus 0.0037 0 11 119 225
car 0.9298 411 120 457 151
car 0.8666 177 137 232 171
car 0.0695 64 51 454 345
car 0.0076 416 127 471 159
car 0.0056 390 100 488 188
car 0.0045 147 128 227 166
car 0.0036 3 33 118 177
car 0.0035 155 137 203 168
car 0.0029 436 139 476 164
car 0.0022 0 8 110 310
car 0.0021 182 138 212 169
car 0.0015 139 131 179 158
car 0.0015 161 136 215 158
car 0.0010 444 133 486 159
chair 0.0089 118 113 472 390
chair 0.0045 3 16 101 408
cow 0.0011 74 57 445 376
diningtable 0.0011 74 57 445 376
dog 0.9986 70 211 140 362
dog 0.0205 167 63 428 367
dog 0.0074 3 16 101 408
dog 0.0019 133 227 233 286
horse 0.0028 74 57 445 376
horse 0.0011 3 33 118 177
horse 0.0011 0 8 110 310
motorbike 0.0012 64 51 454 345
person 0.9983 163 47 482 379
person 0.9886 1 13 102 360
person 0.0305 3 33 118 177
person 0.0128 298 65 493 323
person 0.0074 53 43 109 194
person 0.0074 390 100 488 188
person 0.0070 296 101 438 204
person 0.0065 149 81 371 315
person 0.0064 375 144 424 212
person 0.0056 0 -9 58 327
person 0.0039 309 114 399 239
person 0.0035 436 139 476 164
person 0.0027 0 -17 27 371
person 0.0021 69 70 110 166
person 0.0019 -11 87 117 278
person 0.0018 438 72 501 283
person 0.0017 0 58 8 334
sheep 0.0019 139 44 458 357
sofa 0.0035 74 57 445 376
sofa 0.0010 3 16 101 408
train 0.0035 64 51 454 345
