aeroplane 0.0029 25 173 76 191
aeroplane 0.0016 4 169 60 189
boat 0.9996 -4 -8 495 383
boat 0.2957 4 169 60 189
boat 0.0471 2 158 82 192
boat 0.0201 25 173 76 191
boat 0.0198 0 141 63 187
boat 0.0078 10 159 39 187
boat 0.0039 4 177 21 188
boat 0.0035 -4 172 40 189
boat 0.0034 41 176 63 187
boat 0.0022 3 147 44 179
boat 0.0018 1 176 8 192
boat 0.0015 11 175 35 186
boat 0.0012 19 175 45 185
boat 0.0011 18 167 44 191
boat 0.0011 0 181 8 199
boat 0.0011 15 169 33 181
boat 0.0011 22 169 41 179
boat 0.0010 4 184 19 194
bus 0.0113 36 -13 518 385
car 0.0028 411 342 448 373
car 0.0011 265 295 325 365
cow 0.0013 6 -13 362 387
horse 0.0010 411 342 448 373
motorbike 0.0014 411 342 448 373
person 0.9897 324 290 354 376
person 0.9858 278 292 311 369
person 0.7616 388 343 409 373
person 0.5938 417 343 442 373
person 0.1258 360 336 382 375
person 0.0805 368 339 387 374
person 0.0602 384 352 396 372
person 0.0555 397 342 414 372
person 0.0421 265 288 300 370
person 0.0304 373 352 385 373
person 0.0282 382 342 400 373
person 0.0266 412 352 424 372
person 0.0163 402 352 412 372
person 0.0128 340 312 368 375
person 0.0119 364 352 378 373
person 0.0108 409 342 431 372
person 0.0099 354 320 370 375
person 0.0076 420 342 436 354
person 0.0057 250 292 319 366
person 0.0047 428 350 444 374
person 0.0039 283 295 301 340
person 0.0036 376 333 406 377
person 0.0036 375 350 404 372
person 0.0030 493 298 500 394
person 0.0027 303 306 316 366
person 0.0025 296 300 312 370
person 0.0024 274 296 292 340
person 0.0023 426 346 445 366
person 0.0022 363 350 393 373
person 0.0021 326 301 339 371
person 0.0020 411 346 426 367
person 0.0019 387 348 407 394
person 0.0019 440 352 449 376
person 0.0017 263 299 286 336
person 0.0016 418 337 439 363
person 0.0015 434 338 453 376
person 0.0015 331 306 348 367
person 0.0015 280 158 292 172
person 0.0013 306 294 369 370
person 0.0012 348 327 405 374
person 0.0012 100 167 117 175
person 0.0010 291 294 311 340
pottedplant 0.0010 42 -47 515 367
train 0.0090 0 169 51 190
train 0.0012 14 171 68 190
