bicycle 0.0027 -17 58 401 460
bird 0.0188 156 287 241 345
bottle 0.0655 156 287 241 345
bottle 0.0128 196 0 206 15
bottle 0.0018 171 270 253 331
bottle 0.0011 185 0 200 13
bottle 0.0011 153 233 245 360
car 0.0023 -9 193 393 506
cat 0.0018 156 287 241 345
chair 0.9766 -17 104 402 482
chair 0.0897 81 163 299 420
chair 0.0018 123 233 255 351
dog 0.0081 156 287 241 345
person 0.9824 108 185 344 464
person 0.4997 -9 193 393 506
person 0.0057 156 287 241 345
person 0.0023 120 260 263 378
person 0.0014 152 234 292 354
pottedplant 0.0033 -17 58 401 460
sofa 0.1441 -9 193 393 506
tvmonitor 0.0016 -17 58 401 460
