aeroplane 0.9972 20 38 226 122
aeroplane 0.3240 107 137 295 212
aeroplane 0.0125 -3 30 256 178
aeroplane 0.0076 278 213 354 261
aeroplane 0.0025 139 154 298 199
aeroplane 0.0023 377 222 443 240
aeroplane 0.0016 334 219 452 248
aeroplane 0.0016 201 158 320 198
aeroplane 0.0015 37 79 313 222
aeroplane 0.0011 341 222 418 240
bird 0.0013 334 219 452 248
boat 0.0033 278 213 354 261
bus 0.0028 296 50 350 169
car 0.0022 296 50 350 169
car 0.0012 253 62 314 146
motorbike 0.0010 276 58 304 168
person 0.9979 301 48 348 182
person 0.9935 267 53 305 160
person 0.0118 2 91 25 186
person 0.0054 317 57 348 153
person 0.0022 0 80 7 170
person 0.0013 107 137 295 212
train 0.0010 278 213 354 261
