bicycle 0.9839 98 240 142 331
bicycle 0.8038 27 238 67 311
bicycle 0.7503 10 240 47 307
bicycle 0.0884 45 236 77 313
bicycle 0.0334 20 188 73 306
bicycle 0.0217 0 222 62 318
bicycle 0.0148 2 230 28 312
bicycle 0.0047 15 249 34 307
bicycle 0.0025 88 172 139 323
bicycle 0.0013 24 249 41 308
chair 0.0011 92 248 148 325
dog 0.0018 15 249 34 307
dog 0.0010 95 237 144 334
person 0.9984 93 162 141 334
person 0.9934 19 165 74 306
person 0.7891 6 167 52 304
person 0.0905 9 210 42 300
person 0.0560 34 196 69 308
person 0.0527 3 178 25 293
person 0.0255 6 174 40 265
person 0.0114 0 175 8 267
person 0.0062 3 221 6 257
person 0.0031 49 201 79 306
person 0.0030 4 194 20 248
person 0.0029 1 207 8 291
person 0.0026 -2 157 36 313
