bottle 0.0171 391 137 408 173
bottle 0.0062 393 144 405 165
bottle 0.0061 397 137 413 184
bottle 0.0054 380 140 416 170
bottle 0.0029 369 146 411 174
cat 0.0019 122 235 428 336
chair 0.6833 182 167 251 213
chair 0.3885 224 164 284 222
chair 0.0680 20 228 155 335
chair 0.0315 194 159 287 208
chair 0.0054 179 160 225 209
chair 0.0049 227 132 287 189
chair 0.0021 122 235 428 336
chair 0.0015 3 164 87 268
chair 0.0011 6 207 91 335
chair 0.0010 86 176 194 224
dog 0.0010 36 229 403 338
sofa 0.9867 81 231 416 337
sofa 0.0780 86 176 194 224
sofa 0.0327 70 176 210 254
sofa 0.0241 77 187 264 285
sofa 0.0240 182 167 251 213
sofa 0.0086 20 228 155 335
sofa 0.0060 121 213 247 259
sofa 0.0038 112 203 378 309
sofa 0.0023 -5 171 110 251
sofa 0.0021 195 167 287 217
sofa 0.0020 0 161 62 270
sofa 0.0017 23 188 170 309
tvmonitor 0.9862 351 82 429 148
