bottle 0.8944 342 47 359 88
bottle 0.8905 313 48 328 87
bottle 0.8798 20 151 40 249
bottle 0.8602 352 45 367 90
bottle 0.7884 334 48 350 87
bottle 0.7598 383 42 402 90
bottle 0.6546 29 149 50 248
bottle 0.3193 377 73 411 168
bottle 0.1401 304 43 324 88
bottle 0.1096 360 43 373 92
bottle 0.0927 26 150 39 197
bottle 0.0652 311 58 329 110
bottle 0.0651 4 152 24 244
bottle 0.0526 364 55 417 184
bottle 0.0512 309 93 321 155
bottle 0.0500 321 47 338 87
bottle 0.0492 316 123 330 185
bottle 0.0404 315 59 326 89
bottle 0.0380 324 135 338 188
bottle 0.0378 337 124 360 200
bottle 0.0354 313 94 326 156
bottle 0.0316 90 153 107 187
bottle 0.0268 404 84 427 163
bottle 0.0256 307 97 328 177
bottle 0.0211 329 126 352 197
bottle 0.0205 278 15 303 59
bottle 0.0178 2 140 10 225
bottle 0.0156 307 81 319 132
bottle 0.0141 3 152 19 214
bottle 0.0140 355 57 364 92
bottle 0.0120 276 7 311 72
bottle 0.0115 414 92 440 158
bottle 0.0112 417 93 435 139
bottle 0.0093 350 143 366 201
bottle 0.0084 88 160 97 180
bottle 0.0083 410 92 427 140
bottle 0.0080 342 51 363 143
bottle 0.0080 254 5 314 50
bottle 0.0077 340 55 358 110
bottle 0.0070 376 45 406 76
bottle 0.0065 0 164 8 257
bottle 0.0063 332 151 350 209
bottle 0.0062 281 32 304 81
bottle 0.0062 337 56 344 93
bottle 0.0062 357 89 426 154
bottle 0.0060 292 51 311 97
bottle 0.0060 353 58 367 108
bottle 0.0056 354 48 365 68
bottle 0.0056 313 81 326 131
bottle 0.0043 386 49 398 83
bottle 0.0040 28 158 37 187
bottle 0.0040 93 154 105 177
bottle 0.0034 321 47 346 107
bottle 0.0034 344 48 357 67
bottle 0.0033 86 153 100 188
bottle 0.0031 261 15 324 67
bottle 0.0029 335 57 348 110
bottle 0.0028 345 57 354 92
bottle 0.0027 310 99 317 131
bottle 0.0026 285 48 321 86
bottle 0.0026 3 158 8 187
bottle 0.0024 384 48 400 69
bottle 0.0022 309 91 316 120
bottle 0.0021 409 117 428 167
bottle 0.0021 341 96 362 185
bottle 0.0020 271 4 313 35
bottle 0.0020 390 63 402 103
bottle 0.0019 334 99 349 149
bottle 0.0019 369 47 391 86
bottle 0.0019 7 162 16 182
bottle 0.0018 334 48 347 67
bottle 0.0018 316 102 323 130
bottle 0.0018 306 57 321 113
bottle 0.0017 363 49 371 86
bottle 0.0017 390 48 402 83
bottle 0.0016 307 122 321 184
bottle 0.0016 393 71 400 97
bottle 0.0016 404 85 417 145
bottle 0.0016 315 47 325 71
bottle 0.0016 321 98 337 151
bottle 0.0015 273 9 298 48
bottle 0.0015 263 40 332 79
bottle 0.0015 323 98 344 182
bottle 0.0014 290 35 314 81
bottle 0.0014 17 173 31 246
bottle 0.0013 358 78 393 163
bottle 0.0013 342 107 358 160
bottle 0.0013 341 149 358 210
bottle 0.0013 285 51 304 96
bottle 0.0012 307 60 337 89
bottle 0.0012 275 19 296 73
bottle 0.0011 384 63 398 103
bottle 0.0010 316 92 323 119
chair 0.0089 374 31 500 386
chair 0.0041 0 273 24 386
chair 0.0015 1 285 42 375
chair 0.0010 115 42 336 376
dog 0.0012 383 42 402 90
person 0.9999 126 27 346 372
person 0.9990 370 14 501 374
person 0.0030 477 -21 499 407
person 0.0015 479 8 499 151
person 0.0013 445 -11 503 213
person 0.0012 2 140 10 225
person 0.0011 490 -3 498 355
sofa 0.0021 104 31 342 386
