bottle 0.0014 375 220 385 276
chair 0.7722 232 144 328 282
chair 0.7213 319 118 388 273
chair 0.1467 253 140 373 292
chair 0.0272 346 126 463 341
chair 0.0253 337 132 404 294
chair 0.0061 303 117 430 325
chair 0.0046 349 125 392 223
chair 0.0038 218 114 272 285
chair 0.0030 372 193 489 323
chair 0.0021 471 167 501 254
chair 0.0014 335 120 382 201
chair 0.0010 442 179 500 242
diningtable 0.0569 253 140 373 292
dog 0.0011 468 156 501 234
person 0.4077 468 156 501 234
person 0.3064 361 159 456 342
person 0.0181 478 169 501 297
person 0.0073 455 176 502 245
person 0.0054 442 156 503 274
person 0.0052 468 137 502 331
person 0.0037 490 177 499 244
person 0.0032 475 111 499 204
person 0.0026 408 186 505 324
person 0.0020 473 190 501 229
person 0.0013 491 134 499 231
person 0.0011 448 123 501 236
pottedplant 0.0758 295 66 330 170
pottedplant 0.0312 439 189 501 322
pottedplant 0.0227 280 70 319 164
pottedplant 0.0216 449 234 499 310
pottedplant 0.0130 480 186 500 320
pottedplant 0.0037 268 41 328 165
pottedplant 0.0022 467 160 502 343
pottedplant 0.0020 372 193 489 323
pottedplant 0.0016 481 240 499 339
pottedplant 0.0015 287 61 338 208
pottedplant 0.0014 266 84 305 151
pottedplant 0.0010 261 72 335 137
sofa 0.0042 372 193 489 323
sofa 0.0023 233 144 348 291
sofa 0.0015 346 126 463 341
