bus 0.0086 117 264 244 352
bus 0.0026 12 264 53 290
bus 0.0016 210 258 396 346
car 0.9989 221 258 408 346
car 0.9635 0 283 133 369
car 0.1282 12 264 53 290
car 0.0476 44 240 79 262
car 0.0440 117 264 244 352
car 0.0199 2 268 95 317
car 0.0147 -4 225 36 253
car 0.0108 -1 265 30 329
car 0.0102 49 242 72 256
car 0.0102 8 253 88 295
car 0.0098 20 239 67 261
car 0.0090 13 270 33 286
car 0.0086 43 266 83 290
car 0.0064 5 258 47 285
car 0.0056 42 274 85 298
car 0.0050 -6 235 38 260
car 0.0046 144 265 223 332
car 0.0045 43 243 96 271
car 0.0044 80 234 98 247
car 0.0042 11 237 84 274
car 0.0037 19 257 64 283
car 0.0033 4 272 44 300
car 0.0032 4 277 44 343
car 0.0027 22 271 62 300
car 0.0023 77 235 89 247
car 0.0022 0 216 11 264
car 0.0020 4 282 22 331
car 0.0019 48 251 74 283
car 0.0018 0 265 10 331
car 0.0018 59 238 102 260
car 0.0016 22 270 41 286
car 0.0016 -4 138 35 169
car 0.0016 -2 218 61 258
car 0.0015 73 230 107 250
car 0.0015 0 228 8 252
car 0.0014 0 237 7 260
car 0.0014 1 217 41 246
car 0.0012 9 270 20 285
car 0.0012 20 230 66 254
car 0.0011 75 241 90 254
car 0.0010 -1 128 9 179
car 0.0010 51 249 70 265
person 0.0011 -1 254 10 322
train 0.0011 12 264 53 290
