bicycle 0.0041 34 73 396 384
bottle 0.1560 418 248 440 337
bottle 0.0243 412 258 425 321
bottle 0.0135 5 86 43 152
bottle 0.0060 3 99 43 132
bottle 0.0018 407 252 433 333
bottle 0.0017 2 74 25 163
bottle 0.0016 428 257 443 320
bottle 0.0013 417 261 433 317
bottle 0.0011 0 79 6 151
bottle 0.0010 403 245 461 377
chair 0.9928 24 115 247 362
chair 0.4007 34 73 396 384
chair 0.0563 127 154 388 368
chair 0.0042 183 205 459 372
chair 0.0020 108 16 465 309
chair 0.0013 -5 85 107 365
chair 0.0011 360 253 502 376
diningtable 0.3426 362 278 502 378
diningtable 0.0162 -8 133 358 366
diningtable 0.0034 14 116 201 357
diningtable 0.0029 108 16 465 309
diningtable 0.0020 183 205 459 372
diningtable 0.0012 311 224 511 374
horse 0.0024 360 253 502 376
person 0.9980 117 19 456 365
person 0.9859 183 163 394 368
person 0.0721 1 28 63 401
person 0.0148 63 146 355 361
person 0.0061 485 131 498 338
person 0.0039 0 58 27 407
person 0.0025 -5 85 107 365
person 0.0022 474 91 499 374
person 0.0022 377 65 500 386
person 0.0010 0 57 9 376
pottedplant 0.0012 25 135 306 363
sofa 0.0042 83 41 428 397
sofa 0.0013 25 135 306 363
tvmonitor 0.0010 83 41 428 397
