aeroplane 0.0010 111 -18 480 302
bicycle 0.0029 111 -18 480 302
bird 0.0056 5 1 128 245
bottle 0.0822 5 1 128 245
bus 0.1956 5 1 128 245
bus 0.0012 113 210 189 286
car 0.0033 113 210 189 286
car 0.0010 166 312 204 336
chair 0.0010 151 -19 490 305
diningtable 0.0011 151 -19 490 305
dog 0.0017 151 -19 490 305
horse 0.0063 111 -18 480 302
horse 0.0010 113 210 189 286
motorbike 0.0025 111 -18 480 302
person 0.9998 158 -2 478 347
person 0.9485 126 213 199 286
person 0.0173 166 312 204 336
person 0.0060 143 217 189 311
person 0.0051 3 0 172 249
person 0.0033 23 300 47 331
person 0.0028 127 206 171 270
person 0.0028 114 227 232 312
person 0.0025 0 198 22 309
person 0.0024 0 171 27 256
person 0.0017 141 201 256 299
person 0.0016 40 229 81 266
person 0.0016 31 179 71 248
person 0.0014 71 171 196 259
person 0.0013 109 205 193 331
person 0.0013 0 183 6 255
sheep 0.0010 111 -18 480 302
tvmonitor 0.0433 5 1 128 245
tvmonitor 0.0016 113 210 189 286
