bottle 0.0406 471 312 485 451
bottle 0.0296 414 332 478 471
bottle 0.0073 473 349 487 482
bottle 0.0052 471 360 484 428
bottle 0.0049 479 346 486 442
bottle 0.0029 447 333 478 432
bottle 0.0028 435 258 482 464
bottle 0.0017 469 347 483 407
bottle 0.0016 428 336 467 433
bottle 0.0011 474 249 486 438
bus 0.0010 -12 53 220 452
chair 0.0086 2 120 201 477
chair 0.0011 481 290 487 404
diningtable 0.0023 393 436 490 479
diningtable 0.0011 -4 74 207 431
person 0.9999 159 0 480 482
person 0.9997 2 90 202 467
person 0.0032 0 147 17 273
person 0.0017 0 172 6 261
tvmonitor 0.0011 474 249 486 438
