bird 0.0016 108 49 147 84
bottle 0.0011 97 50 107 66
bus 0.0010 350 33 425 120
car 0.0013 349 28 426 135
chair 0.9999 180 69 338 302
chair 0.0015 345 18 410 122
pottedplant 0.3580 96 42 155 88
pottedplant 0.0261 99 44 142 75
pottedplant 0.0226 108 54 148 91
pottedplant 0.0096 137 39 157 75
pottedplant 0.0060 98 44 119 74
pottedplant 0.0055 158 39 176 71
pottedplant 0.0029 161 45 173 66
pottedplant 0.0028 140 42 158 56
pottedplant 0.0027 131 38 166 63
pottedplant 0.0026 97 50 107 66
pottedplant 0.0021 133 43 147 54
pottedplant 0.0018 149 32 167 67
pottedplant 0.0016 101 49 116 66
pottedplant 0.0015 140 47 155 64
pottedplant 0.0014 153 40 164 58
pottedplant 0.0011 126 48 150 85
tvmonitor 0.9903 346 29 412 130
tvmonitor 0.0038 382 23 441 145
tvmonitor 0.0036 344 30 380 125
tvmonitor 0.0022 393 91 425 158
tvmonitor 0.0015 108 49 147 84
