bicycle 0.0010 38 380 73 417
bus 0.9997 119 193 287 473
bus 0.0376 295 325 326 390
bus 0.0221 295 349 316 390
bus 0.0088 306 338 323 382
bus 0.0037 290 338 325 367
bus 0.0036 316 334 328 386
bus 0.0036 314 316 333 399
bus 0.0028 290 365 321 388
bus 0.0019 289 337 304 386
bus 0.0017 282 323 308 393
bus 0.0017 297 369 313 385
bus 0.0016 280 350 295 391
bus 0.0014 297 343 331 377
bus 0.0012 133 243 269 409
car 0.0555 294 361 315 392
car 0.0466 297 369 313 385
car 0.0140 290 368 300 388
car 0.0128 289 355 323 387
car 0.0118 280 350 295 391
car 0.0111 288 360 304 395
car 0.0077 283 361 291 381
car 0.0075 283 367 292 389
car 0.0059 300 362 311 379
car 0.0047 310 370 320 385
car 0.0037 291 361 300 381
car 0.0034 299 335 326 402
car 0.0034 296 339 316 382
car 0.0025 311 361 318 378
car 0.0023 306 346 322 391
car 0.0021 38 380 73 417
car 0.0019 114 168 294 441
car 0.0015 320 369 326 390
car 0.0010 300 345 313 358
cow 0.0010 144 325 179 352
horse 0.0014 125 206 279 488
motorbike 0.0033 41 363 73 417
person 0.0783 144 325 179 352
person 0.0115 236 261 263 305
person 0.0079 319 365 329 413
person 0.0061 55 365 75 415
person 0.0052 241 342 254 363
person 0.0044 212 337 244 366
person 0.0035 322 374 327 402
person 0.0031 152 329 172 348
person 0.0026 151 320 186 348
person 0.0026 229 336 249 367
person 0.0022 320 369 326 390
person 0.0021 85 365 101 409
person 0.0018 104 353 120 407
person 0.0017 114 168 294 441
person 0.0015 232 342 246 362
person 0.0014 246 254 265 297
person 0.0013 96 353 112 407
person 0.0013 290 368 300 388
person 0.0013 78 355 92 406
person 0.0011 309 345 321 359
person 0.0011 296 339 316 382
person 0.0011 283 367 292 389
person 0.0010 319 373 331 440
train 0.0024 296 339 316 382
train 0.0016 290 338 325 367
train 0.0012 306 338 323 382
train 0.0011 294 361 315 392
