bottle 0.0782 478 199 495 304
bottle 0.0506 470 240 483 296
bottle 0.0326 479 229 491 291
bottle 0.0256 479 293 496 339
bottle 0.0247 489 280 497 352
bottle 0.0112 490 199 497 300
bottle 0.0110 3 177 8 204
bottle 0.0098 15 161 28 204
bottle 0.0095 1 157 10 209
bottle 0.0085 464 214 488 296
bottle 0.0074 8 180 18 200
bottle 0.0071 18 178 26 203
bottle 0.0063 5 166 22 201
bottle 0.0053 1 125 19 231
bottle 0.0049 479 236 496 347
bottle 0.0041 493 180 499 281
bottle 0.0022 0 153 19 280
bottle 0.0015 462 240 476 296
bottle 0.0015 476 247 490 303
bottle 0.0014 461 248 488 335
bottle 0.0014 378 219 415 295
bottle 0.0010 107 319 146 372
bottle 0.0010 491 298 497 336
chair 0.0243 0 193 21 314
chair 0.0112 179 101 396 318
chair 0.0060 0 199 50 384
chair 0.0040 32 139 228 373
chair 0.0033 0 153 19 280
chair 0.0029 329 217 477 301
chair 0.0019 6 202 36 308
chair 0.0015 -3 152 30 357
chair 0.0012 0 252 24 374
chair 0.0012 236 230 503 300
diningtable 0.2560 -38 302 541 378
diningtable 0.0388 0 231 506 375
diningtable 0.0166 236 230 503 300
diningtable 0.0116 89 268 565 344
diningtable 0.0054 329 217 477 301
diningtable 0.0025 179 101 396 318
diningtable 0.0021 0 177 20 296
dog 0.0015 329 217 477 301
horse 0.0015 179 101 396 318
person 0.9999 22 45 232 375
person 0.9999 186 60 388 304
person 0.0119 481 182 497 291
person 0.0022 485 109 499 285
person 0.0016 493 180 499 281
person 0.0013 0 153 19 280
person 0.0011 378 181 491 286
sheep 0.0017 186 43 388 289
