bus 0.0053 375 131 498 240
bus 0.0020 -2 154 17 193
bus 0.0014 -1 160 30 189
car 0.9999 102 68 384 325
car 0.7335 -1 160 30 189
car 0.1952 -2 154 17 193
car 0.0119 -1 161 13 185
car 0.0101 12 160 32 190
car 0.0075 101 142 137 165
car 0.0070 375 131 498 240
car 0.0058 15 166 31 182
car 0.0057 26 166 39 181
car 0.0035 23 158 41 190
car 0.0024 13 163 49 185
car 0.0023 108 147 129 161
car 0.0020 4 153 38 198
car 0.0017 3 168 22 191
car 0.0016 0 149 23 185
car 0.0013 410 214 461 244
car 0.0013 0 156 10 174
car 0.0011 0 168 11 193
motorbike 0.0023 0 161 25 197
motorbike 0.0017 -2 154 17 193
person 0.0022 113 54 371 277
person 0.0010 36 175 46 190
