bus 0.0018 64 197 84 227
car 0.1623 62 203 84 231
car 0.0126 66 202 81 222
car 0.0046 63 198 95 224
car 0.0024 72 208 87 224
car 0.0012 455 197 498 218
car 0.0010 86 201 96 220
car 0.0010 113 9 510 278
motorbike 0.0026 62 203 84 231
person 0.4413 111 194 126 227
person 0.1962 104 195 117 227
person 0.0361 94 196 109 226
person 0.0115 86 201 96 220
person 0.0093 120 191 133 229
person 0.0043 123 197 132 224
person 0.0037 104 196 134 225
person 0.0022 84 195 99 226
person 0.0022 73 203 86 220
person 0.0016 113 204 124 225
person 0.0013 85 198 115 222
person 0.0012 69 196 89 226
person 0.0012 62 203 84 231
sheep 0.0018 144 37 478 286
train 0.9999 104 24 479 293
