aeroplane 0.0020 19 111 92 209
bird 0.0037 19 111 92 209
bird 0.0012 377 107 419 262
bottle 0.0013 377 107 419 262
cat 0.0226 30 113 94 205
dog 0.9689 27 115 96 207
horse 0.0021 19 113 92 219
sheep 0.9952 417 73 493 263
sheep 0.9945 375 103 418 243
sheep 0.9941 300 79 379 257
sheep 0.0262 413 87 463 247
sheep 0.0078 19 111 92 209
sheep 0.0065 301 56 370 182
sheep 0.0052 301 66 365 126
sheep 0.0049 366 131 427 218
sheep 0.0046 351 93 411 251
sheep 0.0025 486 109 498 275
sheep 0.0013 492 113 498 224
train 0.0023 377 107 419 262
