car 0.9336 387 172 500 271
car 0.0787 389 204 486 260
car 0.0320 -2 216 32 242
car 0.0047 0 205 11 254
car 0.0044 0 217 9 243
car 0.0040 480 188 498 287
car 0.0032 431 206 504 266
car 0.0025 2 220 22 238
car 0.0023 429 169 503 224
car 0.0016 491 189 499 273
car 0.0012 0 197 24 271
person 0.0136 480 188 498 287
person 0.0124 491 189 499 273
person 0.0020 492 211 499 304
person 0.0018 393 227 427 284
person 0.0012 453 218 500 281
train 0.0662 -21 199 284 266
train 0.0068 -12 212 212 289
train 0.0033 69 194 347 250
