bicycle 0.0061 202 20 362 234
boat 0.0031 14 195 491 358
boat 0.0028 202 20 362 234
boat 0.0018 -6 55 150 272
bottle 0.0943 372 211 402 289
bottle 0.0016 176 277 265 313
bottle 0.0015 188 283 244 310
bottle 0.0011 369 218 405 259
cat 0.0355 202 20 362 234
chair 0.1151 115 64 173 182
chair 0.0483 202 20 362 234
chair 0.0089 8 58 161 269
chair 0.0061 185 177 279 250
chair 0.0048 0 128 16 265
chair 0.0027 411 106 502 294
chair 0.0025 0 145 8 220
chair 0.0011 0 150 5 251
cow 0.0014 -6 55 150 272
diningtable 0.9981 13 227 490 375
diningtable 0.0261 -6 55 150 272
diningtable 0.0078 81 219 424 317
diningtable 0.0048 202 20 362 234
diningtable 0.0042 33 284 387 375
horse 0.0012 202 20 362 234
person 0.9997 9 55 157 301
person 0.9978 205 29 363 250
person 0.4813 411 106 502 294
person 0.4156 160 165 276 259
person 0.0220 -20 184 452 362
person 0.0060 387 123 500 390
person 0.0051 393 -10 501 313
person 0.0044 333 243 485 374
person 0.0040 73 214 347 306
person 0.0037 0 128 14 303
person 0.0033 0 145 8 220
person 0.0024 438 150 498 394
person 0.0019 485 125 498 346
person 0.0019 472 100 499 407
person 0.0015 0 150 5 251
person 0.0015 0 97 16 221
person 0.0013 0 108 26 362
person 0.0010 173 202 274 254
pottedplant 0.0040 202 20 362 234
pottedplant 0.0010 -6 55 150 272
sofa 0.0041 202 20 362 234
sofa 0.0021 10 77 158 347
sofa 0.0010 14 195 491 358
tvmonitor 0.0010 202 20 362 234
tvmonitor 0.0010 0 136 8 211
