boat 0.0034 -1 232 67 246
boat 0.0031 57 181 107 199
boat 0.0020 186 216 307 360
boat 0.0013 1 192 8 208
boat 0.0013 353 183 405 200
bottle 0.0099 198 232 213 284
car 0.0010 359 188 380 197
person 0.9974 208 173 259 377
person 0.9967 151 174 212 366
person 0.9931 246 165 301 395
person 0.0164 198 232 213 284
person 0.0086 149 190 268 350
person 0.0078 222 201 253 343
person 0.0041 197 218 215 263
person 0.0026 192 205 217 300
person 0.0020 206 204 237 341
person 0.0015 217 185 257 277
person 0.0015 262 213 294 359
person 0.0015 193 222 205 278
person 0.0010 185 188 303 370
