bird 0.4450 249 70 314 131
bird 0.2369 275 63 319 136
bird 0.0614 206 170 277 226
bird 0.0290 257 47 330 154
bird 0.0216 240 166 278 228
bird 0.0156 224 154 351 244
bird 0.0116 251 87 296 117
bird 0.0107 240 167 316 226
bird 0.0065 221 179 294 237
bird 0.0032 245 79 286 147
bird 0.0031 246 81 287 108
bird 0.0028 232 175 277 204
bird 0.0018 292 75 328 156
bird 0.0016 258 90 302 174
bird 0.0011 260 84 286 121
bird 0.0010 279 138 319 215
bird 0.0010 250 185 339 239
bird 0.0010 256 56 300 115
sheep 0.0012 251 87 296 117
