boat 0.9998 55 27 454 321
bus 0.0047 68 19 482 337
car 0.0011 82 108 153 172
cow 0.0021 29 25 420 322
diningtable 0.0018 68 19 482 337
person 0.9643 77 105 140 171
person 0.4489 300 154 369 208
person 0.1660 255 144 294 202
person 0.1109 233 139 292 191
person 0.0905 317 162 386 220
person 0.0198 299 154 342 228
person 0.0191 317 164 363 198
person 0.0183 312 154 352 193
person 0.0106 244 141 268 184
person 0.0096 275 132 386 242
person 0.0083 257 149 339 204
person 0.0077 350 167 388 219
person 0.0059 53 88 148 181
person 0.0040 249 151 277 192
person 0.0037 272 164 293 199
person 0.0037 166 141 188 167
person 0.0024 301 163 346 197
person 0.0021 301 149 373 277
person 0.0019 79 115 124 152
person 0.0018 191 152 203 169
person 0.0016 243 141 283 170
person 0.0014 243 163 286 196
person 0.0014 260 144 287 184
person 0.0013 261 142 342 253
person 0.0012 253 67 400 309
person 0.0010 263 153 299 193
person 0.0010 245 140 308 250
