bicycle 0.0028 204 125 496 333
bottle 0.0018 179 76 466 325
car 0.0083 328 2 462 36
car 0.0065 490 109 499 178
car 0.0051 492 142 500 164
car 0.0025 10 59 267 272
car 0.0024 179 76 466 325
car 0.0014 493 75 498 98
car 0.0013 479 94 497 180
car 0.0013 443 -1 485 21
car 0.0010 251 10 494 70
horse 0.0039 10 59 267 272
horse 0.0031 179 76 466 325
motorbike 0.9997 23 72 255 295
motorbike 0.9991 181 115 471 335
motorbike 0.0022 479 94 497 180
motorbike 0.0011 490 109 499 178
person 0.0087 481 69 498 167
person 0.0045 491 91 499 177
person 0.0033 204 125 496 333
person 0.0026 492 142 500 164
person 0.0020 493 75 498 98
person 0.0013 493 48 499 162
train 0.0021 27 77 243 341
train 0.0014 179 76 466 325
