aeroplane 0.0011 26 -60 481 324
bicycle 0.0011 37 49 527 325
bird 0.0161 251 116 313 166
bird 0.0019 258 126 287 165
bottle 0.0013 116 -30 506 350
bus 0.0011 -1 -1 25 67
car 0.9988 20 -1 488 335
car 0.6641 -1 -1 25 67
car 0.0151 224 82 345 175
car 0.0093 0 -3 10 68
car 0.0030 3 16 19 68
car 0.0020 2 -1 20 49
car 0.0019 7 2 86 67
car 0.0015 1 18 10 82
cat 0.1712 251 116 313 166
chair 0.0371 47 -62 520 325
chair 0.0010 256 113 327 168
diningtable 0.0031 37 49 527 325
dog 0.5849 251 116 313 166
dog 0.0182 224 82 345 175
dog 0.0110 116 -30 506 350
dog 0.0019 258 126 287 165
motorbike 0.0022 37 49 527 325
person 0.0075 116 -30 506 350
person 0.0067 256 113 327 168
person 0.0010 224 82 345 175
pottedplant 0.0047 26 -60 481 324
sheep 0.0068 258 119 328 171
sofa 0.0760 47 -62 520 325
