bird 0.0057 309 157 329 176
bird 0.0033 306 153 332 182
bottle 0.0043 307 152 330 183
bottle 0.0038 65 -2 82 36
bottle 0.0016 93 -1 108 37
bottle 0.0014 112 -4 129 41
bottle 0.0013 47 1 56 24
cat 0.0041 307 152 330 183
chair 0.9428 0 169 129 377
chair 0.9247 71 154 146 319
chair 0.9207 256 168 379 265
chair 0.8286 355 166 423 225
chair 0.4734 138 168 267 363
chair 0.0464 74 180 195 350
chair 0.0321 131 169 198 345
chair 0.0112 380 144 496 377
chair 0.0089 55 152 125 359
chair 0.0060 347 156 464 239
chair 0.0038 247 137 310 262
chair 0.0035 292 154 421 245
chair 0.0031 277 170 385 229
chair 0.0027 72 202 146 270
chair 0.0026 307 152 329 190
chair 0.0019 143 177 186 257
chair 0.0014 242 171 485 366
diningtable 0.7863 49 176 220 363
diningtable 0.0101 0 169 129 377
diningtable 0.0063 115 187 238 352
diningtable 0.0030 70 171 147 370
diningtable 0.0012 101 158 188 354
diningtable 0.0011 342 165 419 224
dog 0.0010 307 152 330 183
person 0.0026 0 169 129 377
pottedplant 0.4346 307 152 329 190
pottedplant 0.0337 309 157 329 176
pottedplant 0.0151 285 152 351 203
pottedplant 0.0085 300 137 335 193
pottedplant 0.0070 269 167 365 233
pottedplant 0.0028 308 160 322 182
pottedplant 0.0022 340 156 419 216
pottedplant 0.0017 356 87 388 195
pottedplant 0.0011 293 165 333 197
pottedplant 0.0010 5 177 120 371
sofa 0.0025 0 169 129 377
sofa 0.0013 247 169 361 267
tvmonitor 0.0049 307 152 329 190
tvmonitor 0.0029 309 157 329 176
