boat 0.0064 53 145 455 364
bottle 0.1398 135 191 157 284
bottle 0.0166 35 316 63 374
bottle 0.0164 116 183 144 254
bottle 0.0157 145 201 168 301
bottle 0.0067 128 178 151 266
bottle 0.0053 143 209 159 267
bottle 0.0011 271 221 293 258
bottle 0.0010 41 330 60 376
bottle 0.0010 44 286 65 332
chair 0.0145 247 72 320 152
cow 0.0083 53 145 455 364
diningtable 0.3552 53 145 455 364
diningtable 0.0017 59 183 291 288
diningtable 0.0014 47 135 304 327
horse 0.0037 53 145 455 364
person 0.9998 205 124 439 375
person 0.9940 342 62 398 209
person 0.9917 173 73 234 176
person 0.9290 120 71 198 214
person 0.9188 246 65 323 147
person 0.8778 381 72 456 250
person 0.4490 7 120 124 265
person 0.3992 403 117 494 384
person 0.3229 -4 150 93 312
person 0.2235 54 82 149 243
person 0.0680 143 69 222 203
person 0.0291 387 93 467 338
person 0.0167 206 53 267 153
person 0.0124 367 77 420 274
person 0.0118 40 302 223 373
person 0.0056 200 70 246 143
person 0.0023 2 128 22 229
person 0.0021 179 74 228 138
person 0.0020 0 122 6 222
person 0.0020 489 137 499 370
person 0.0015 1 132 65 265
person 0.0013 440 168 495 408
person 0.0012 473 85 501 421
person 0.0011 259 57 369 167
person 0.0011 194 61 304 159
person 0.0010 379 100 407 215
person 0.0010 494 187 499 310
sofa 0.0019 117 127 460 371
