aeroplane 0.0014 56 -8 532 349
bicycle 0.0104 215 1 306 45
bicycle 0.0013 56 -8 532 349
bicycle 0.0012 201 8 286 67
bicycle 0.0011 183 6 318 89
bicycle 0.0010 41 30 250 330
bottle 0.0066 209 -31 496 370
bus 0.0031 209 -31 496 370
car 0.8639 154 -19 505 358
dog 0.0014 209 -31 496 370
motorbike 0.0994 161 27 500 353
motorbike 0.0026 35 37 163 132
motorbike 0.0019 62 29 257 332
motorbike 0.0013 215 1 306 45
person 0.9992 49 39 241 338
person 0.0021 198 71 217 116
person 0.0015 206 70 224 116
train 0.0031 56 -8 532 349
