aeroplane 0.0027 305 99 403 145
bicycle 0.0102 355 84 367 101
bicycle 0.0023 363 85 374 102
boat 0.0074 305 99 403 145
boat 0.0013 286 112 389 154
boat 0.0011 283 86 441 152
bottle 0.0026 355 84 367 101
bottle 0.0017 363 85 374 102
bus 0.0958 215 88 256 156
bus 0.0083 283 86 441 152
bus 0.0026 366 81 509 159
bus 0.0024 306 111 403 154
bus 0.0015 152 156 323 223
bus 0.0010 249 105 414 174
car 0.7674 147 156 266 212
car 0.1997 215 88 256 156
car 0.0283 305 99 403 145
car 0.0279 211 161 309 200
car 0.0129 299 66 346 89
car 0.0099 259 186 328 245
car 0.0081 311 73 352 101
car 0.0073 470 176 502 207
car 0.0065 50 154 159 193
car 0.0064 236 168 318 218
car 0.0058 148 171 340 249
car 0.0056 249 169 296 198
car 0.0053 9 151 80 201
car 0.0048 286 94 350 144
car 0.0045 26 148 244 211
car 0.0037 185 158 376 222
car 0.0036 488 164 498 219
car 0.0031 0 138 22 216
car 0.0031 355 84 367 101
car 0.0028 311 84 350 109
car 0.0026 28 151 60 203
car 0.0025 382 119 439 168
car 0.0022 0 156 10 207
car 0.0022 306 92 339 116
car 0.0019 213 110 259 138
car 0.0018 134 128 300 198
car 0.0017 253 152 339 199
car 0.0017 260 179 305 203
car 0.0017 215 127 255 161
car 0.0016 6 148 47 204
car 0.0014 1 165 23 198
car 0.0013 312 115 430 156
car 0.0011 1 167 7 198
car 0.0011 319 67 360 90
car 0.0011 493 136 500 211
car 0.0011 210 160 260 185
car 0.0011 480 142 498 218
car 0.0010 286 112 389 154
car 0.0010 10 123 258 191
chair 0.0023 355 84 367 101
chair 0.0012 0 232 7 305
chair 0.0012 363 85 374 102
cow 0.0027 355 84 367 101
cow 0.0014 363 85 374 102
dog 0.0015 355 84 367 101
horse 0.0034 355 84 367 101
horse 0.0011 363 85 374 102
horse 0.0011 283 95 303 149
motorbike 0.0064 355 84 367 101
motorbike 0.0029 475 174 497 209
motorbike 0.0019 291 97 381 143
motorbike 0.0019 488 164 498 219
motorbike 0.0016 379 124 419 166
motorbike 0.0015 363 85 374 102
motorbike 0.0015 283 95 303 149
motorbike 0.0012 309 92 351 115
motorbike 0.0011 388 165 406 236
person 0.7462 383 167 411 228
person 0.5327 283 95 303 149
person 0.4301 309 143 336 207
person 0.2453 355 84 367 101
person 0.1831 391 116 427 171
person 0.1417 311 89 334 118
person 0.0998 429 115 443 172
person 0.0799 363 85 374 102
person 0.0749 419 113 438 174
person 0.0725 296 90 331 148
person 0.0683 314 133 334 180
person 0.0539 351 76 369 101
person 0.0384 379 124 419 166
person 0.0322 475 174 497 209
person 0.0304 379 132 402 169
person 0.0300 291 94 310 139
person 0.0284 286 94 350 144
person 0.0267 313 94 331 111
person 0.0265 311 84 350 109
person 0.0202 315 88 330 106
person 0.0191 279 94 292 139
person 0.0186 371 86 385 101
person 0.0177 307 96 320 113
person 0.0163 313 163 332 213
person 0.0155 320 140 335 187
person 0.0151 323 95 337 109
person 0.0136 396 128 419 172
person 0.0130 324 89 337 105
person 0.0119 302 94 322 134
person 0.0093 488 164 498 219
person 0.0093 347 87 357 100
person 0.0086 301 95 343 131
person 0.0086 270 91 294 149
person 0.0085 320 73 360 99
person 0.0083 409 111 427 160
person 0.0065 282 103 321 143
person 0.0064 28 151 60 203
person 0.0063 307 152 324 194
person 0.0062 283 91 301 126
person 0.0061 278 98 288 115
person 0.0060 417 108 437 146
person 0.0056 347 78 357 97
person 0.0055 294 94 332 118
person 0.0044 492 81 497 167
person 0.0044 343 72 361 101
person 0.0044 344 84 376 102
person 0.0039 280 102 289 124
person 0.0037 432 121 441 147
person 0.0037 470 175 488 210
person 0.0036 215 88 256 156
person 0.0034 313 135 344 192
person 0.0033 334 77 348 93
person 0.0030 318 95 340 131
person 0.0029 303 170 331 252
person 0.0028 393 118 465 165
person 0.0027 334 87 346 101
person 0.0027 367 81 388 104
person 0.0024 386 130 409 171
person 0.0024 428 108 444 147
person 0.0023 412 114 424 133
person 0.0022 285 97 298 115
person 0.0022 333 71 348 84
person 0.0022 268 98 280 111
person 0.0022 478 180 492 202
person 0.0021 305 69 319 83
person 0.0020 312 105 333 141
person 0.0020 406 130 428 170
person 0.0020 325 143 333 163
person 0.0020 389 162 408 208
person 0.0019 432 116 441 135
person 0.0018 308 66 354 90
person 0.0018 388 116 412 157
person 0.0018 309 161 320 183
person 0.0017 468 136 480 146
person 0.0016 385 77 391 96
person 0.0016 329 80 350 107
person 0.0015 398 165 411 223
person 0.0015 384 85 392 102
person 0.0015 286 112 389 154
person 0.0015 437 116 452 153
person 0.0014 303 74 343 100
person 0.0014 441 132 448 152
person 0.0014 441 124 449 147
person 0.0013 421 115 434 134
person 0.0013 292 82 381 118
person 0.0013 330 65 351 93
person 0.0012 494 117 497 151
person 0.0012 315 115 333 153
person 0.0011 490 179 498 204
person 0.0011 316 94 364 113
person 0.0011 320 123 336 166
person 0.0011 359 76 377 101
person 0.0011 317 142 330 163
person 0.0011 324 150 333 173
person 0.0011 332 97 346 107
person 0.0011 401 117 416 132
person 0.0010 314 81 328 92
person 0.0010 303 64 323 90
pottedplant 0.0021 0 232 7 305
train 0.0050 306 111 403 154
tvmonitor 0.0041 0 232 7 305
tvmonitor 0.0020 215 88 256 156
