bicycle 0.0028 278 163 359 306
bicycle 0.0014 200 179 233 290
bicycle 0.0011 313 155 351 182
bottle 0.0042 467 275 485 317
bottle 0.0011 418 220 435 260
car 0.0036 200 179 233 290
car 0.0033 301 159 373 229
car 0.0033 145 106 208 296
car 0.0024 42 231 82 263
car 0.0022 359 163 428 231
car 0.0019 272 184 359 306
car 0.0016 307 149 368 200
car 0.0013 321 159 359 182
chair 0.0402 384 263 478 321
chair 0.0028 434 225 481 314
diningtable 0.0019 356 248 476 324
horse 0.0017 151 129 204 325
horse 0.0013 157 105 191 137
horse 0.0011 318 143 340 179
motorbike 0.6491 223 168 355 307
motorbike 0.2535 151 129 204 325
motorbike 0.0896 283 151 354 280
motorbike 0.0867 213 150 272 308
motorbike 0.0472 234 132 312 327
motorbike 0.0421 200 179 233 290
motorbike 0.0279 76 138 139 323
motorbike 0.0136 304 147 371 250
motorbike 0.0129 202 130 243 298
motorbike 0.0098 176 150 231 315
motorbike 0.0096 88 193 153 307
motorbike 0.0064 105 197 145 270
motorbike 0.0041 287 183 375 308
motorbike 0.0037 318 154 358 233
motorbike 0.0036 292 169 335 255
motorbike 0.0033 334 165 373 254
motorbike 0.0023 257 124 388 311
motorbike 0.0017 318 143 340 179
motorbike 0.0016 192 200 224 303
motorbike 0.0014 313 155 351 182
motorbike 0.0013 152 105 188 137
motorbike 0.0010 346 154 409 269
motorbike 0.0010 359 173 425 248
person 0.9939 149 116 205 316
person 0.9809 223 121 294 310
person 0.9721 68 92 142 301
person 0.9680 204 115 235 192
person 0.5984 397 164 427 230
person 0.5488 14 99 68 219
person 0.4359 431 170 459 227
person 0.3913 113 89 148 157
person 0.3607 416 168 448 227
person 0.2764 268 129 298 186
person 0.1789 358 157 392 237
person 0.1762 374 161 413 236
person 0.1656 318 143 340 179
person 0.1330 157 105 191 137
person 0.1228 13 106 47 176
person 0.1038 360 160 423 264
person 0.0869 1 105 21 142
person 0.0789 337 152 375 236
person 0.0755 352 136 372 170
person 0.0730 214 118 266 277
person 0.0702 0 112 22 241
person 0.0664 95 92 145 261
person 0.0610 447 220 487 314
person 0.0571 2 114 52 270
person 0.0540 25 104 60 179
person 0.0521 1 97 13 149
person 0.0499 428 170 451 214
person 0.0462 253 118 302 274
person 0.0306 275 135 307 213
person 0.0305 -1 99 31 289
person 0.0285 346 146 378 174
person 0.0280 268 131 298 253
person 0.0272 320 146 355 203
person 0.0270 149 107 182 165
person 0.0258 206 132 236 252
person 0.0256 437 218 478 290
person 0.0253 313 155 351 182
person 0.0239 0 103 24 175
person 0.0221 112 98 147 209
person 0.0210 283 151 354 280
person 0.0189 304 147 371 250
person 0.0186 159 107 196 167
person 0.0180 446 217 470 258
person 0.0177 220 119 250 191
person 0.0173 22 104 48 141
person 0.0173 342 154 381 185
person 0.0169 394 163 420 200
person 0.0158 317 160 330 178
person 0.0139 355 151 386 210
person 0.0130 269 127 325 261
person 0.0122 2 108 9 137
person 0.0113 379 165 444 227
person 0.0111 0 104 11 179
person 0.0107 212 117 235 166
person 0.0104 416 235 488 310
person 0.0103 318 159 388 229
person 0.0091 266 130 286 173
person 0.0090 354 149 370 169
person 0.0077 341 161 410 231
person 0.0076 71 94 105 181
person 0.0073 242 121 276 187
person 0.0069 315 155 334 184
person 0.0063 320 164 362 194
person 0.0060 280 131 298 174
person 0.0059 61 84 116 232
person 0.0059 323 159 337 176
person 0.0058 436 198 468 272
person 0.0056 359 151 375 170
person 0.0055 129 105 149 160
person 0.0049 231 118 261 150
person 0.0047 219 128 249 261
person 0.0044 5 111 19 132
person 0.0041 389 166 411 196
person 0.0039 355 141 368 164
person 0.0039 295 156 334 234
person 0.0038 192 115 222 192
person 0.0037 274 144 294 192
person 0.0035 34 110 47 151
person 0.0034 480 171 498 297
person 0.0034 87 89 123 152
person 0.0033 282 167 317 256
person 0.0032 347 162 374 197
person 0.0032 322 144 338 160
person 0.0031 45 114 76 199
person 0.0028 360 167 381 211
person 0.0028 143 103 212 214
person 0.0028 224 147 344 283
person 0.0027 445 177 460 219
person 0.0025 0 119 8 221
person 0.0024 99 99 156 167
person 0.0024 399 173 435 210
person 0.0020 368 193 411 266
person 0.0020 319 161 342 196
person 0.0020 391 171 408 189
person 0.0019 4 107 19 123
person 0.0019 318 149 360 177
person 0.0019 36 112 45 134
person 0.0019 302 145 334 205
person 0.0019 369 248 492 318
person 0.0018 425 185 451 227
pottedplant 0.0015 3 239 41 295
