aeroplane 0.0012 154 33 516 365
bicycle 0.0011 154 33 516 365
bottle 0.0014 6 5 196 315
bus 0.0071 165 31 501 395
car 0.0058 6 5 196 315
diningtable 0.0126 6 5 196 315
horse 0.0625 6 5 196 315
motorbike 0.0066 6 5 196 315
motorbike 0.0041 154 33 516 365
person 0.9975 3 27 205 395
person 0.9832 219 27 499 373
person 0.9661 237 196 290 323
person 0.2993 289 195 336 265
person 0.1065 267 187 334 287
person 0.0326 216 191 274 349
person 0.0278 89 28 231 364
person 0.0255 257 195 296 276
person 0.0194 280 192 322 250
person 0.0178 223 194 330 325
person 0.0115 293 193 333 226
person 0.0083 310 187 348 242
person 0.0044 206 157 315 372
person 0.0022 297 200 344 236
person 0.0015 270 51 455 269
person 0.0013 285 180 348 229
person 0.0011 228 213 261 327
train 0.0075 154 33 516 365
tvmonitor 0.0023 154 33 516 365
