bottle 0.0024 40 96 63 126
bottle 0.0011 48 138 160 268
chair 0.7323 48 91 158 279
chair 0.0029 36 31 165 224
diningtable 0.0019 36 120 152 249
person 0.9916 33 33 147 250
pottedplant 0.9838 337 8 395 141
pottedplant 0.4167 233 74 326 139
pottedplant 0.1310 336 77 396 133
pottedplant 0.0756 409 -1 424 116
pottedplant 0.0625 316 83 347 136
pottedplant 0.0329 415 40 424 103
pottedplant 0.0172 350 1 414 117
pottedplant 0.0130 158 34 254 129
pottedplant 0.0108 388 15 421 99
pottedplant 0.0077 322 45 351 139
pottedplant 0.0055 416 -2 424 79
pottedplant 0.0051 347 53 386 124
pottedplant 0.0038 409 49 422 95
pottedplant 0.0032 410 58 425 154
pottedplant 0.0029 416 80 425 142
pottedplant 0.0026 338 1 394 54
pottedplant 0.0023 221 80 251 139
pottedplant 0.0020 416 61 425 112
tvmonitor 0.0010 415 40 424 103
