bicycle 0.0097 0 307 12 382
bicycle 0.0019 3 314 17 374
bicycle 0.0015 244 293 262 332
car 0.0024 1 307 8 328
car 0.0015 0 307 12 382
car 0.0010 239 286 269 330
car 0.0010 202 287 216 329
chair 0.0018 0 320 10 385
cow 0.0011 0 306 13 369
dog 0.0034 0 307 12 382
dog 0.0011 242 285 264 327
horse 0.0056 0 307 12 382
horse 0.0051 242 285 264 327
horse 0.0019 202 287 216 329
motorbike 0.0067 0 307 12 382
motorbike 0.0037 242 285 264 327
motorbike 0.0013 3 314 17 374
motorbike 0.0011 202 287 216 329
person 0.9448 242 285 264 327
person 0.5234 0 306 13 369
person 0.3694 202 287 216 329
person 0.1375 3 313 17 362
person 0.1038 0 313 20 377
person 0.0372 0 320 10 385
person 0.0099 253 284 268 328
person 0.0090 1 307 8 328
person 0.0086 1 313 10 339
person 0.0045 -1 298 11 340
person 0.0042 209 291 217 325
person 0.0040 7 322 15 348
person 0.0029 241 293 255 333
person 0.0025 247 290 260 322
person 0.0024 205 300 212 329
person 0.0018 246 287 262 306
person 0.0014 243 302 251 326
person 0.0012 248 301 259 326
person 0.0011 192 291 222 325
person 0.0011 -13 319 23 356
person 0.0010 0 316 16 417
pottedplant 0.0012 0 320 10 385
