bird 0.0264 181 229 243 327
bird 0.0057 192 249 258 317
bird 0.0013 261 288 326 339
bird 0.0013 222 257 258 313
bottle 0.1364 184 217 243 318
bottle 0.0205 192 249 258 317
bottle 0.0073 222 257 258 313
bottle 0.0038 206 228 245 309
bottle 0.0020 190 200 256 257
bottle 0.0012 182 253 216 311
car 0.0020 26 87 319 436
cat 0.0112 87 195 304 436
chair 0.6732 26 87 319 436
chair 0.1789 69 189 273 439
diningtable 0.0041 27 169 315 460
dog 0.3241 87 195 304 436
dog 0.0556 184 217 243 318
dog 0.0029 192 249 258 317
horse 0.0013 56 169 336 460
person 0.9488 31 8 314 438
person 0.9294 73 168 268 420
person 0.0270 83 133 366 460
person 0.0100 187 217 257 317
person 0.0071 136 212 322 433
sheep 0.0018 184 217 243 318
sofa 0.0414 27 169 315 460
