bottle 0.0017 55 12 489 274
bus 0.9999 5 -3 496 317
bus 0.0040 488 160 499 220
bus 0.0021 478 206 498 254
bus 0.0018 480 170 497 212
bus 0.0012 489 179 499 239
bus 0.0012 12 223 35 268
car 0.7241 478 210 497 264
car 0.4512 12 223 35 268
car 0.0390 487 215 498 275
car 0.0254 488 160 499 220
car 0.0211 488 186 499 254
car 0.0166 15 221 48 257
car 0.0137 480 176 496 221
car 0.0133 7 224 26 269
car 0.0108 477 181 499 255
car 0.0049 476 219 507 256
car 0.0047 21 223 39 266
car 0.0037 491 188 497 212
car 0.0030 0 219 34 258
car 0.0028 491 178 497 204
car 0.0022 483 188 491 210
car 0.0020 16 232 30 259
car 0.0019 491 197 498 221
car 0.0015 18 218 74 274
car 0.0012 472 210 487 266
car 0.0012 4 218 52 274
car 0.0012 0 210 10 282
car 0.0012 483 179 492 202
car 0.0012 488 222 496 253
car 0.0010 481 220 493 254
car 0.0010 489 230 497 262
car 0.0010 481 154 500 239
horse 0.0035 61 42 484 331
motorbike 0.0024 12 223 35 268
motorbike 0.0022 484 208 498 266
person 0.0065 89 166 121 218
person 0.0025 2 -6 371 321
person 0.0024 484 208 498 266
person 0.0015 113 90 143 144
person 0.0015 12 223 35 268
person 0.0015 488 160 499 220
person 0.0014 488 186 499 254
train 0.0011 488 160 499 220
