bottle 0.0154 282 80 307 127
bottle 0.0010 290 89 312 130
car 0.0010 16 145 487 327
motorbike 0.0013 16 145 487 327
person 0.9079 16 145 487 327
person 0.8641 137 139 281 273
person 0.8135 48 118 305 293
person 0.2426 8 22 50 96
person 0.0985 12 34 78 93
person 0.0484 31 47 101 104
person 0.0306 28 41 66 107
person 0.0276 29 41 72 73
person 0.0120 51 49 93 82
person 0.0104 4 30 109 126
person 0.0087 2 15 25 102
person 0.0045 43 38 83 95
person 0.0033 133 183 198 246
person 0.0032 491 92 499 150
person 0.0030 0 12 9 99
person 0.0028 9 46 58 84
person 0.0023 23 31 64 64
person 0.0022 478 87 496 138
person 0.0012 478 44 497 157
person 0.0010 492 105 498 140
person 0.0010 4 28 21 83
sofa 0.0032 16 145 487 327
