aeroplane 0.0046 144 254 169 277
bird 0.3032 141 253 173 273
bird 0.0117 145 255 159 268
bus 0.0076 162 185 210 216
bus 0.0012 176 184 269 216
bus 0.0010 207 178 314 213
car 0.6130 162 185 210 216
car 0.0050 149 188 193 214
car 0.0047 202 188 248 211
car 0.0027 179 190 232 213
car 0.0024 173 197 218 218
car 0.0017 245 187 261 197
car 0.0015 249 191 299 213
car 0.0015 238 187 253 198
car 0.0013 169 183 218 206
car 0.0013 210 183 259 203
car 0.0012 232 189 278 210
car 0.0011 157 197 200 217
car 0.0011 269 189 316 213
cat 0.0090 141 253 173 273
cow 0.0014 76 206 86 216
dog 0.0172 141 253 173 273
motorbike 0.0020 155 185 205 216
person 0.0115 154 203 164 215
person 0.0057 159 202 174 215
person 0.0050 134 208 144 217
person 0.0041 115 207 123 218
person 0.0019 426 194 433 207
person 0.0015 76 206 86 216
person 0.0013 155 185 205 216
pottedplant 0.0066 141 253 173 273
sheep 0.0100 144 254 169 277
sheep 0.0015 76 206 86 216
train 0.0045 155 185 205 216
train 0.0014 185 181 294 214
