bottle 0.0063 224 201 263 267
bottle 0.0013 232 210 257 250
bottle 0.0011 242 206 264 253
chair 0.9543 323 190 395 357
chair 0.6000 377 236 492 377
chair 0.0896 416 165 488 306
chair 0.0862 217 230 350 375
chair 0.0713 477 168 499 267
chair 0.0597 198 182 328 333
chair 0.0541 167 222 234 282
chair 0.0526 414 170 492 227
chair 0.0276 79 273 314 375
chair 0.0223 434 213 497 373
chair 0.0206 357 223 427 362
chair 0.0147 371 194 457 358
chair 0.0134 224 201 263 267
chair 0.0120 452 175 496 259
chair 0.0095 314 202 497 370
chair 0.0065 186 208 256 272
chair 0.0060 429 173 480 257
chair 0.0048 406 296 500 367
chair 0.0030 490 174 499 248
chair 0.0029 339 240 407 371
chair 0.0025 308 206 373 376
chair 0.0024 456 221 493 321
chair 0.0022 478 203 497 342
chair 0.0019 160 190 277 276
chair 0.0018 492 150 499 231
chair 0.0018 323 198 390 272
chair 0.0015 478 192 496 249
chair 0.0013 274 204 357 381
chair 0.0013 373 235 409 350
chair 0.0013 337 217 376 327
diningtable 0.9886 61 259 307 376
diningtable 0.8877 316 177 487 373
diningtable 0.0141 330 195 407 353
diningtable 0.0067 382 173 504 288
diningtable 0.0028 198 182 328 333
diningtable 0.0022 477 168 499 267
diningtable 0.0021 348 180 438 337
diningtable 0.0017 385 213 484 378
diningtable 0.0016 430 168 500 227
diningtable 0.0011 415 176 491 251
person 0.9244 214 166 348 370
person 0.7532 206 66 264 219
person 0.0291 203 81 238 205
person 0.0277 192 176 312 291
person 0.0057 367 169 495 379
person 0.0054 220 155 292 279
person 0.0036 219 82 255 202
person 0.0018 231 181 274 259
person 0.0017 208 193 279 249
person 0.0015 205 59 236 145
