bus 0.0018 327 46 457 78
car 0.0032 306 48 444 78
chair 0.9769 436 210 501 370
chair 0.0052 478 212 498 371
chair 0.0049 10 120 159 378
chair 0.0014 328 147 468 365
chair 0.0014 452 235 494 347
diningtable 0.0013 420 206 498 372
horse 0.0018 10 120 159 378
person 0.9998 9 62 155 365
person 0.9991 138 11 267 381
person 0.9896 320 55 433 370
person 0.9299 248 69 335 379
person 0.1204 400 67 420 105
person 0.0805 412 77 446 162
person 0.0521 399 68 427 132
person 0.0375 488 50 500 100
person 0.0301 456 63 494 90
person 0.0282 475 56 498 94
person 0.0264 400 65 434 93
person 0.0171 449 43 494 201
person 0.0143 410 67 456 205
person 0.0122 381 67 416 134
person 0.0108 403 71 450 100
person 0.0091 389 73 411 119
person 0.0081 455 63 493 138
person 0.0074 318 51 391 183
person 0.0070 492 19 501 99
person 0.0068 400 76 416 131
person 0.0064 180 64 317 369
person 0.0052 420 69 433 83
person 0.0050 408 69 426 85
person 0.0046 1 112 21 241
person 0.0043 0 137 13 332
person 0.0043 458 69 477 86
person 0.0042 466 68 483 87
person 0.0038 448 69 485 97
person 0.0037 414 67 460 88
person 0.0035 402 72 460 127
person 0.0035 401 67 418 85
person 0.0034 491 60 499 91
person 0.0030 395 63 467 103
person 0.0028 325 56 420 104
person 0.0024 319 66 355 172
person 0.0023 414 69 436 102
person 0.0023 479 32 496 207
person 0.0023 0 104 27 364
person 0.0023 402 73 416 96
person 0.0023 425 58 479 215
person 0.0022 492 48 500 140
person 0.0022 424 74 468 98
person 0.0022 327 46 457 78
person 0.0019 429 138 459 213
person 0.0018 381 70 418 103
person 0.0018 463 64 484 103
person 0.0018 0 97 52 336
person 0.0016 391 76 426 112
person 0.0016 479 64 494 86
person 0.0016 0 88 24 190
person 0.0015 435 139 452 189
person 0.0015 472 47 497 112
person 0.0015 0 133 6 250
person 0.0015 432 74 464 165
person 0.0012 408 73 425 94
person 0.0012 361 69 427 126
person 0.0011 427 69 445 80
person 0.0011 311 32 432 98
person 0.0011 442 61 501 103
