boat 0.0015 153 44 285 203
boat 0.0010 37 45 163 198
bus 0.9926 278 35 459 206
bus 0.8376 37 45 163 198
bus 0.7528 153 44 285 203
bus 0.6943 437 67 498 173
bus 0.0382 448 75 498 137
bus 0.0131 468 73 500 157
bus 0.0089 397 56 473 181
bus 0.0043 449 103 493 175
bus 0.0013 413 72 457 160
car 0.0077 442 133 496 183
car 0.0026 487 115 501 170
car 0.0015 490 140 498 164
person 0.8976 454 130 489 190
person 0.0136 466 140 483 195
person 0.0116 460 134 477 190
person 0.0046 487 115 501 170
person 0.0022 468 125 495 189
person 0.0017 491 135 501 186
person 0.0014 212 111 220 136
person 0.0014 479 122 494 164
person 0.0013 445 137 466 185
person 0.0013 492 114 497 135
person 0.0012 441 139 455 184
person 0.0011 464 124 486 164
person 0.0011 482 141 490 161
person 0.0010 490 140 498 164
person 0.0010 335 82 345 101
train 0.0020 292 34 483 207
train 0.0010 167 48 299 195
