bottle 0.9675 313 158 348 238
bottle 0.9631 368 0 388 53
bottle 0.9295 389 0 406 55
bottle 0.8635 413 -10 428 64
bottle 0.3887 416 -4 431 49
bottle 0.1966 84 289 101 340
bottle 0.1922 337 140 371 226
bottle 0.0947 380 0 396 52
bottle 0.0541 303 69 448 330
bottle 0.0435 140 271 157 310
bottle 0.0434 399 0 414 55
bottle 0.0345 148 267 166 312
bottle 0.0242 156 266 174 312
bottle 0.0137 392 8 402 31
bottle 0.0118 324 122 381 242
bottle 0.0109 350 140 386 220
bottle 0.0098 88 282 114 344
bottle 0.0082 133 279 149 311
bottle 0.0074 142 282 153 311
bottle 0.0060 135 285 146 309
bottle 0.0058 326 262 343 313
bottle 0.0054 318 175 341 226
bottle 0.0054 335 127 406 263
bottle 0.0051 371 7 385 31
bottle 0.0044 113 287 124 305
bottle 0.0042 365 15 380 52
bottle 0.0035 383 8 393 31
bottle 0.0034 414 2 424 21
bottle 0.0029 415 4 426 33
bottle 0.0024 101 279 119 337
bottle 0.0022 314 181 333 235
bottle 0.0021 110 280 126 314
bottle 0.0020 372 3 405 55
bottle 0.0020 365 5 394 39
bottle 0.0018 352 210 364 252
bottle 0.0017 404 21 410 54
bottle 0.0017 133 274 165 308
bottle 0.0014 419 4 430 33
bottle 0.0013 372 20 384 50
bottle 0.0013 384 22 392 50
bottle 0.0012 355 217 362 245
bottle 0.0011 412 2 441 42
bottle 0.0011 427 -2 441 56
bottle 0.0010 393 20 402 52
bottle 0.0010 88 277 109 320
bottle 0.0010 152 276 163 302
bottle 0.0010 364 20 394 49
chair 0.0040 303 69 448 330
person 0.9994 312 67 468 367
person 0.9905 10 136 152 374
person 0.0011 84 289 101 340
