bicycle 0.0400 255 231 291 263
bicycle 0.0036 274 230 309 266
bicycle 0.0034 263 222 301 261
bicycle 0.0011 257 238 271 257
boat 0.0020 255 231 291 263
bottle 0.0043 257 238 271 257
bottle 0.0015 251 200 261 224
bottle 0.0010 330 282 350 311
bottle 0.0010 254 232 276 260
cat 0.0032 255 231 291 263
chair 0.2058 256 223 290 261
chair 0.0706 254 232 276 260
chair 0.0201 280 220 303 261
chair 0.0187 263 231 301 264
chair 0.0162 248 211 275 263
chair 0.0099 293 217 311 264
chair 0.0075 257 238 271 257
chair 0.0034 249 196 264 243
chair 0.0025 301 218 318 263
chair 0.0021 248 222 267 259
chair 0.0011 262 214 284 253
diningtable 0.0154 256 223 290 261
diningtable 0.0039 249 234 282 260
diningtable 0.0019 248 211 275 263
diningtable 0.0017 263 231 301 264
diningtable 0.0014 275 222 308 261
dog 0.0151 255 231 291 263
dog 0.0047 263 222 301 261
dog 0.0011 274 230 309 266
motorbike 0.0018 255 231 291 263
person 0.0054 256 223 290 261
person 0.0010 249 195 264 230
pottedplant 0.0088 96 264 140 292
pottedplant 0.0057 249 234 282 260
pottedplant 0.0037 257 238 271 257
pottedplant 0.0036 107 257 150 284
pottedplant 0.0033 293 226 312 269
pottedplant 0.0033 263 231 301 264
pottedplant 0.0032 83 270 140 303
pottedplant 0.0030 102 265 118 276
pottedplant 0.0020 256 223 290 261
pottedplant 0.0016 92 261 130 282
pottedplant 0.0015 336 199 370 222
pottedplant 0.0015 301 228 319 269
pottedplant 0.0012 110 265 128 276
pottedplant 0.0011 132 276 185 299
pottedplant 0.0011 259 244 307 269
sofa 0.0089 256 223 290 261
sofa 0.0013 249 234 282 260
tvmonitor 0.0026 336 199 370 222
tvmonitor 0.0013 249 196 264 243
