bird 0.0043 123 96 501 323
boat 0.0011 123 96 501 323
bottle 0.0060 143 104 478 316
bus 0.9988 116 97 471 301
bus 0.0160 477 164 496 206
bus 0.0064 486 155 499 213
car 0.2422 477 171 495 210
car 0.2356 94 166 127 200
car 0.0644 486 167 499 215
car 0.0345 480 180 491 204
car 0.0235 471 171 486 214
car 0.0172 71 166 111 199
car 0.0121 489 180 497 204
car 0.0096 69 172 90 213
car 0.0073 475 178 511 204
car 0.0064 71 160 137 200
car 0.0048 480 175 491 193
car 0.0044 66 178 84 221
car 0.0039 480 190 490 208
car 0.0039 471 189 480 211
car 0.0038 491 190 497 211
car 0.0037 489 173 497 194
car 0.0036 471 168 502 202
car 0.0031 473 181 482 205
car 0.0018 82 175 121 201
car 0.0015 459 176 494 209
car 0.0015 459 184 478 216
car 0.0012 99 175 136 201
car 0.0011 111 166 145 199
car 0.0010 100 173 121 192
car 0.0010 461 192 474 212
horse 0.0017 143 104 478 316
motorbike 0.0020 486 167 499 215
motorbike 0.0016 477 171 495 210
person 0.0210 216 168 254 220
person 0.0052 477 171 495 210
person 0.0045 471 189 480 211
person 0.0035 471 171 486 214
person 0.0032 168 166 205 197
person 0.0031 143 104 478 316
person 0.0030 486 167 499 215
person 0.0027 97 166 124 200
person 0.0024 66 171 84 215
person 0.0022 480 180 491 204
person 0.0022 491 190 497 211
person 0.0018 264 187 301 214
person 0.0017 489 180 497 204
person 0.0017 219 185 267 216
person 0.0016 480 190 490 208
person 0.0013 282 186 299 217
person 0.0012 205 185 249 214
train 0.0018 486 155 499 213
train 0.0018 477 164 496 206
