bottle 0.0259 118 281 128 302
bottle 0.0109 117 275 130 308
bottle 0.0058 119 266 145 299
bottle 0.0051 122 273 140 309
bottle 0.0050 124 266 156 323
bottle 0.0038 105 263 138 328
bottle 0.0038 115 267 133 301
bottle 0.0030 125 281 137 300
bottle 0.0023 79 272 158 320
bottle 0.0021 112 259 153 291
chair 0.0061 52 213 167 486
horse 0.0022 39 67 312 458
person 0.9958 49 166 167 481
person 0.9940 45 94 307 490
person 0.0073 0 271 73 406
person 0.0010 17 172 132 321
sofa 0.0055 4 317 77 471
sofa 0.0029 52 213 167 486
