bird 0.0044 187 197 233 270
bottle 0.7092 190 188 234 255
bottle 0.0244 164 188 232 290
bottle 0.0170 183 181 248 235
bottle 0.0022 201 200 238 233
bottle 0.0019 239 187 274 259
bottle 0.0016 210 183 247 254
bottle 0.0014 189 215 230 293
bottle 0.0012 209 205 232 243
bottle 0.0011 143 194 221 252
cat 0.0012 48 136 379 494
chair 0.3089 0 216 124 374
chair 0.1384 84 192 161 318
chair 0.0104 -39 94 356 484
chair 0.0044 41 218 159 340
chair 0.0029 96 218 171 294
chair 0.0019 64 202 226 301
diningtable 0.0031 -38 55 350 455
dog 0.0065 48 136 379 494
horse 0.0012 48 136 379 494
motorbike 0.0012 48 136 379 494
person 0.9986 56 62 374 504
person 0.7975 278 0 374 275
person 0.2955 108 19 172 194
person 0.1153 -3 125 96 225
person 0.0673 82 101 306 406
person 0.0397 140 118 174 203
person 0.0297 154 66 361 356
person 0.0187 245 32 374 378
person 0.0175 2 116 78 181
person 0.0083 94 5 207 258
person 0.0080 0 134 90 303
person 0.0062 -3 154 128 260
person 0.0053 293 7 340 40
person 0.0044 5 151 50 183
person 0.0043 0 118 43 178
person 0.0037 285 0 346 53
person 0.0030 128 67 183 218
person 0.0023 104 131 174 196
person 0.0019 61 130 99 197
person 0.0017 93 49 279 298
person 0.0013 40 179 274 456
person 0.0012 148 70 203 216
