bottle 0.0254 76 154 176 194
bottle 0.0078 133 164 181 197
bottle 0.0032 119 156 198 200
bottle 0.0019 115 156 164 187
bottle 0.0019 86 154 133 187
bottle 0.0012 86 108 188 198
bottle 0.0011 118 170 206 212
chair 0.0028 101 120 338 330
diningtable 0.0010 76 154 176 194
person 0.9997 141 84 340 334
person 0.6598 373 108 495 270
person 0.3271 -4 4 127 197
person 0.2402 -2 25 64 202
person 0.1410 203 27 248 88
person 0.0323 22 51 156 186
person 0.0282 86 108 188 198
person 0.0098 67 76 144 192
person 0.0073 491 127 499 216
person 0.0037 482 122 498 269
person 0.0030 76 154 176 194
person 0.0030 240 9 281 83
person 0.0027 -4 -9 36 213
person 0.0021 220 13 261 82
person 0.0014 197 44 239 83
person 0.0013 56 0 144 164
person 0.0012 316 203 328 215
person 0.0011 119 156 198 200
tvmonitor 0.0026 330 198 371 220
tvmonitor 0.0012 317 209 391 258
