aeroplane 0.0018 348 199 376 221
bus 0.0024 348 199 376 221
bus 0.0017 349 195 387 215
bus 0.0016 210 203 259 229
bus 0.0012 377 174 440 217
car 0.9963 210 204 260 234
car 0.6046 349 198 385 218
car 0.0123 196 209 244 233
car 0.0104 372 199 386 209
car 0.0097 359 199 379 210
car 0.0054 356 195 399 213
car 0.0051 371 202 386 214
car 0.0050 352 199 370 211
car 0.0049 382 202 395 215
car 0.0046 382 197 395 210
car 0.0032 345 204 359 216
car 0.0030 328 200 378 219
car 0.0025 204 213 252 239
car 0.0023 228 208 258 231
car 0.0021 207 208 228 236
car 0.0020 378 189 421 213
car 0.0012 387 174 428 211
person 0.0062 386 221 392 243
person 0.0031 454 211 461 228
person 0.0019 354 208 371 253
person 0.0013 383 216 395 246
