car 0.9973 125 252 377 369
car 0.9081 1 263 31 358
car 0.8784 14 245 90 330
car 0.3647 129 233 277 301
car 0.0711 95 249 151 298
car 0.0451 -1 241 52 351
car 0.0367 88 251 124 301
car 0.0336 99 246 142 275
car 0.0250 99 258 121 296
car 0.0240 141 237 293 270
car 0.0212 134 227 267 257
car 0.0159 101 261 139 294
car 0.0152 79 249 102 289
car 0.0134 5 245 39 272
car 0.0091 73 249 109 308
car 0.0090 119 258 141 298
car 0.0089 5 241 45 308
car 0.0081 128 255 147 303
car 0.0074 110 241 260 333
car 0.0073 71 246 111 275
car 0.0064 15 298 32 354
car 0.0060 107 256 143 319
car 0.0059 91 257 111 297
car 0.0056 49 247 121 303
car 0.0055 1 276 8 377
car 0.0051 107 246 132 291
car 0.0049 1 231 26 322
car 0.0042 6 293 19 360
car 0.0041 3 253 40 281
car 0.0040 137 270 155 307
car 0.0033 115 233 222 280
car 0.0032 23 239 63 260
car 0.0026 163 230 229 248
car 0.0020 196 231 255 249
car 0.0020 34 241 50 257
car 0.0017 121 249 155 303
car 0.0016 16 252 32 267
car 0.0015 0 230 9 288
car 0.0014 12 238 85 284
car 0.0011 130 261 235 314
car 0.0011 31 237 52 262
car 0.0010 140 279 153 299
car 0.0010 27 246 76 269
car 0.0010 101 267 117 287
person 0.0050 1 276 8 377
person 0.0049 34 241 50 257
person 0.0035 1 263 31 358
person 0.0023 31 237 52 262
person 0.0018 0 248 7 347
person 0.0013 6 293 19 360
