bus 0.0016 14 79 355 312
cow 0.0014 0 43 18 191
diningtable 0.0019 52 57 413 334
horse 0.9994 1 60 400 326
horse 0.0609 1 37 21 160
horse 0.0130 0 35 14 236
horse 0.0075 0 0 26 272
horse 0.0029 0 4 52 267
horse 0.0023 0 10 25 113
motorbike 0.0049 0 30 24 128
motorbike 0.0011 0 43 18 191
person 0.9558 156 0 293 170
person 0.1870 0 10 25 113
person 0.0269 1 37 21 160
person 0.0065 0 35 14 236
person 0.0050 1 -20 24 71
person 0.0028 4 -4 36 88
person 0.0022 0 0 25 307
person 0.0018 0 -13 6 85
person 0.0016 0 20 8 110
person 0.0012 -3 -21 31 141
