bottle 0.3620 234 139 248 186
bottle 0.0100 237 147 246 179
bottle 0.0097 234 146 242 181
bottle 0.0079 295 163 311 198
bottle 0.0058 298 166 309 184
bottle 0.0024 275 162 312 187
bottle 0.0019 228 147 259 182
bottle 0.0015 304 170 313 190
bottle 0.0014 282 169 320 192
chair 0.9912 376 142 485 399
chair 0.0247 153 150 198 215
chair 0.0084 437 170 500 372
chair 0.0038 350 143 469 302
chair 0.0021 402 148 503 327
chair 0.0016 483 222 499 365
pottedplant 0.0011 23 176 43 223
tvmonitor 0.0046 153 150 198 215
