bottle 0.7578 298 146 311 200
bottle 0.0012 288 142 305 200
chair 0.9398 297 188 368 318
chair 0.6837 117 188 326 362
chair 0.4207 108 192 213 354
chair 0.1663 213 194 310 352
chair 0.0129 255 195 335 348
chair 0.0052 173 173 269 341
chair 0.0016 146 177 216 300
chair 0.0010 272 201 314 303
diningtable 0.9500 133 201 347 370
diningtable 0.0028 60 175 423 400
diningtable 0.0018 228 192 347 345
person 0.2210 483 73 499 281
person 0.0266 475 61 498 324
person 0.0062 453 75 499 279
person 0.0015 492 123 498 221
person 0.0014 493 87 499 199
sofa 0.0010 140 185 347 368
