aeroplane 0.0026 392 66 423 83
bus 0.0056 428 64 446 76
bus 0.0049 395 67 420 81
bus 0.0038 427 60 448 81
bus 0.0024 379 61 421 79
bus 0.0013 392 65 406 74
car 0.9999 25 99 448 349
car 0.5728 392 66 423 83
car 0.2461 428 64 446 76
car 0.1972 425 61 446 85
car 0.1082 422 67 435 80
car 0.0485 409 68 425 79
car 0.0299 392 67 408 81
car 0.0289 392 65 406 74
car 0.0194 384 64 395 73
car 0.0185 438 64 452 74
car 0.0169 424 65 434 75
car 0.0150 409 65 446 82
car 0.0136 356 62 366 73
car 0.0133 401 65 415 75
car 0.0119 412 65 422 75
car 0.0088 373 63 386 72
car 0.0079 449 63 463 72
car 0.0078 390 63 411 86
car 0.0071 379 61 421 79
car 0.0070 425 61 464 77
car 0.0065 364 61 373 72
car 0.0054 353 67 365 81
car 0.0038 420 63 438 85
car 0.0037 407 63 426 86
car 0.0037 357 65 401 85
car 0.0032 435 59 452 89
car 0.0027 345 69 358 82
car 0.0021 385 68 395 79
car 0.0017 436 60 476 88
car 0.0014 129 104 169 128
car 0.0013 458 61 471 73
car 0.0013 491 -31 499 49
car 0.0011 372 69 389 78
car 0.0010 396 60 438 80
motorbike 0.0022 395 67 420 81
motorbike 0.0016 427 65 445 81
pottedplant 0.0013 12 125 435 370
train 0.0018 392 66 423 83
