bicycle 0.0016 0 158 59 205
bicycle 0.0011 97 142 134 173
boat 0.9954 43 169 416 343
boat 0.8664 -6 174 225 337
boat 0.5837 215 297 368 367
boat 0.2373 52 228 240 349
boat 0.0581 201 317 355 356
boat 0.0336 208 335 369 372
boat 0.0314 0 158 59 205
boat 0.0138 6 164 53 191
boat 0.0108 214 250 378 344
boat 0.0107 62 285 401 357
boat 0.0102 223 353 356 393
boat 0.0080 -32 226 125 342
boat 0.0068 26 118 98 170
boat 0.0055 46 111 81 172
boat 0.0051 336 127 371 197
boat 0.0043 6 145 79 190
boat 0.0040 12 160 108 200
boat 0.0027 195 190 391 358
boat 0.0022 272 179 352 219
boat 0.0021 72 239 380 340
boat 0.0020 334 173 374 199
boat 0.0020 81 166 130 191
boat 0.0016 88 192 370 306
boat 0.0013 37 154 78 182
boat 0.0012 35 163 80 190
boat 0.0011 167 25 290 166
boat 0.0011 0 172 81 222
boat 0.0010 9 172 208 270
boat 0.0010 72 175 120 198
boat 0.0010 34 143 125 184
person 0.0078 235 185 277 261
person 0.0057 97 142 134 173
person 0.0034 127 175 160 259
person 0.0034 241 142 277 174
person 0.0020 46 111 81 172
person 0.0020 136 167 170 239
person 0.0020 234 133 274 188
person 0.0019 121 126 144 171
person 0.0018 122 161 144 194
person 0.0016 115 124 153 154
person 0.0014 269 139 285 176
person 0.0014 112 130 136 169
person 0.0012 104 134 126 167
person 0.0010 278 134 305 191
pottedplant 0.0019 235 185 277 261
