bird 0.0032 271 51 391 329
bottle 0.0071 271 51 391 329
car 0.0037 271 51 391 329
chair 0.0047 271 51 391 329
chair 0.0043 22 39 160 339
chair 0.0010 138 50 335 328
diningtable 0.0012 110 1 319 281
dog 0.0025 271 51 391 329
dog 0.0010 22 39 160 339
horse 0.0022 271 51 391 329
motorbike 0.0021 271 51 391 329
motorbike 0.0010 138 50 335 328
person 0.9999 111 15 316 329
person 0.9997 15 10 166 323
person 0.9991 264 10 395 330
person 0.0283 1 -44 26 359
person 0.0058 -1 -51 53 328
person 0.0021 1 7 13 343
person 0.0016 -3 -10 56 173
person 0.0015 0 -7 19 168
person 0.0013 260 46 390 208
person 0.0012 26 4 160 99
tvmonitor 0.0027 282 15 415 325
