aeroplane 0.0057 401 208 416 217
aeroplane 0.0041 377 214 396 222
aeroplane 0.0041 364 213 415 225
aeroplane 0.0038 374 215 387 223
aeroplane 0.0026 384 207 432 220
aeroplane 0.0025 158 203 176 233
aeroplane 0.0020 165 213 207 229
aeroplane 0.0015 180 216 196 227
aeroplane 0.0011 401 204 455 221
bicycle 0.0027 158 203 176 233
bicycle 0.0011 -1 -2 92 308
boat 0.9979 195 10 332 257
boat 0.8538 71 177 113 238
boat 0.3126 158 203 176 233
boat 0.1393 -1 -2 92 308
boat 0.0719 157 210 198 230
boat 0.0617 180 216 196 227
boat 0.0209 401 208 416 217
boat 0.0166 377 214 396 222
boat 0.0156 91 184 111 239
boat 0.0134 122 210 171 231
boat 0.0128 374 215 387 223
boat 0.0111 370 206 428 222
boat 0.0098 364 213 415 225
boat 0.0062 169 215 184 227
boat 0.0058 113 203 165 223
boat 0.0055 100 184 114 238
boat 0.0052 82 186 104 239
boat 0.0044 -2 210 91 342
boat 0.0035 401 204 455 221
boat 0.0032 162 203 172 224
boat 0.0031 409 207 423 216
boat 0.0031 178 211 198 230
boat 0.0030 343 217 358 226
boat 0.0028 165 206 187 232
boat 0.0025 103 197 185 232
boat 0.0021 389 214 406 221
boat 0.0020 400 213 415 221
boat 0.0015 430 207 444 216
boat 0.0015 452 198 501 223
boat 0.0014 5 142 105 378
boat 0.0012 429 214 444 222
boat 0.0012 186 216 201 227
boat 0.0012 392 209 407 217
boat 0.0011 376 211 439 224
boat 0.0011 420 207 435 216
boat 0.0011 409 211 464 226
boat 0.0010 -11 69 112 221
boat 0.0010 161 220 173 233
boat 0.0010 -1 67 58 320
bus 0.0018 180 216 196 227
bus 0.0014 165 213 207 229
car 0.0056 180 216 196 227
car 0.0038 401 208 416 217
car 0.0023 186 216 201 227
car 0.0019 377 214 396 222
car 0.0018 343 217 358 226
car 0.0010 374 215 387 223
car 0.0010 334 218 351 225
cat 0.0063 -1 -2 92 308
person 0.0950 -1 -2 92 308
person 0.0184 271 217 295 247
person 0.0163 316 223 326 241
person 0.0118 180 216 196 227
person 0.0062 -2 216 89 366
person 0.0058 312 219 330 244
person 0.0057 0 198 6 262
person 0.0056 -1 67 58 320
person 0.0045 263 224 302 251
person 0.0045 186 216 201 227
person 0.0039 160 209 174 230
person 0.0038 374 215 387 223
person 0.0038 401 208 416 217
person 0.0034 2 297 44 367
person 0.0032 1 211 5 249
person 0.0030 316 229 327 245
person 0.0023 310 224 319 241
person 0.0023 0 255 22 369
person 0.0022 0 193 19 316
person 0.0022 308 230 318 245
person 0.0017 275 222 292 241
person 0.0016 343 217 358 226
person 0.0014 275 228 290 245
person 0.0013 158 196 174 232
person 0.0012 409 207 423 216
person 0.0012 286 230 297 245
pottedplant 0.0027 180 216 196 227
pottedplant 0.0021 158 203 176 233
pottedplant 0.0014 -2 216 89 366
pottedplant 0.0011 401 208 416 217
sofa 0.0010 -1 -2 92 308
train 0.0081 165 213 207 229
train 0.0074 158 203 176 233
train 0.0016 180 216 196 227
train 0.0016 150 208 184 230
tvmonitor 0.0018 158 203 176 233
