car 0.0132 33 95 50 102
car 0.0111 36 140 47 149
car 0.0078 27 96 40 103
car 0.0069 2 129 9 148
car 0.0057 8 131 16 144
car 0.0045 1 136 7 156
car 0.0040 31 132 38 146
car 0.0026 9 143 57 170
car 0.0022 47 94 58 104
car 0.0022 35 135 45 147
car 0.0021 6 92 17 106
car 0.0020 0 118 12 157
car 0.0018 7 111 16 128
car 0.0017 29 139 40 149
car 0.0015 27 87 41 94
car 0.0014 20 91 65 106
car 0.0014 55 94 68 103
car 0.0013 8 119 16 138
car 0.0013 18 96 28 104
car 0.0011 1 93 12 144
car 0.0011 3 106 9 132
car 0.0010 35 87 49 95
motorbike 0.0010 37 41 521 157
person 0.0487 31 132 38 146
person 0.0061 36 140 47 149
person 0.0056 8 119 16 138
person 0.0044 7 111 16 128
person 0.0037 35 135 45 147
person 0.0028 8 131 16 144
person 0.0021 3 102 19 136
person 0.0021 29 139 40 149
person 0.0019 20 121 28 136
person 0.0019 29 122 35 139
person 0.0017 1 136 7 156
person 0.0015 20 133 29 144
person 0.0015 2 129 9 148
sheep 0.0032 23 47 493 177
train 0.9646 23 47 493 177
train 0.0011 239 54 490 142
