bird 0.0037 0 35 421 111
boat 0.0213 0 35 421 111
car 0.9999 26 132 241 236
car 0.9997 210 136 461 237
car 0.0277 454 188 495 211
car 0.0147 448 180 485 206
car 0.0033 465 179 503 208
car 0.0033 155 137 366 222
car 0.0030 491 160 500 224
car 0.0027 493 191 499 212
car 0.0024 2 165 55 223
car 0.0021 464 177 485 211
car 0.0021 456 185 475 200
car 0.0017 465 193 484 208
car 0.0015 435 185 482 212
car 0.0014 455 191 476 208
car 0.0012 493 181 499 205
car 0.0010 450 185 464 199
person 0.0011 0 95 4 212
train 0.0130 0 35 421 111
