bottle 0.0027 244 248 313 308
diningtable 0.0839 15 268 557 355
diningtable 0.0011 -20 180 521 346
person 0.9997 75 92 238 287
person 0.8406 184 94 223 172
person 0.6322 295 126 416 294
person 0.5839 1 99 55 293
person 0.2853 98 105 137 166
person 0.2832 211 135 240 174
person 0.2711 238 139 266 187
person 0.1164 440 113 500 319
person 0.0533 280 140 305 187
person 0.0397 260 141 284 184
person 0.0351 49 143 85 207
person 0.0264 468 90 498 338
person 0.0229 235 140 259 172
person 0.0175 480 97 497 297
person 0.0172 227 141 256 187
person 0.0170 -1 46 32 311
person 0.0116 414 173 497 294
person 0.0106 49 144 75 184
person 0.0092 244 138 280 170
person 0.0077 224 135 245 175
person 0.0057 1 64 18 252
person 0.0048 252 139 274 187
person 0.0040 41 137 92 187
person 0.0030 255 141 291 169
person 0.0029 285 158 300 202
person 0.0024 291 137 311 189
person 0.0023 227 146 288 196
person 0.0021 479 178 499 326
person 0.0019 197 147 238 174
person 0.0018 487 28 498 251
person 0.0018 36 126 64 191
person 0.0018 175 100 205 169
person 0.0016 120 114 138 154
person 0.0015 45 139 82 170
person 0.0014 238 148 273 238
person 0.0013 204 150 246 189
person 0.0013 250 140 303 185
person 0.0013 39 133 93 262
person 0.0012 236 145 255 163
person 0.0012 273 141 294 185
person 0.0011 42 133 63 176
person 0.0010 178 115 196 155
