bottle 0.3718 155 160 168 195
bottle 0.1964 150 161 162 193
bottle 0.0428 221 197 237 214
bottle 0.0402 217 197 228 214
bottle 0.0106 216 196 244 216
bottle 0.0099 157 160 165 181
bottle 0.0096 151 159 159 183
bottle 0.0092 192 200 207 214
bottle 0.0086 187 197 198 213
bottle 0.0083 250 191 270 238
bottle 0.0047 148 165 178 192
bottle 0.0040 100 204 133 231
bottle 0.0035 233 196 242 218
bottle 0.0024 141 166 149 190
bottle 0.0020 157 172 167 195
bottle 0.0020 166 168 174 192
bottle 0.0018 218 191 242 235
bottle 0.0015 139 158 152 195
bottle 0.0013 171 195 213 217
bottle 0.0013 255 179 268 217
bottle 0.0012 189 196 209 218
bottle 0.0012 185 192 201 218
bottle 0.0011 257 185 265 212
bottle 0.0011 186 190 196 208
bottle 0.0010 260 181 273 228
chair 0.9237 135 266 258 316
chair 0.9010 -1 266 124 304
chair 0.0238 112 276 270 345
chair 0.0190 0 288 363 473
chair 0.0166 45 260 147 307
chair 0.0070 2 277 124 344
chair 0.0042 110 257 216 306
chair 0.0016 107 224 261 302
diningtable 0.9893 2 294 359 497
diningtable 0.0052 54 219 244 293
diningtable 0.0029 75 257 244 318
diningtable 0.0026 0 271 120 311
diningtable 0.0023 83 185 194 225
diningtable 0.0018 52 190 245 254
diningtable 0.0013 89 200 224 235
diningtable 0.0011 0 287 120 339
pottedplant 0.0055 100 204 133 231
sofa 0.0011 0 271 120 311
