bottle 0.0010 324 177 333 198
person 0.0773 361 187 375 248
pottedplant 0.9431 44 234 175 324
pottedplant 0.4127 287 166 307 207
pottedplant 0.0275 272 171 308 204
pottedplant 0.0094 290 174 305 198
pottedplant 0.0056 295 162 310 211
pottedplant 0.0054 277 174 300 213
pottedplant 0.0023 275 132 307 197
pottedplant 0.0019 293 169 306 191
pottedplant 0.0016 5 223 88 335
pottedplant 0.0012 264 158 320 205
pottedplant 0.0012 270 177 286 214
pottedplant 0.0011 75 224 161 300
tvmonitor 0.0058 287 166 307 207
tvmonitor 0.0013 272 171 308 204
