bicycle 0.0055 18 273 36 318
bicycle 0.0013 23 266 38 310
bird 0.0016 246 245 260 293
bird 0.0015 250 251 257 287
boat 0.0060 2 238 22 284
boat 0.0039 420 208 489 308
boat 0.0028 8 241 40 312
boat 0.0027 431 228 498 286
boat 0.0016 -3 271 33 302
boat 0.0012 431 241 468 305
bottle 0.0017 23 266 38 310
bottle 0.0012 206 230 225 272
cat 0.0013 17 269 37 310
chair 0.0210 17 269 37 310
chair 0.0167 51 316 71 355
chair 0.0109 59 316 80 355
chair 0.0101 42 318 64 351
chair 0.0058 58 309 117 354
chair 0.0041 73 330 128 358
chair 0.0035 78 316 101 356
chair 0.0022 491 220 499 301
chair 0.0021 428 242 445 297
chair 0.0018 58 330 106 357
chair 0.0015 70 316 91 356
chair 0.0012 174 240 196 276
chair 0.0012 205 237 224 278
chair 0.0011 61 259 77 295
chair 0.0011 44 325 60 343
chair 0.0010 429 263 446 309
chair 0.0010 54 305 86 354
diningtable 0.0015 17 269 37 310
diningtable 0.0014 53 319 90 354
dog 0.0020 23 266 38 310
person 0.1597 23 266 38 310
person 0.0403 10 263 38 316
person 0.0206 18 273 36 318
person 0.0061 27 272 35 303
person 0.0053 26 269 35 290
person 0.0023 20 272 31 288
person 0.0012 20 275 32 301
person 0.0010 16 266 35 296
pottedplant 0.9666 355 229 391 309
pottedplant 0.4955 246 245 260 293
pottedplant 0.4182 265 234 295 302
pottedplant 0.2136 276 253 293 306
pottedplant 0.1673 240 246 255 293
pottedplant 0.1549 205 237 224 278
pottedplant 0.1482 61 259 77 295
pottedplant 0.1109 277 236 306 301
pottedplant 0.1037 174 240 196 276
pottedplant 0.0971 446 265 465 309
pottedplant 0.0809 431 241 468 305
pottedplant 0.0610 428 242 445 297
pottedplant 0.0503 421 245 451 305
pottedplant 0.0402 254 243 267 294
pottedplant 0.0383 214 229 233 273
pottedplant 0.0350 320 246 359 304
pottedplant 0.0311 229 240 255 306
pottedplant 0.0294 199 238 217 277
pottedplant 0.0278 65 264 75 291
pottedplant 0.0277 8 241 40 312
pottedplant 0.0224 429 263 446 309
pottedplant 0.0198 166 242 198 299
pottedplant 0.0195 245 270 264 301
pottedplant 0.0180 250 251 257 287
pottedplant 0.0171 345 216 377 299
pottedplant 0.0160 300 208 327 299
pottedplant 0.0151 247 237 273 303
pottedplant 0.0148 437 266 456 308
pottedplant 0.0143 420 208 489 308
pottedplant 0.0131 185 237 204 278
pottedplant 0.0124 401 244 431 306
pottedplant 0.0092 169 236 204 267
pottedplant 0.0077 280 265 297 306
pottedplant 0.0077 225 228 242 273
pottedplant 0.0076 2 238 22 284
pottedplant 0.0074 448 237 485 305
pottedplant 0.0070 278 272 291 300
pottedplant 0.0069 58 245 72 297
pottedplant 0.0066 447 241 466 297
pottedplant 0.0066 243 253 251 286
pottedplant 0.0063 209 244 221 272
pottedplant 0.0056 178 247 194 269
pottedplant 0.0053 421 250 435 308
pottedplant 0.0052 23 266 38 310
pottedplant 0.0050 268 251 282 306
pottedplant 0.0050 431 228 498 286
pottedplant 0.0045 258 254 264 284
pottedplant 0.0045 257 276 267 298
pottedplant 0.0044 276 235 294 288
pottedplant 0.0043 283 232 300 290
pottedplant 0.0042 247 227 263 277
pottedplant 0.0041 229 244 245 292
pottedplant 0.0039 206 230 236 285
pottedplant 0.0036 325 239 394 303
pottedplant 0.0035 454 263 471 310
pottedplant 0.0035 410 250 424 308
pottedplant 0.0035 155 237 211 278
pottedplant 0.0035 202 246 213 271
pottedplant 0.0034 254 269 269 303
pottedplant 0.0030 179 242 194 260
pottedplant 0.0028 82 238 101 282
pottedplant 0.0028 201 232 230 270
pottedplant 0.0026 4 221 45 297
pottedplant 0.0025 319 267 342 308
pottedplant 0.0025 18 273 36 318
pottedplant 0.0022 219 245 229 271
pottedplant 0.0022 491 220 499 301
pottedplant 0.0022 252 229 309 291
pottedplant 0.0021 245 312 267 344
pottedplant 0.0021 202 240 213 261
pottedplant 0.0021 82 255 102 301
pottedplant 0.0021 257 248 265 274
pottedplant 0.0020 451 273 462 302
pottedplant 0.0020 401 264 415 312
pottedplant 0.0020 304 262 369 310
pottedplant 0.0019 0 235 29 310
pottedplant 0.0018 63 232 79 293
pottedplant 0.0018 190 241 202 260
pottedplant 0.0018 42 318 64 351
pottedplant 0.0018 89 238 110 279
pottedplant 0.0017 71 246 101 302
pottedplant 0.0017 218 238 230 263
pottedplant 0.0017 253 227 269 276
pottedplant 0.0016 0 198 57 315
pottedplant 0.0016 294 237 307 302
pottedplant 0.0016 240 266 255 304
pottedplant 0.0015 284 274 295 299
pottedplant 0.0014 436 245 454 294
pottedplant 0.0014 109 239 129 276
pottedplant 0.0014 237 227 252 275
pottedplant 0.0013 171 247 188 270
pottedplant 0.0013 0 228 11 292
pottedplant 0.0013 81 242 119 276
pottedplant 0.0013 360 263 380 314
pottedplant 0.0013 242 275 251 297
pottedplant 0.0012 258 264 265 293
pottedplant 0.0012 457 246 473 291
pottedplant 0.0011 150 241 190 274
pottedplant 0.0011 116 228 141 271
pottedplant 0.0011 371 239 402 307
sofa 0.0010 53 319 90 354
tvmonitor 0.0442 61 259 77 295
tvmonitor 0.0195 428 242 445 297
tvmonitor 0.0120 2 238 22 284
tvmonitor 0.0075 65 264 75 291
tvmonitor 0.0074 205 237 224 278
tvmonitor 0.0072 446 265 465 309
tvmonitor 0.0053 491 220 499 301
tvmonitor 0.0046 275 266 293 305
tvmonitor 0.0043 17 269 37 310
tvmonitor 0.0043 42 318 64 351
tvmonitor 0.0028 51 316 71 355
tvmonitor 0.0027 429 263 446 309
tvmonitor 0.0017 246 245 260 293
tvmonitor 0.0016 437 217 494 242
tvmonitor 0.0015 58 245 72 297
tvmonitor 0.0015 73 330 128 358
tvmonitor 0.0013 465 243 483 291
tvmonitor 0.0012 0 228 11 292
tvmonitor 0.0012 53 319 90 354
tvmonitor 0.0012 240 246 255 293
tvmonitor 0.0010 174 240 196 276
