aeroplane 0.0022 251 20 299 42
aeroplane 0.0015 -1 -3 98 39
aeroplane 0.0012 99 -6 161 13
aeroplane 0.0010 289 16 333 46
boat 0.0012 255 6 339 42
bus 0.0062 289 16 333 46
bus 0.0053 251 20 299 42
car 0.9997 19 47 480 181
car 0.6688 251 20 299 42
car 0.3232 289 16 333 46
car 0.0246 256 27 307 46
car 0.0167 231 20 328 46
car 0.0121 277 28 330 46
car 0.0065 252 25 275 38
car 0.0052 234 21 280 41
car 0.0034 259 25 286 38
car 0.0033 257 13 308 36
car 0.0028 269 25 296 38
car 0.0028 240 28 291 45
car 0.0020 298 26 339 47
car 0.0012 245 26 262 38
car 0.0011 262 18 362 46
car 0.0011 305 20 334 42
car 0.0010 229 32 243 44
motorbike 0.0010 251 20 299 42
person 0.0097 229 32 243 44
person 0.0082 204 66 248 95
person 0.0074 239 23 249 40
person 0.0033 184 54 260 97
person 0.0028 213 71 257 100
person 0.0028 236 30 250 43
person 0.0025 132 49 150 88
person 0.0023 137 52 158 87
person 0.0022 192 72 240 102
person 0.0020 271 62 314 91
person 0.0014 145 51 168 86
person 0.0011 221 65 267 95
person 0.0010 232 26 242 41
pottedplant 0.0025 19 46 432 204
train 0.0089 289 16 333 46
train 0.0057 -1 -3 98 39
train 0.0037 251 20 299 42
tvmonitor 0.0013 289 16 333 46
