cow 0.2570 448 158 502 241
cow 0.0163 413 86 490 189
cow 0.0071 418 135 490 185
cow 0.0059 441 150 501 205
cow 0.0041 234 97 345 187
cow 0.0013 491 109 499 177
cow 0.0012 456 145 508 278
horse 0.0028 234 97 345 187
person 0.9942 183 67 251 275
person 0.0012 200 58 268 223
sheep 0.1985 244 114 348 170
sheep 0.1475 448 158 502 241
sheep 0.0227 413 86 490 189
sheep 0.0086 441 150 501 205
sheep 0.0041 198 66 267 252
sheep 0.0035 436 138 501 184
sheep 0.0034 481 73 501 167
sheep 0.0032 464 147 503 177
sheep 0.0023 491 109 499 177
sheep 0.0016 475 119 500 197
sheep 0.0014 469 142 501 215
sheep 0.0012 238 106 356 148
sheep 0.0010 435 138 476 170
train 0.0015 234 97 345 187
