bicycle 0.0092 60 140 443 389
bicycle 0.0015 170 46 375 360
car 0.3921 3 123 113 259
car 0.2630 4 117 92 173
car 0.0592 -1 180 109 241
car 0.0062 0 184 27 248
car 0.0032 0 100 7 186
car 0.0029 1 103 22 177
car 0.0022 130 43 434 405
car 0.0017 0 176 9 247
car 0.0011 3 116 46 170
car 0.0011 21 158 138 270
car 0.0010 71 187 494 386
chair 0.0015 170 46 375 360
dog 0.0012 170 46 375 360
horse 0.0032 170 46 375 360
motorbike 0.9796 60 140 443 389
motorbike 0.1046 278 147 461 374
motorbike 0.0238 171 68 375 374
person 0.9992 154 66 355 371
person 0.0274 0 94 7 175
person 0.0030 60 140 443 389
person 0.0013 1 103 22 177
train 0.0015 71 187 494 386
