bird 0.0020 228 128 367 223
bottle 0.9576 228 128 367 223
bottle 0.6571 262 152 368 203
bottle 0.5335 180 155 263 272
bottle 0.3338 131 114 363 295
bottle 0.1382 238 153 323 199
bottle 0.0134 187 160 281 229
bottle 0.0089 159 167 252 227
bottle 0.0067 256 156 308 186
bottle 0.0045 239 145 357 183
bottle 0.0035 190 173 250 252
bottle 0.0034 95 170 183 216
bottle 0.0031 186 98 392 249
bottle 0.0031 213 159 312 221
bottle 0.0031 172 167 325 303
bottle 0.0010 240 154 290 187
bottle 0.0010 257 150 309 174
chair 0.0581 84 165 167 221
chair 0.0044 131 104 303 297
dog 0.0067 148 139 281 273
dog 0.0018 157 125 354 231
dog 0.0010 101 80 328 281
person 0.5343 131 114 363 295
person 0.2497 407 7 502 331
person 0.1774 428 99 502 292
person 0.0078 213 143 366 237
person 0.0067 440 18 497 257
person 0.0029 39 44 395 349
person 0.0022 83 61 283 286
person 0.0021 172 167 325 303
person 0.0019 148 139 281 273
