aeroplane 0.0012 31 124 75 148
bicycle 0.0010 45 108 505 256
boat 0.9165 22 107 497 251
boat 0.1350 31 124 75 148
boat 0.0135 26 118 102 154
boat 0.0111 228 354 282 377
boat 0.0045 43 134 96 150
boat 0.0044 39 156 132 209
boat 0.0020 20 142 175 244
boat 0.0020 38 136 63 146
boat 0.0015 207 358 264 376
boat 0.0013 38 127 63 154
boat 0.0011 25 168 112 220
boat 0.0011 40 130 61 142
boat 0.0010 34 120 56 149
bottle 0.0011 259 228 268 253
cat 0.0035 43 108 512 256
diningtable 0.0040 45 108 505 256
person 0.0021 150 165 174 234
pottedplant 0.0056 228 354 282 377
pottedplant 0.0049 256 223 270 258
pottedplant 0.0026 43 108 512 256
pottedplant 0.0014 259 228 268 253
pottedplant 0.0013 207 358 264 376
train 0.0055 28 131 78 149
