car 0.9878 282 264 460 338
car 0.9860 0 283 62 381
car 0.9417 436 271 498 346
car 0.8967 210 261 354 334
car 0.8148 66 253 202 322
car 0.0272 98 263 223 312
car 0.0115 379 267 502 343
car 0.0110 466 269 499 346
car 0.0085 95 238 125 259
car 0.0075 71 233 90 270
car 0.0043 100 241 117 258
car 0.0031 195 271 292 326
car 0.0027 19 278 246 468
car 0.0023 268 288 470 357
car 0.0019 32 327 229 435
car 0.0015 65 238 84 278
car 0.0015 154 258 199 280
car 0.0013 73 236 106 262
person 0.0685 71 233 90 270
person 0.0145 95 238 106 261
person 0.0066 100 241 117 258
person 0.0031 73 245 85 267
person 0.0028 85 241 97 260
person 0.0026 73 238 88 261
person 0.0018 70 241 85 291
person 0.0010 493 176 498 285
person 0.0010 82 235 100 263
person 0.0010 113 243 124 257
sheep 0.0016 0 283 62 381
