bottle 0.0040 202 205 248 236
bottle 0.0016 207 202 229 238
bottle 0.0012 224 201 246 237
bottle 0.0010 243 194 264 226
chair 0.8911 225 277 291 372
chair 0.8615 119 236 209 346
chair 0.3357 229 250 321 379
chair 0.1360 220 274 453 377
chair 0.0446 133 276 225 351
chair 0.0354 134 236 287 358
chair 0.0203 258 211 330 263
chair 0.0086 219 270 266 364
chair 0.0084 167 219 238 281
chair 0.0042 183 259 257 366
chair 0.0037 236 226 325 276
chair 0.0028 476 215 502 327
chair 0.0023 195 276 242 352
chair 0.0014 338 238 444 276
chair 0.0013 151 289 247 361
chair 0.0012 238 194 319 247
chair 0.0011 145 222 330 322
chair 0.0011 210 212 312 257
chair 0.0010 189 226 384 387
diningtable 0.9687 216 246 493 384
diningtable 0.8232 134 236 287 358
diningtable 0.0093 118 220 240 337
diningtable 0.0042 145 222 330 322
diningtable 0.0034 214 258 352 370
diningtable 0.0013 40 209 452 386
diningtable 0.0012 176 221 258 281
pottedplant 0.0026 202 205 248 236
