bicycle 0.0080 92 250 138 278
bird 0.0056 69 264 84 281
cat 0.0011 72 263 118 281
cat 0.0010 92 250 138 278
cow 0.0080 69 264 84 281
cow 0.0036 72 263 118 281
cow 0.0012 75 266 92 280
cow 0.0011 92 250 138 278
dog 0.0029 68 260 85 285
dog 0.0023 92 250 138 278
dog 0.0021 72 263 118 281
dog 0.0010 58 262 93 282
horse 0.9969 178 205 236 306
horse 0.3617 191 202 229 280
horse 0.0012 92 250 138 278
motorbike 0.0027 92 250 138 278
motorbike 0.0014 174 200 232 292
person 0.9674 191 184 225 255
person 0.0303 191 202 229 280
person 0.0171 11 232 29 280
person 0.0022 178 203 190 249
person 0.0016 202 194 218 256
person 0.0012 191 191 212 241
sheep 0.0072 69 264 84 281
sheep 0.0023 72 263 118 281
sheep 0.0013 48 264 87 283
