bird 0.0012 433 133 499 180
bus 0.0024 449 150 483 177
bus 0.0011 90 70 457 349
car 0.0037 491 154 499 174
car 0.0018 491 162 498 181
car 0.0013 489 141 501 184
chair 0.0015 471 162 480 179
chair 0.0011 462 163 470 178
motorbike 0.0037 63 8 445 317
person 0.0291 471 162 480 179
person 0.0233 462 163 470 178
person 0.0134 481 164 489 179
person 0.0132 470 157 480 174
person 0.0120 452 164 461 180
person 0.0080 492 187 497 215
person 0.0066 460 159 472 173
person 0.0062 481 158 490 173
person 0.0051 491 154 499 174
person 0.0044 490 172 498 228
person 0.0036 275 110 310 165
person 0.0033 491 162 498 181
person 0.0025 465 152 484 177
person 0.0025 480 174 496 212
person 0.0025 483 189 492 210
person 0.0019 449 150 483 177
person 0.0015 489 141 501 184
person 0.0015 299 114 331 162
person 0.0013 477 154 492 188
person 0.0011 450 158 463 172
person 0.0011 442 163 452 180
person 0.0010 490 147 500 218
person 0.0010 458 156 475 183
sheep 0.0013 90 70 457 349
sheep 0.0010 433 133 499 180
train 0.9998 65 45 449 338
train 0.2603 1 106 91 249
train 0.0972 433 133 499 180
train 0.0620 50 105 119 251
train 0.0121 2 141 93 213
train 0.0065 63 131 104 224
train 0.0051 48 135 92 216
train 0.0044 27 126 103 201
train 0.0024 449 150 483 177
train 0.0013 71 105 131 321
train 0.0011 454 138 491 206
train 0.0010 31 117 100 306
