bicycle 0.0034 363 231 494 367
bottle 0.0065 322 195 338 243
bottle 0.0047 312 197 333 240
bottle 0.0033 254 207 296 233
bottle 0.0027 287 199 315 237
bottle 0.0010 203 202 247 238
bottle 0.0010 291 210 311 246
car 0.0010 442 174 503 247
chair 0.4714 175 252 331 358
chair 0.3692 347 287 474 372
chair 0.2646 275 248 354 368
chair 0.1659 449 296 501 370
chair 0.1410 363 231 494 367
chair 0.0334 110 204 182 329
chair 0.0317 169 279 278 369
chair 0.0137 146 211 369 367
chair 0.0106 403 302 503 370
chair 0.0050 338 276 413 375
chair 0.0050 258 279 398 368
chair 0.0043 476 252 498 369
chair 0.0042 447 210 497 371
chair 0.0040 109 232 143 321
chair 0.0021 442 174 503 247
chair 0.0020 191 263 281 332
chair 0.0016 301 259 435 362
chair 0.0012 324 228 390 360
cow 0.0013 162 194 393 363
diningtable 0.8807 162 206 394 370
diningtable 0.5568 175 252 331 358
diningtable 0.0041 363 231 494 367
diningtable 0.0026 442 174 503 247
diningtable 0.0026 263 254 376 359
diningtable 0.0014 449 296 501 370
diningtable 0.0012 204 280 360 366
dog 0.0014 284 187 321 234
person 0.9915 326 170 385 230
person 0.9297 113 152 202 327
person 0.8999 194 173 252 235
person 0.7674 345 187 480 369
person 0.5297 450 172 500 250
person 0.4184 142 191 379 364
person 0.3470 444 184 501 323
person 0.3399 270 179 332 230
person 0.1612 453 208 495 300
person 0.1424 320 176 355 229
person 0.1209 284 187 321 234
person 0.1185 162 154 195 234
person 0.0587 292 183 328 222
person 0.0521 49 171 72 213
person 0.0406 36 148 63 208
person 0.0237 445 248 497 369
person 0.0195 415 207 496 373
person 0.0155 241 191 323 233
person 0.0150 470 179 501 286
person 0.0127 129 161 195 233
person 0.0124 396 180 439 225
person 0.0122 320 188 341 234
person 0.0116 300 182 374 233
person 0.0101 464 193 501 387
person 0.0097 308 190 334 232
person 0.0096 142 199 276 343
person 0.0066 164 260 278 362
person 0.0065 207 180 244 220
person 0.0065 33 150 55 196
person 0.0061 262 205 304 233
person 0.0055 270 158 385 232
person 0.0047 475 218 498 366
person 0.0040 488 157 499 227
person 0.0037 477 180 498 220
person 0.0036 280 181 326 210
person 0.0035 441 199 505 267
person 0.0030 349 192 389 229
person 0.0026 277 195 310 229
person 0.0026 45 149 75 211
person 0.0022 378 188 447 231
person 0.0019 263 254 376 359
person 0.0018 422 181 493 241
person 0.0017 213 177 305 228
person 0.0016 238 209 399 335
person 0.0014 253 177 397 251
person 0.0011 141 167 261 279
person 0.0011 492 188 499 272
person 0.0011 328 187 349 231
sofa 0.0019 162 206 394 370
sofa 0.0016 363 231 494 367
tvmonitor 0.0014 442 174 503 247
