aeroplane 0.0129 431 41 481 63
aeroplane 0.0060 8 -45 492 321
aeroplane 0.0014 382 38 415 66
bicycle 0.9999 13 -20 489 363
bicycle 0.1956 433 33 479 63
bicycle 0.1237 382 30 416 66
bicycle 0.0373 418 33 459 62
bicycle 0.0081 399 32 438 63
bicycle 0.0045 417 31 439 62
bicycle 0.0032 455 33 478 61
bicycle 0.0026 386 41 426 64
bicycle 0.0025 434 40 457 63
bicycle 0.0024 381 34 401 71
bicycle 0.0021 466 31 481 63
bicycle 0.0021 407 42 450 62
bicycle 0.0017 443 33 467 61
bicycle 0.0013 408 30 428 63
boat 0.0045 8 -45 492 321
boat 0.0034 431 41 481 63
car 0.0182 382 30 416 66
car 0.0163 429 34 466 62
car 0.0047 444 34 484 62
car 0.0035 409 32 448 62
car 0.0026 8 -45 492 321
car 0.0011 434 29 477 51
car 0.0010 388 19 409 59
cat 0.0034 431 41 481 63
cat 0.0010 387 27 410 66
cow 0.0236 429 34 466 62
cow 0.0108 387 27 410 66
cow 0.0042 409 32 448 62
cow 0.0041 397 29 416 65
cow 0.0025 444 34 484 62
cow 0.0017 381 26 402 67
dog 0.0169 433 33 479 63
dog 0.0097 387 27 410 66
dog 0.0032 418 33 459 62
dog 0.0029 397 29 416 65
dog 0.0013 381 26 402 67
horse 0.0624 429 34 466 62
horse 0.0573 382 30 416 66
horse 0.0130 409 32 448 62
horse 0.0110 444 34 484 62
motorbike 0.1600 433 33 479 63
motorbike 0.1230 382 30 416 66
motorbike 0.0283 418 33 459 62
motorbike 0.0050 399 32 438 63
motorbike 0.0048 417 31 439 62
motorbike 0.0037 455 33 478 61
motorbike 0.0029 8 -45 492 321
motorbike 0.0023 443 33 467 61
motorbike 0.0019 466 31 481 63
motorbike 0.0017 434 40 457 63
motorbike 0.0012 381 34 401 71
motorbike 0.0011 408 30 428 63
person 0.0693 -3 -23 110 277
person 0.0238 387 27 410 66
person 0.0087 397 29 416 65
person 0.0074 433 33 479 63
person 0.0061 434 34 459 61
person 0.0047 1 -36 62 236
person 0.0037 381 26 402 67
person 0.0032 417 31 439 62
person 0.0026 434 29 477 51
person 0.0025 427 32 449 61
person 0.0023 455 33 478 61
person 0.0023 466 31 481 63
person 0.0019 470 36 478 57
person 0.0014 8 -45 492 321
person 0.0011 449 32 462 43
person 0.0011 443 33 467 61
sheep 0.0014 382 30 416 66
sheep 0.0013 429 34 466 62
sofa 0.0014 8 -45 492 321
