aeroplane 0.0010 -7 -7 337 371
bicycle 0.0011 -7 -7 337 371
bottle 0.0031 163 381 262 443
bottle 0.0029 60 339 97 407
bottle 0.0020 3 312 262 413
bottle 0.0018 276 0 309 59
bottle 0.0014 150 350 248 480
bottle 0.0013 -7 -7 337 371
bottle 0.0013 -7 298 344 461
bottle 0.0013 148 373 251 417
cat 0.0149 -7 -7 337 371
chair 0.0098 12 5 374 488
chair 0.0073 -30 277 372 481
chair 0.0037 10 337 324 510
dog 0.0091 -7 -7 337 371
dog 0.0015 156 320 236 390
horse 0.0020 -7 -7 337 371
person 0.9983 -1 300 337 498
person 0.9965 -7 1 332 488
person 0.0037 156 320 236 390
person 0.0036 19 315 315 421
person 0.0029 40 341 294 461
person 0.0013 -32 341 223 511
sofa 0.0157 12 5 374 488
tvmonitor 0.0010 -7 -7 337 371
