bicycle 0.0021 1 137 8 225
car 0.0033 308 107 367 296
car 0.0016 1 137 8 225
cow 0.0013 71 160 219 320
horse 0.9964 69 172 224 325
horse 0.0117 2 153 54 355
horse 0.0115 0 158 16 316
horse 0.0014 308 107 367 296
horse 0.0012 0 138 28 369
motorbike 0.0012 1 137 8 225
person 0.9929 308 106 369 334
person 0.0292 299 120 345 315
person 0.0272 305 132 331 223
person 0.0031 0 158 16 316
person 0.0027 1 137 8 225
person 0.0027 310 140 330 186
person 0.0027 305 145 320 198
person 0.0021 315 127 349 226
person 0.0019 304 139 329 289
person 0.0010 484 121 496 275
person 0.0010 1 95 15 223
