bicycle 0.8811 46 150 125 281
bicycle 0.0728 2 156 83 348
bicycle 0.0202 15 128 120 246
bicycle 0.0161 74 109 211 354
bicycle 0.0123 28 173 106 328
bicycle 0.0091 63 168 109 263
bicycle 0.0051 30 235 97 345
bicycle 0.0051 3 201 59 376
bicycle 0.0025 45 251 88 334
bicycle 0.0023 31 178 113 252
bicycle 0.0014 5 250 87 363
bicycle 0.0012 79 169 123 259
bicycle 0.0010 63 175 134 324
bicycle 0.0010 8 110 88 283
bottle 0.0027 188 195 209 244
bottle 0.0012 364 149 493 271
bus 0.0013 342 138 494 258
car 0.9691 361 135 500 261
car 0.0020 283 108 425 356
car 0.0012 351 140 442 294
chair 0.0027 351 140 442 294
chair 0.0020 364 149 493 271
chair 0.0016 43 107 120 247
diningtable 0.0077 43 130 125 266
dog 0.0041 352 148 482 279
motorbike 0.0130 43 107 120 247
motorbike 0.0121 2 156 83 348
motorbike 0.0011 364 149 493 271
person 0.9856 264 100 383 371
person 0.9566 105 102 247 366
person 0.9408 0 132 55 370
person 0.7845 35 92 105 225
person 0.4470 351 140 442 294
person 0.3435 163 103 243 333
person 0.0274 364 149 493 271
person 0.0259 30 123 113 269
person 0.0221 40 97 91 182
person 0.0087 -2 82 33 355
person 0.0074 352 146 388 215
person 0.0073 348 146 373 238
person 0.0071 6 117 86 315
person 0.0041 103 138 194 338
person 0.0033 0 102 58 256
person 0.0031 349 132 405 264
person 0.0024 41 121 121 192
person 0.0023 -1 132 15 371
person 0.0019 11 183 40 321
person 0.0015 7 137 42 247
person 0.0013 350 140 372 186
person 0.0011 317 135 391 335
person 0.0011 70 131 191 247
person 0.0010 139 125 264 269
person 0.0010 273 118 332 352
person 0.0010 48 123 87 228
