bicycle 0.0036 389 164 428 194
bicycle 0.0018 378 168 398 212
bicycle 0.0017 360 168 397 193
bus 0.0142 42 191 271 377
bus 0.0040 425 162 451 186
bus 0.0017 389 160 428 186
bus 0.0012 329 162 366 184
bus 0.0010 324 156 359 178
car 0.9383 327 161 358 185
car 0.4468 389 160 428 186
car 0.4303 425 162 451 186
car 0.1731 299 157 343 189
car 0.1158 360 168 397 193
car 0.0775 371 163 408 185
car 0.0756 353 166 389 185
car 0.0511 326 168 370 189
car 0.0486 266 160 302 180
car 0.0434 388 160 409 187
car 0.0341 382 165 396 182
car 0.0339 360 172 379 188
car 0.0276 424 168 463 195
car 0.0265 380 161 399 187
car 0.0239 323 158 343 187
car 0.0229 276 159 293 172
car 0.0190 361 169 380 182
car 0.0173 274 163 295 176
car 0.0152 339 166 360 180
car 0.0107 381 160 447 193
car 0.0106 398 164 435 196
car 0.0098 380 167 417 193
car 0.0094 372 167 387 181
car 0.0092 291 154 334 177
car 0.0086 305 159 372 192
car 0.0086 339 167 408 196
car 0.0085 407 164 427 180
car 0.0075 300 160 325 200
car 0.0070 438 166 451 180
car 0.0069 370 162 391 187
car 0.0067 32 200 70 224
car 0.0047 343 171 404 214
car 0.0044 421 172 456 207
car 0.0042 382 160 396 170
car 0.0041 355 174 369 186
car 0.0040 398 165 418 180
car 0.0037 278 159 330 185
car 0.0035 330 161 351 171
car 0.0035 390 160 434 288
car 0.0034 459 166 472 181
car 0.0031 452 167 462 179
car 0.0030 391 160 404 170
car 0.0030 429 170 446 189
car 0.0028 354 169 368 180
car 0.0027 431 160 445 172
car 0.0027 284 165 299 177
car 0.0026 422 165 435 180
car 0.0026 370 156 409 176
car 0.0024 311 155 354 178
car 0.0023 428 152 449 181
car 0.0022 397 157 437 176
car 0.0022 254 166 270 178
car 0.0020 408 161 425 170
car 0.0019 352 174 390 207
car 0.0018 325 160 339 170
car 0.0015 446 162 485 183
car 0.0015 459 174 472 184
car 0.0015 492 162 498 187
car 0.0014 390 170 403 189
car 0.0014 328 156 368 178
car 0.0013 343 161 355 171
car 0.0013 456 160 475 184
car 0.0013 295 158 310 168
car 0.0012 1 181 7 280
car 0.0012 268 155 315 175
car 0.0011 382 170 394 189
car 0.0011 401 160 415 169
car 0.0011 420 160 438 188
car 0.0010 43 205 61 218
car 0.0010 381 169 442 218
car 0.0010 285 159 297 170
car 0.0010 328 170 351 186
cow 0.0035 330 182 396 294
horse 0.9997 29 176 265 357
horse 0.9757 339 183 402 295
horse 0.0152 368 175 422 303
horse 0.0113 385 194 411 305
horse 0.0068 356 174 393 253
horse 0.0022 284 172 336 358
horse 0.0018 360 168 397 193
horse 0.0016 343 171 404 214
horse 0.0013 347 192 446 303
motorbike 0.0149 360 168 397 193
motorbike 0.0121 389 164 428 194
motorbike 0.0117 426 162 451 198
motorbike 0.0091 380 166 397 196
motorbike 0.0055 339 169 406 276
motorbike 0.0034 387 164 407 195
motorbike 0.0033 343 171 404 214
motorbike 0.0024 358 172 381 208
motorbike 0.0022 300 160 325 200
motorbike 0.0018 299 157 343 189
motorbike 0.0016 359 169 393 222
motorbike 0.0016 432 174 454 206
motorbike 0.0014 360 172 379 188
motorbike 0.0014 327 160 355 185
motorbike 0.0010 405 159 428 189
person 0.9989 284 162 336 341
person 0.9972 115 130 159 259
person 0.9852 391 164 433 304
person 0.8164 430 172 458 304
person 0.5390 411 164 453 307
person 0.4806 385 194 411 305
person 0.0914 368 175 422 303
person 0.0722 380 166 397 196
person 0.0250 368 165 390 196
person 0.0206 122 130 157 197
person 0.0204 359 169 393 222
person 0.0166 359 168 381 193
person 0.0163 299 177 331 323
person 0.0160 405 162 428 197
person 0.0149 382 170 394 189
person 0.0124 300 160 325 200
person 0.0115 382 165 396 182
person 0.0082 210 221 269 354
person 0.0078 432 174 454 206
person 0.0069 492 162 498 187
person 0.0066 377 175 398 224
person 0.0058 426 162 451 198
person 0.0055 1 181 7 280
person 0.0050 371 171 386 188
person 0.0048 372 167 387 181
person 0.0042 108 156 170 236
person 0.0041 359 181 381 220
person 0.0039 370 168 406 193
person 0.0035 387 164 407 195
person 0.0035 343 171 404 214
person 0.0033 295 162 331 228
person 0.0031 459 166 472 181
person 0.0027 350 187 395 292
person 0.0023 397 169 431 227
person 0.0019 479 164 492 181
person 0.0017 16 156 35 206
person 0.0017 361 169 380 182
person 0.0017 475 157 497 184
person 0.0016 420 179 438 222
person 0.0016 368 173 407 209
person 0.0015 390 170 403 189
person 0.0015 164 173 187 210
person 0.0014 389 165 406 181
person 0.0014 494 169 499 190
person 0.0014 421 169 446 272
person 0.0013 369 188 388 230
person 0.0013 25 164 35 183
person 0.0012 459 174 472 184
person 0.0011 352 174 390 207
person 0.0011 470 165 480 183
sheep 0.0027 42 191 271 377
train 0.0012 425 162 451 186
