aeroplane 0.0181 177 47 199 54
aeroplane 0.0148 165 46 208 57
aeroplane 0.0143 124 45 173 57
aeroplane 0.0114 457 57 471 64
aeroplane 0.0113 93 45 150 57
aeroplane 0.0112 -5 44 36 58
aeroplane 0.0109 47 40 98 61
aeroplane 0.0079 137 46 160 54
aeroplane 0.0079 388 62 407 68
aeroplane 0.0064 199 47 213 55
aeroplane 0.0062 138 46 198 57
aeroplane 0.0061 389 59 407 65
aeroplane 0.0053 425 56 448 61
aeroplane 0.0053 0 43 10 59
aeroplane 0.0044 189 47 204 55
aeroplane 0.0038 1 46 23 55
aeroplane 0.0037 148 47 168 54
aeroplane 0.0033 378 56 420 68
aeroplane 0.0028 157 47 177 54
aeroplane 0.0027 207 47 222 55
aeroplane 0.0024 71 45 129 58
aeroplane 0.0023 129 46 151 54
aeroplane 0.0022 384 63 397 69
aeroplane 0.0021 168 47 189 54
aeroplane 0.0020 -9 48 41 63
aeroplane 0.0020 21 31 115 63
aeroplane 0.0017 108 46 133 53
aeroplane 0.0017 412 55 460 64
aeroplane 0.0017 184 45 229 57
aeroplane 0.0015 450 57 466 63
aeroplane 0.0014 40 47 103 64
aeroplane 0.0014 116 46 142 54
aeroplane 0.0012 91 46 110 54
aeroplane 0.0012 385 59 397 65
aeroplane 0.0011 6 44 59 58
boat 0.7382 21 31 115 63
boat 0.4096 47 40 98 61
boat 0.2100 388 62 407 68
boat 0.1926 40 47 103 64
boat 0.1009 177 47 199 54
boat 0.1001 425 56 448 61
boat 0.0924 389 59 407 65
boat 0.0846 457 57 471 64
boat 0.0592 93 45 150 57
boat 0.0515 165 46 208 57
boat 0.0508 -5 44 36 58
boat 0.0482 199 47 213 55
boat 0.0397 384 63 397 69
boat 0.0371 124 45 173 57
boat 0.0359 137 46 160 54
boat 0.0357 189 47 204 55
boat 0.0290 401 55 457 65
boat 0.0288 450 57 466 63
boat 0.0288 0 43 10 59
boat 0.0279 1 46 23 55
boat 0.0245 416 56 441 61
boat 0.0223 207 47 222 55
boat 0.0205 -9 48 41 63
boat 0.0191 385 59 397 65
boat 0.0184 148 47 168 54
boat 0.0179 398 63 412 68
boat 0.0155 378 56 420 68
boat 0.0151 129 46 151 54
boat 0.0146 138 46 198 57
boat 0.0144 157 47 177 54
boat 0.0138 168 47 189 54
boat 0.0124 44 44 59 55
boat 0.0122 58 44 121 59
boat 0.0110 108 46 133 53
boat 0.0105 116 46 142 54
boat 0.0102 399 58 413 64
boat 0.0092 6 44 59 58
boat 0.0088 437 57 454 62
boat 0.0088 -11 43 115 69
boat 0.0086 30 41 78 58
boat 0.0079 24 46 42 54
boat 0.0073 0 49 9 65
boat 0.0071 91 46 110 54
boat 0.0058 36 46 51 55
boat 0.0057 409 56 427 61
boat 0.0050 -1 20 121 76
boat 0.0049 15 47 33 54
boat 0.0048 100 46 119 53
boat 0.0041 458 62 470 68
boat 0.0039 433 55 481 66
boat 0.0039 184 45 229 57
boat 0.0034 0 35 13 64
boat 0.0032 0 52 22 60
boat 0.0027 217 46 231 54
boat 0.0027 387 53 409 70
boat 0.0024 58 46 84 55
boat 0.0022 40 29 87 55
boat 0.0022 227 46 243 53
boat 0.0021 42 37 62 59
boat 0.0021 56 35 193 62
boat 0.0020 196 44 254 58
boat 0.0020 25 12 110 57
boat 0.0020 178 42 199 58
boat 0.0019 363 62 419 72
boat 0.0018 69 46 93 55
boat 0.0016 69 48 131 64
boat 0.0015 82 46 101 55
boat 0.0014 43 18 223 72
boat 0.0014 51 45 70 55
boat 0.0013 42 52 60 60
boat 0.0012 114 47 183 63
boat 0.0011 -1 15 10 66
bus 0.0031 388 62 407 68
bus 0.0027 389 59 407 65
car 0.0249 388 62 407 68
car 0.0078 389 59 407 65
car 0.0068 425 56 448 61
car 0.0035 177 47 199 54
car 0.0035 384 63 397 69
car 0.0016 457 57 471 64
car 0.0015 416 56 441 61
car 0.0012 0 43 10 59
car 0.0012 385 59 397 65
person 0.0024 384 63 397 69
person 0.0020 388 62 407 68
person 0.0016 457 57 471 64
person 0.0012 0 43 10 59
person 0.0011 199 47 213 55
pottedplant 0.0020 388 62 407 68
pottedplant 0.0020 389 59 407 65
pottedplant 0.0012 0 43 10 59
pottedplant 0.0010 457 57 471 64
train 0.0077 47 40 98 61
train 0.0049 40 47 103 64
train 0.0033 378 56 420 68
train 0.0030 388 62 407 68
train 0.0027 -5 44 36 58
train 0.0019 93 45 150 57
train 0.0018 401 55 457 65
train 0.0017 165 46 208 57
train 0.0016 389 59 407 65
train 0.0011 -9 48 41 63
