aeroplane 0.8033 168 218 201 265
aeroplane 0.0585 168 241 199 273
aeroplane 0.0486 171 219 182 230
aeroplane 0.0216 167 216 195 235
aeroplane 0.0105 178 251 199 276
aeroplane 0.0086 170 210 189 233
aeroplane 0.0078 172 217 192 250
aeroplane 0.0052 173 220 188 231
aeroplane 0.0034 173 216 187 226
aeroplane 0.0017 172 235 194 264
aeroplane 0.0012 181 258 198 270
bird 0.0021 171 219 182 230
boat 0.0014 171 219 182 230
car 0.0016 129 0 143 6
car 0.0011 122 0 137 4
car 0.0010 68 0 127 7
car 0.0010 76 0 88 6
sheep 0.0023 171 219 182 230
