aeroplane 0.9970 157 109 329 199
aeroplane 0.0337 313 155 403 195
aeroplane 0.0199 298 139 416 184
aeroplane 0.0067 263 142 372 181
aeroplane 0.0050 103 139 226 174
aeroplane 0.0048 286 150 336 174
aeroplane 0.0010 451 153 498 167
bicycle 0.1525 97 190 145 222
bicycle 0.0108 -1 170 9 228
bicycle 0.0044 105 179 131 218
bicycle 0.0018 112 196 159 220
bicycle 0.0016 18 169 34 229
bus 0.0200 425 149 500 255
bus 0.0022 75 152 126 172
bus 0.0020 0 165 10 218
bus 0.0019 78 158 122 180
bus 0.0018 451 153 498 167
bus 0.0010 475 153 495 164
car 0.9780 425 154 499 261
car 0.1139 451 153 498 167
car 0.0841 103 193 153 222
car 0.0740 0 165 10 218
car 0.0632 475 153 495 164
car 0.0490 464 154 487 164
car 0.0399 100 181 140 220
car 0.0366 454 154 478 163
car 0.0273 433 151 481 167
car 0.0219 0 169 8 192
car 0.0169 489 152 500 167
car 0.0111 447 153 467 163
car 0.0104 1 171 58 221
car 0.0088 75 152 126 172
car 0.0065 479 149 493 161
car 0.0060 78 158 122 180
car 0.0055 464 145 507 165
car 0.0052 0 175 8 204
car 0.0047 466 152 519 167
car 0.0047 489 146 499 163
car 0.0042 489 137 500 182
car 0.0036 474 149 496 170
car 0.0034 459 150 472 160
car 0.0032 32 168 72 193
car 0.0031 450 149 463 160
car 0.0028 3 168 22 214
car 0.0028 364 165 381 200
car 0.0027 0 179 7 235
car 0.0021 -1 174 30 207
car 0.0021 -2 147 8 198
car 0.0020 468 150 483 160
car 0.0018 58 151 106 172
car 0.0018 55 157 73 224
car 0.0016 0 159 6 186
car 0.0016 441 152 490 184
car 0.0015 444 146 489 164
car 0.0015 105 167 118 177
car 0.0013 17 169 33 217
car 0.0011 81 167 98 177
car 0.0011 464 151 487 170
car 0.0010 102 178 171 222
car 0.0010 438 154 456 164
car 0.0010 34 167 52 217
horse 0.0132 97 190 145 222
horse 0.0038 105 179 131 218
horse 0.0026 -1 170 9 228
horse 0.0011 366 170 381 204
horse 0.0011 18 169 34 229
motorbike 0.1843 97 190 145 222
motorbike 0.0234 105 179 131 218
motorbike 0.0144 -1 170 9 228
motorbike 0.0042 18 169 34 229
motorbike 0.0027 112 196 159 220
motorbike 0.0023 128 181 145 218
motorbike 0.0017 102 178 171 222
motorbike 0.0013 117 180 141 217
motorbike 0.0012 85 174 139 222
motorbike 0.0012 98 187 122 224
motorbike 0.0011 364 165 381 200
motorbike 0.0011 54 163 72 232
person 0.9222 51 159 79 227
person 0.6202 14 168 43 227
person 0.2684 254 167 266 208
person 0.1816 105 179 131 218
person 0.1637 364 165 381 200
person 0.1307 0 165 10 218
person 0.0994 105 173 122 211
person 0.0797 129 167 143 212
person 0.0489 32 165 60 229
person 0.0488 17 169 33 217
person 0.0320 1 166 25 227
person 0.0217 35 174 50 223
person 0.0195 121 170 138 211
person 0.0188 0 169 8 192
person 0.0167 368 173 377 203
person 0.0112 133 167 140 193
person 0.0106 1 171 58 221
person 0.0104 0 179 7 235
person 0.0094 0 175 8 204
person 0.0094 107 184 149 218
person 0.0082 107 172 117 189
person 0.0068 110 167 128 199
person 0.0066 113 173 124 190
person 0.0064 106 178 118 199
person 0.0055 111 179 126 198
person 0.0053 132 177 141 199
person 0.0048 60 158 76 207
person 0.0041 0 179 6 218
person 0.0040 251 174 261 205
person 0.0029 124 180 135 198
person 0.0028 125 171 134 191
person 0.0027 112 176 144 205
person 0.0023 55 181 72 230
person 0.0022 95 176 129 206
person 0.0019 45 165 79 199
person 0.0018 44 166 62 216
person 0.0018 133 165 140 180
person 0.0016 226 178 261 201
person 0.0016 36 164 92 222
person 0.0015 5 175 42 210
person 0.0015 23 182 41 229
person 0.0013 1 203 5 233
person 0.0012 371 166 381 195
person 0.0011 114 167 125 178
person 0.0010 0 159 6 186
train 0.0012 75 152 126 172
train 0.0011 451 153 498 167
train 0.0011 0 165 10 218
