bird 0.0014 301 144 407 219
cat 0.0011 301 144 407 219
cow 0.0083 277 184 323 217
cow 0.0035 368 111 421 170
cow 0.0028 113 91 175 148
cow 0.0018 298 151 405 226
cow 0.0012 172 211 215 266
cow 0.0011 252 172 379 216
dog 0.0014 259 179 333 218
dog 0.0011 301 144 407 219
dog 0.0011 368 111 421 170
horse 0.0011 298 151 405 226
sheep 0.9910 113 91 175 148
sheep 0.9717 86 177 162 264
sheep 0.9145 375 110 421 171
sheep 0.4754 259 179 333 218
sheep 0.3866 296 156 412 221
sheep 0.1047 163 214 214 264
sheep 0.0704 252 172 379 216
sheep 0.0041 280 181 305 219
sheep 0.0032 362 93 427 187
sheep 0.0017 107 173 170 230
sheep 0.0013 332 128 421 178
