bicycle 0.0025 18 132 242 369
bicycle 0.0012 254 145 465 376
bird 0.0041 385 107 448 165
boat 0.0151 18 132 242 369
boat 0.0012 37 257 240 365
boat 0.0010 289 34 320 114
bottle 0.0114 389 113 469 169
bottle 0.0062 414 128 483 194
bottle 0.0055 393 97 472 218
bottle 0.0048 -1 63 23 92
bottle 0.0025 2 63 10 91
bottle 0.0019 1 55 14 98
bottle 0.0016 3 67 20 87
bottle 0.0016 410 110 450 172
bottle 0.0011 380 97 447 152
bottle 0.0011 382 124 452 185
car 0.0013 18 132 242 369
cat 0.0039 18 132 242 369
cat 0.0022 -1 63 23 92
chair 0.0360 18 132 242 369
chair 0.0037 254 145 465 376
chair 0.0028 246 195 389 380
chair 0.0011 -1 63 23 92
chair 0.0010 1 55 14 98
cow 0.0012 1 55 14 98
diningtable 0.0068 18 132 242 369
dog 0.0072 -1 63 23 92
dog 0.0020 385 107 448 165
dog 0.0015 1 55 14 98
horse 0.0021 18 132 242 369
person 0.9998 23 73 234 372
person 0.9988 274 56 474 336
person 0.9985 243 174 390 377
person 0.9519 110 47 226 348
person 0.9339 289 30 321 100
person 0.2775 -1 63 23 92
person 0.0639 1 55 14 98
person 0.0144 2 63 10 91
person 0.0125 0 45 20 157
person 0.0089 3 67 20 87
person 0.0062 125 63 199 211
person 0.0050 0 14 19 108
person 0.0040 300 28 321 69
person 0.0034 -3 69 31 98
person 0.0033 128 65 163 171
person 0.0020 304 31 317 45
person 0.0020 284 25 338 133
person 0.0019 1 63 41 137
person 0.0018 2 55 9 81
person 0.0017 291 36 315 77
person 0.0014 303 40 322 92
person 0.0014 284 30 323 65
pottedplant 0.0024 289 34 320 114
sofa 0.0403 18 132 242 369
sofa 0.0016 254 145 465 376
