aeroplane 0.0018 316 264 330 279
bicycle 0.0017 316 264 330 279
car 0.9872 40 428 289 497
car 0.7617 101 350 218 399
car 0.0104 61 366 232 404
car 0.0053 316 264 330 279
car 0.0039 327 248 339 264
car 0.0020 78 342 219 383
car 0.0016 77 449 214 484
car 0.0015 95 438 226 476
car 0.0011 326 253 336 271
car 0.0010 70 347 223 427
cow 0.0010 316 264 330 279
motorbike 0.0011 316 264 330 279
person 0.0131 82 437 208 474
person 0.0092 77 449 214 484
person 0.0023 316 264 330 279
person 0.0022 127 452 169 483
person 0.0019 327 248 339 264
person 0.0013 326 253 336 271
