bicycle 0.0010 154 473 319 499
bird 0.0275 163 146 201 213
bird 0.0220 106 169 235 464
bird 0.0106 144 195 215 250
bird 0.0055 140 166 216 354
bird 0.0025 169 144 211 174
bird 0.0024 157 204 199 270
bird 0.0018 140 192 179 253
bird 0.0015 127 208 196 264
bird 0.0014 148 136 213 264
boat 0.0011 154 473 319 499
bottle 0.0496 163 146 201 213
bottle 0.0130 144 195 215 250
bottle 0.0083 176 188 218 251
bottle 0.0044 179 188 202 223
bottle 0.0032 148 136 213 264
bottle 0.0025 163 175 226 229
bottle 0.0017 172 181 210 214
bottle 0.0015 181 199 199 250
bottle 0.0013 159 205 225 266
bottle 0.0011 140 192 179 253
cat 0.0032 100 168 220 462
cow 0.0132 106 169 235 464
diningtable 0.0024 154 473 319 499
dog 0.1893 100 168 220 462
dog 0.0023 154 473 319 499
dog 0.0011 144 195 215 250
dog 0.0011 140 166 216 354
horse 0.0282 88 236 227 468
motorbike 0.0012 154 473 319 499
person 0.9984 258 173 367 469
person 0.8888 102 150 220 450
person 0.5170 285 448 377 499
person 0.1488 154 473 319 499
person 0.0801 200 454 308 500
person 0.0477 240 450 343 498
person 0.0190 256 442 419 508
person 0.0138 0 319 47 473
person 0.0122 236 464 391 501
person 0.0084 133 448 326 499
person 0.0045 214 486 304 499
person 0.0045 228 472 290 501
person 0.0042 89 474 272 499
person 0.0038 187 475 253 496
person 0.0035 157 488 265 499
person 0.0028 140 163 214 395
person 0.0019 144 195 215 250
person 0.0018 211 473 271 498
person 0.0016 0 333 43 417
person 0.0014 321 161 374 508
person 0.0013 113 453 249 501
pottedplant 0.0020 96 135 222 392
sheep 0.4422 106 169 235 464
sheep 0.0045 253 172 368 436
