chair 0.0011 -1 102 20 178
cow 0.9565 57 223 145 295
cow 0.9110 222 215 360 299
cow 0.9087 356 217 403 299
cow 0.4776 138 235 232 307
cow 0.1464 -1 102 20 178
cow 0.0439 324 216 393 294
cow 0.0384 61 151 119 196
cow 0.0324 239 204 357 239
cow 0.0304 203 226 241 295
cow 0.0294 1 97 13 171
cow 0.0200 206 220 278 292
cow 0.0177 226 209 335 257
cow 0.0172 184 237 251 300
cow 0.0141 270 211 362 252
cow 0.0095 359 207 399 234
cow 0.0080 310 213 353 243
cow 0.0052 345 210 404 267
cow 0.0050 221 235 299 302
cow 0.0041 126 225 159 290
cow 0.0030 102 225 148 294
cow 0.0027 0 106 8 198
cow 0.0020 216 231 257 306
cow 0.0017 336 221 377 311
cow 0.0017 276 210 349 236
cow 0.0011 129 227 206 289
cow 0.0010 4 98 35 179
dog 0.0041 1 97 13 171
dog 0.0023 -1 102 20 178
horse 0.0030 1 97 13 171
horse 0.0029 -1 102 20 178
person 0.0022 1 97 13 171
person 0.0012 2 101 19 154
sheep 0.0080 68 155 113 193
sheep 0.0057 1 97 13 171
sheep 0.0036 2 101 19 154
sheep 0.0022 365 217 406 297
sheep 0.0020 359 207 399 234
sheep 0.0013 0 106 8 198
