bus 0.0012 117 66 505 366
car 0.9995 57 66 502 363
car 0.9994 -9 55 283 245
car 0.0081 -2 104 28 175
car 0.0069 -4 73 62 124
car 0.0061 0 49 62 107
car 0.0026 0 118 44 152
car 0.0022 3 80 201 220
car 0.0018 0 106 54 167
car 0.0017 0 115 24 155
car 0.0014 -1 63 26 135
car 0.0012 0 104 10 164
car 0.0011 0 87 58 149
cow 0.0087 197 32 235 60
cow 0.0029 119 31 160 60
dog 0.0013 200 33 231 60
horse 0.0082 197 32 235 60
horse 0.0037 128 30 166 59
motorbike 0.0037 197 32 235 60
motorbike 0.0029 128 30 166 59
motorbike 0.0018 -4 73 62 124
motorbike 0.0011 10 42 43 110
person 0.9659 260 -2 293 76
person 0.9334 197 32 235 60
person 0.6486 48 40 78 97
person 0.4064 128 30 166 59
person 0.4060 14 35 42 95
person 0.1792 32 39 64 97
person 0.0986 16 33 32 84
person 0.0928 116 21 169 64
person 0.0896 1 30 10 84
person 0.0533 5 35 21 81
person 0.0370 225 31 244 61
person 0.0314 110 32 151 64
person 0.0223 16 39 81 96
person 0.0219 0 -5 7 82
person 0.0217 249 0 278 77
person 0.0209 214 32 253 61
person 0.0209 2 51 8 79
person 0.0202 60 41 82 90
person 0.0140 -15 44 284 208
person 0.0116 0 45 10 105
person 0.0114 130 98 166 128
person 0.0088 65 38 94 89
person 0.0085 1 28 25 97
person 0.0078 35 47 91 103
person 0.0071 73 46 91 85
person 0.0069 130 76 195 124
person 0.0065 257 0 273 59
person 0.0061 139 21 173 61
person 0.0059 176 31 219 60
person 0.0049 98 39 140 69
person 0.0048 262 0 282 57
person 0.0045 277 4 305 75
person 0.0042 27 37 56 80
person 0.0034 156 17 176 63
person 0.0032 0 49 62 107
person 0.0032 339 15 371 66
person 0.0030 18 38 29 56
person 0.0028 134 88 180 121
person 0.0025 90 32 131 66
person 0.0024 8 53 18 76
person 0.0024 204 20 267 66
person 0.0022 41 60 61 106
person 0.0021 322 15 349 69
person 0.0020 303 13 333 72
person 0.0019 76 39 102 77
person 0.0019 8 44 17 70
person 0.0018 230 26 253 65
person 0.0018 34 61 55 104
person 0.0017 324 23 340 68
person 0.0017 210 26 238 58
person 0.0016 14 51 33 96
person 0.0016 40 40 67 79
person 0.0015 137 35 160 55
person 0.0014 203 38 245 69
person 0.0013 202 29 237 85
person 0.0013 1 60 7 88
person 0.0012 25 38 38 56
person 0.0011 115 40 163 66
person 0.0011 76 56 87 77
person 0.0011 55 41 69 57
person 0.0011 272 1 291 56
person 0.0011 23 32 40 70
person 0.0011 187 35 255 80
person 0.0011 1 58 46 91
person 0.0011 201 33 231 48
person 0.0010 2 26 6 69
person 0.0010 80 36 121 75
person 0.0010 87 35 168 77
