aeroplane 0.0128 284 259 302 273
aeroplane 0.0107 282 252 305 274
aeroplane 0.0096 242 264 270 281
aeroplane 0.0012 240 293 252 305
bicycle 0.0055 284 259 302 273
bicycle 0.0013 240 267 269 281
bus 0.0160 282 252 305 274
bus 0.0108 284 259 302 273
bus 0.0035 240 264 271 281
car 0.8647 242 264 270 281
car 0.7493 284 259 302 273
car 0.1976 282 252 305 274
car 0.0317 281 263 290 274
car 0.0238 253 266 271 278
car 0.0145 238 269 253 281
car 0.0117 268 265 279 275
car 0.0083 295 260 303 273
car 0.0051 224 267 273 282
car 0.0039 267 270 277 280
car 0.0024 240 293 252 305
car 0.0023 296 255 303 269
car 0.0021 263 259 309 276
car 0.0019 231 271 242 280
car 0.0018 282 256 290 269
motorbike 0.0164 284 259 302 273
motorbike 0.0067 240 265 270 283
motorbike 0.0010 282 252 305 274
person 0.0040 284 259 302 273
person 0.0016 281 263 290 274
person 0.0010 295 260 303 273
train 0.0098 282 252 305 274
train 0.0045 284 259 302 273
train 0.0020 240 264 271 281
