bicycle 0.0015 3 62 495 367
bicycle 0.0014 36 -25 465 276
boat 0.0250 3 62 495 367
boat 0.0046 36 -25 465 276
cat 0.9645 43 -21 456 336
chair 0.2467 26 -6 415 356
chair 0.0134 255 206 464 376
chair 0.0030 480 282 500 379
chair 0.0018 476 219 497 326
chair 0.0017 445 177 496 330
chair 0.0015 151 62 484 374
chair 0.0011 322 65 480 387
diningtable 0.5385 3 62 495 367
diningtable 0.0255 36 -25 465 276
person 0.0062 56 -6 499 366
pottedplant 0.0057 36 -25 465 276
pottedplant 0.0034 3 62 495 367
sofa 0.2247 56 -6 499 366
