bus 0.0030 231 141 370 461
bus 0.0021 -22 90 307 468
motorbike 0.0035 -22 90 307 468
person 0.9975 237 168 364 502
person 0.9346 156 190 228 440
person 0.4498 229 158 286 511
person 0.1917 56 133 234 435
person 0.0399 169 162 265 483
person 0.0379 168 175 197 232
person 0.0363 354 200 373 283
person 0.0077 -22 90 307 468
person 0.0044 172 180 216 252
person 0.0038 129 211 245 371
person 0.0034 175 185 210 225
person 0.0033 159 179 233 302
person 0.0031 340 126 371 197
person 0.0023 174 179 193 220
person 0.0022 215 166 264 469
person 0.0018 295 164 366 475
person 0.0014 237 181 274 255
person 0.0012 343 211 373 301
person 0.0011 257 151 321 520
person 0.0010 193 141 330 456
person 0.0010 161 193 194 284
train 0.9959 -16 63 299 432
train 0.1961 56 133 234 435
train 0.0053 -4 113 176 387
train 0.0028 231 141 370 461
tvmonitor 0.0019 -22 90 307 468
