aeroplane 0.6494 174 99 220 126
aeroplane 0.5051 142 107 192 136
aeroplane 0.4939 128 90 172 118
aeroplane 0.2482 126 100 199 130
aeroplane 0.1747 144 81 192 107
aeroplane 0.1105 154 77 202 97
aeroplane 0.0475 175 80 196 91
aeroplane 0.0426 193 101 216 124
aeroplane 0.0306 119 95 165 112
aeroplane 0.0304 162 109 212 131
aeroplane 0.0181 186 94 221 116
aeroplane 0.0176 182 110 226 129
aeroplane 0.0160 139 87 221 122
aeroplane 0.0158 196 99 214 111
aeroplane 0.0134 129 111 175 129
aeroplane 0.0120 123 98 138 107
aeroplane 0.0088 60 269 120 288
aeroplane 0.0087 165 107 188 137
aeroplane 0.0082 174 84 218 105
aeroplane 0.0072 196 115 213 126
aeroplane 0.0052 -6 273 38 296
aeroplane 0.0046 150 90 201 115
aeroplane 0.0032 207 107 219 119
aeroplane 0.0029 197 92 214 102
aeroplane 0.0028 134 99 162 125
aeroplane 0.0027 168 81 191 90
aeroplane 0.0025 190 89 204 100
aeroplane 0.0025 124 100 149 110
aeroplane 0.0020 176 108 197 134
aeroplane 0.0019 187 114 207 127
aeroplane 0.0018 186 106 211 120
aeroplane 0.0018 194 110 215 130
aeroplane 0.0015 186 108 209 131
aeroplane 0.0015 195 85 215 110
aeroplane 0.0015 206 117 220 126
aeroplane 0.0014 177 115 195 129
aeroplane 0.0014 189 104 235 122
aeroplane 0.0013 -5 268 51 290
aeroplane 0.0013 137 115 159 127
aeroplane 0.0012 154 116 197 141
aeroplane 0.0012 129 70 203 106
aeroplane 0.0012 178 85 194 97
aeroplane 0.0012 187 82 199 91
aeroplane 0.0011 175 80 197 103
aeroplane 0.0011 190 100 208 110
aeroplane 0.0011 127 114 177 143
aeroplane 0.0011 179 80 218 124
aeroplane 0.0010 65 272 132 295
aeroplane 0.0010 134 98 161 111
bird 0.0010 128 90 172 118
boat 0.9416 35 269 137 300
boat 0.8358 323 268 387 302
boat 0.8287 389 268 482 307
boat 0.5407 160 274 236 302
boat 0.4289 253 279 317 297
boat 0.3357 -9 273 54 296
boat 0.1583 55 273 125 294
boat 0.1161 273 275 326 298
boat 0.0818 53 269 113 286
boat 0.0602 184 282 241 304
boat 0.0528 114 273 183 296
boat 0.0424 241 284 313 302
boat 0.0405 31 273 218 297
boat 0.0344 -4 268 36 290
boat 0.0262 2 263 43 310
boat 0.0261 -9 282 42 304
boat 0.0250 6 269 57 290
boat 0.0185 404 275 469 296
boat 0.0165 -3 256 58 300
boat 0.0139 86 264 198 295
boat 0.0135 -1 271 26 297
boat 0.0112 335 281 398 305
boat 0.0105 110 268 170 290
boat 0.0096 403 284 471 304
boat 0.0090 374 257 504 319
boat 0.0088 267 271 319 289
boat 0.0081 170 271 224 290
boat 0.0080 416 265 514 309
boat 0.0078 346 259 486 299
boat 0.0075 144 277 214 296
boat 0.0067 7 282 56 307
boat 0.0061 313 281 375 304
boat 0.0051 379 281 419 308
boat 0.0049 283 282 335 305
boat 0.0046 391 285 503 320
boat 0.0042 488 269 499 321
boat 0.0039 386 278 408 311
boat 0.0038 -1 279 25 291
boat 0.0038 -8 292 41 312
boat 0.0036 86 273 153 295
boat 0.0034 354 275 401 299
boat 0.0033 290 275 351 297
boat 0.0032 34 269 94 285
boat 0.0031 -18 272 115 303
boat 0.0030 192 274 221 298
boat 0.0030 24 298 40 312
boat 0.0028 409 267 465 289
boat 0.0026 148 285 212 301
boat 0.0024 78 269 138 289
boat 0.0021 11 292 52 314
boat 0.0018 338 267 400 291
boat 0.0018 280 270 342 289
boat 0.0017 288 273 315 298
boat 0.0016 448 284 502 305
boat 0.0014 116 283 182 301
boat 0.0014 390 288 404 304
boat 0.0012 20 271 47 298
boat 0.0012 197 276 248 299
boat 0.0011 482 287 493 302
boat 0.0011 32 273 96 295
boat 0.0010 202 273 228 299
boat 0.0010 478 280 497 309
boat 0.0010 491 285 498 306
boat 0.0010 68 271 94 280
boat 0.0010 2 273 22 285
boat 0.0010 368 273 392 299
boat 0.0010 216 290 234 301
bus 0.0010 330 281 388 305
pottedplant 0.0010 489 261 500 313
sheep 0.0059 128 90 172 118
sheep 0.0033 142 107 192 136
sheep 0.0030 174 99 220 126
sheep 0.0022 144 81 192 107
sheep 0.0012 154 77 202 97
sheep 0.0012 175 80 196 91
train 0.0099 330 281 388 305
train 0.0083 -6 273 38 296
train 0.0076 175 281 234 303
train 0.0076 250 282 318 302
train 0.0038 262 276 322 298
train 0.0024 5 273 58 296
train 0.0019 55 273 125 294
train 0.0015 114 273 183 296
train 0.0012 -9 282 42 304
train 0.0012 -5 268 51 290
train 0.0011 53 269 113 286
train 0.0011 338 275 396 300
train 0.0010 157 278 222 297
tvmonitor 0.0027 330 281 388 305
