aeroplane 0.9997 15 43 422 231
aeroplane 0.0539 2 194 91 240
aeroplane 0.0365 5 135 90 185
aeroplane 0.0080 9 149 116 199
aeroplane 0.0076 3 148 65 173
aeroplane 0.0066 4 167 93 226
aeroplane 0.0055 312 215 353 234
aeroplane 0.0029 34 196 137 238
aeroplane 0.0029 -1 139 53 165
aeroplane 0.0018 8 203 59 236
aeroplane 0.0012 0 215 48 243
aeroplane 0.0011 9 197 60 222
bus 0.0012 452 206 495 229
bus 0.0010 384 207 431 229
car 0.2069 312 215 353 234
car 0.0353 178 218 216 235
car 0.0142 122 215 174 242
car 0.0138 452 206 495 229
car 0.0113 384 207 431 229
car 0.0110 146 214 189 238
car 0.0086 185 220 208 233
car 0.0079 0 215 48 243
car 0.0047 178 220 196 233
car 0.0038 311 219 332 233
car 0.0036 194 220 215 235
car 0.0036 405 206 449 228
car 0.0033 96 217 146 242
car 0.0027 235 217 273 235
car 0.0025 456 213 476 226
car 0.0021 392 200 444 224
car 0.0018 1 230 22 242
car 0.0018 8 203 59 236
car 0.0018 -3 226 36 244
car 0.0017 168 220 187 234
car 0.0017 235 219 253 234
car 0.0015 197 215 231 238
car 0.0012 317 216 344 227
car 0.0012 465 213 484 225
car 0.0011 424 208 470 227
car 0.0011 116 223 162 246
car 0.0011 1 228 7 245
car 0.0010 400 214 416 226
car 0.0010 364 210 416 230
car 0.0010 61 216 102 238
cow 0.0016 44 57 426 240
person 0.0050 268 220 280 233
person 0.0037 276 219 288 234
person 0.0036 235 219 253 234
person 0.0024 220 218 231 237
person 0.0016 178 220 196 233
person 0.0014 256 221 272 232
train 0.0019 452 206 495 229
