chair 0.9971 11 309 188 501
chair 0.6769 99 268 332 460
chair 0.6433 67 262 233 468
chair 0.2772 241 251 369 423
chair 0.0601 54 270 153 444
chair 0.0511 201 283 332 428
chair 0.0258 -39 233 348 510
chair 0.0201 314 253 374 416
chair 0.0199 142 292 297 432
chair 0.0102 331 247 374 299
chair 0.0044 86 288 185 451
chair 0.0029 300 248 367 299
chair 0.0025 123 258 249 419
chair 0.0020 242 239 308 289
chair 0.0017 160 250 243 295
chair 0.0010 290 236 329 290
chair 0.0010 191 255 229 292
diningtable 0.8757 -3 275 381 508
diningtable 0.0873 99 268 332 460
diningtable 0.0019 111 295 272 429
diningtable 0.0010 67 262 233 468
person 0.0028 67 262 233 468
person 0.0013 11 309 188 501
pottedplant 0.0552 191 255 229 292
pottedplant 0.0075 182 242 245 289
pottedplant 0.0028 286 210 304 242
pottedplant 0.0018 119 237 160 315
sofa 0.2291 4 248 375 498
sofa 0.0140 92 252 282 432
sofa 0.0011 32 268 191 477
