aeroplane 0.0012 154 106 507 362
bicycle 0.0023 234 59 491 341
bicycle 0.0010 -10 34 354 369
boat 0.0029 154 106 507 362
bottle 0.0096 213 307 234 348
car 0.0018 148 131 506 366
car 0.0011 17 80 400 363
cat 0.0050 271 100 505 368
chair 0.0275 17 80 400 363
chair 0.0149 271 100 505 368
diningtable 0.0021 234 59 491 341
dog 0.0013 271 100 505 368
person 0.9978 231 99 500 372
person 0.9881 -2 58 348 372
person 0.9558 169 216 313 367
person 0.0799 120 105 383 366
sofa 0.2456 154 106 507 362
sofa 0.0983 17 80 400 363
