bottle 0.1606 460 175 473 210
bottle 0.0403 480 185 493 240
bottle 0.0112 488 180 498 244
bottle 0.0110 458 184 475 237
bottle 0.0072 35 165 72 213
bottle 0.0064 461 176 487 241
bottle 0.0059 453 190 491 268
bottle 0.0026 467 189 483 235
bottle 0.0022 461 173 470 199
bottle 0.0017 482 203 489 239
bottle 0.0016 492 166 500 223
bottle 0.0014 491 190 497 213
bottle 0.0013 264 189 319 219
bottle 0.0012 493 183 499 206
bottle 0.0011 462 186 470 213
bottle 0.0010 452 180 482 207
cat 0.0013 112 -6 368 242
chair 0.7172 356 178 433 273
chair 0.0279 404 209 506 277
chair 0.0164 312 162 425 269
chair 0.0139 448 205 493 279
chair 0.0120 376 175 486 277
chair 0.0083 368 181 419 247
chair 0.0046 265 146 382 260
chair 0.0025 431 204 477 279
chair 0.0014 353 186 399 263
chair 0.0011 -3 220 102 277
chair 0.0010 387 179 432 248
chair 0.0010 0 214 8 304
chair 0.0010 141 174 372 270
diningtable 0.2553 423 211 511 276
diningtable 0.0070 376 175 486 277
diningtable 0.0046 448 205 493 279
diningtable 0.0014 412 186 537 274
motorbike 0.0012 112 -6 368 242
person 0.9976 99 -3 343 273
person 0.3222 265 143 379 234
person 0.0609 214 156 372 263
person 0.0138 255 181 346 223
person 0.0037 314 141 392 273
person 0.0030 264 189 319 219
person 0.0014 310 147 363 220
pottedplant 0.0440 35 165 72 213
tvmonitor 0.0014 112 -6 368 242
