bird 0.0046 99 378 146 406
bottle 0.8412 99 378 146 406
bottle 0.1205 103 372 149 423
bottle 0.0043 100 372 146 394
bottle 0.0031 115 385 148 408
bottle 0.0016 115 377 171 403
bottle 0.0013 100 392 148 438
bottle 0.0011 109 384 137 398
bus 0.0266 321 59 371 119
bus 0.0083 248 40 310 93
car 0.9301 316 62 374 116
car 0.0023 315 77 358 106
cat 0.0131 99 378 146 406
chair 0.0045 99 378 146 406
chair 0.0021 209 427 253 451
diningtable 0.0014 91 383 154 432
dog 0.0795 99 378 146 406
dog 0.0026 101 384 146 425
pottedplant 0.0053 212 432 252 456
pottedplant 0.0014 98 377 152 419
pottedplant 0.0012 203 316 223 349
train 0.0040 248 40 310 93
tvmonitor 0.0017 248 40 310 93
tvmonitor 0.0011 315 72 376 121
