person 0.9989 190 204 225 308
person 0.9805 252 204 282 315
person 0.9662 289 201 318 294
person 0.8268 440 183 490 316
person 0.8115 338 204 362 274
person 0.4495 299 194 326 287
person 0.1015 335 209 351 268
person 0.0182 478 188 496 317
person 0.0126 454 211 484 320
person 0.0052 325 209 348 281
person 0.0038 260 198 288 279
person 0.0032 431 215 501 293
person 0.0031 279 192 326 307
person 0.0026 491 184 498 292
person 0.0023 156 245 173 289
person 0.0022 350 210 365 267
person 0.0021 420 220 434 277
person 0.0020 278 213 292 280
person 0.0019 314 214 328 262
person 0.0017 264 199 282 239
person 0.0016 443 216 471 315
person 0.0013 281 213 342 285
person 0.0011 277 203 290 257
person 0.0010 268 203 279 219
person 0.0010 482 165 498 269
person 0.0010 254 205 273 253
person 0.0010 323 214 341 262
pottedplant 0.0014 145 183 182 240
