aeroplane 0.0043 282 272 343 297
bicycle 0.9414 282 252 340 297
bicycle 0.0034 279 233 331 288
boat 0.0018 291 258 335 298
bus 0.0020 146 245 188 275
car 0.3394 146 245 188 275
car 0.0780 139 255 178 274
car 0.0124 142 238 215 279
car 0.0098 218 215 233 225
car 0.0092 139 259 159 272
car 0.0088 132 251 171 272
car 0.0038 144 258 169 273
car 0.0033 74 254 171 287
car 0.0029 114 259 165 276
car 0.0029 126 250 198 284
car 0.0025 65 238 149 278
car 0.0023 162 245 208 274
car 0.0017 290 242 333 276
car 0.0014 294 236 328 265
car 0.0014 107 249 149 269
car 0.0013 183 263 233 291
car 0.0013 226 215 240 225
car 0.0010 168 253 241 287
car 0.0010 79 249 121 270
dog 0.0030 291 258 335 298
horse 0.0029 291 258 335 298
motorbike 0.0293 282 252 340 297
motorbike 0.0025 279 233 331 288
motorbike 0.0011 290 242 333 276
person 0.6392 291 229 330 285
person 0.0603 292 233 313 268
person 0.0169 294 236 328 265
person 0.0117 308 240 331 279
person 0.0097 299 239 325 280
person 0.0090 299 246 340 274
person 0.0048 285 233 306 267
person 0.0025 294 237 311 258
person 0.0018 0 224 7 293
person 0.0017 44 203 55 221
person 0.0014 285 228 321 257
person 0.0011 287 239 301 260
