aeroplane 0.0021 447 4 483 26
bicycle 0.9987 249 114 470 344
bicycle 0.9967 2 120 142 255
bicycle 0.9955 110 93 311 347
bicycle 0.5779 183 45 323 311
bicycle 0.0116 -1 159 26 269
bicycle 0.0084 206 88 375 343
bicycle 0.0068 -3 124 57 262
bicycle 0.0024 0 130 57 189
bicycle 0.0019 -4 143 33 315
bicycle 0.0015 1 173 43 253
bicycle 0.0012 282 149 439 297
bicycle 0.0011 0 123 26 227
boat 0.0014 110 71 324 318
bus 0.0053 370 0 410 22
car 0.9794 369 2 411 23
car 0.4521 447 4 483 26
car 0.1230 447 7 467 25
car 0.1066 333 6 366 27
car 0.0495 378 5 433 23
car 0.0272 321 12 363 32
car 0.0267 339 9 360 24
car 0.0244 352 5 392 24
car 0.0172 360 8 379 22
car 0.0109 419 9 435 20
car 0.0094 407 10 430 20
car 0.0093 333 9 352 25
car 0.0090 468 9 483 23
car 0.0076 355 2 431 27
car 0.0065 309 5 359 29
car 0.0050 426 6 470 24
car 0.0045 360 9 419 33
car 0.0039 353 10 367 23
car 0.0034 403 8 450 23
car 0.0034 335 13 384 30
car 0.0032 428 9 444 20
car 0.0030 338 15 360 27
car 0.0022 373 4 406 14
car 0.0019 398 12 455 34
car 0.0016 439 9 456 21
car 0.0014 331 15 352 28
car 0.0013 330 9 354 35
car 0.0013 386 3 411 14
car 0.0013 442 7 487 36
car 0.0010 466 3 484 29
chair 0.2855 290 117 486 331
person 0.9622 202 28 321 281
person 0.0099 110 71 324 318
person 0.0028 290 117 486 331
person 0.0019 0 123 26 227
train 0.0011 370 0 410 22
