bird 0.0021 139 100 226 275
bottle 0.0010 139 100 226 275
car 0.0018 118 91 148 109
car 0.0010 139 100 226 275
chair 0.0176 139 100 226 275
cow 0.0015 139 100 226 275
dog 0.5751 139 100 226 275
horse 0.9672 317 117 373 233
horse 0.0453 139 100 226 275
horse 0.0014 313 160 379 215
motorbike 0.0071 308 105 374 225
motorbike 0.0010 139 100 226 275
person 0.9788 136 41 235 249
person 0.0017 308 105 374 225
person 0.0010 148 96 213 258
pottedplant 0.0068 0 62 18 146
pottedplant 0.0015 0 74 5 127
sheep 0.0015 139 100 226 275
