bicycle 0.0020 15 -18 320 345
bottle 0.0098 380 209 411 266
chair 0.9852 374 -10 495 232
chair 0.1330 32 42 363 382
chair 0.0142 227 73 285 204
chair 0.0109 279 43 383 184
chair 0.0025 191 38 299 177
chair 0.0021 5 157 267 370
chair 0.0019 354 21 435 176
chair 0.0018 0 35 24 393
chair 0.0016 0 80 11 353
chair 0.0010 291 1 432 207
chair 0.0010 281 9 322 82
chair 0.0010 481 78 499 201
diningtable 0.0022 370 -33 493 209
diningtable 0.0018 32 42 363 382
dog 0.0023 12 62 275 362
person 0.9993 17 18 308 375
person 0.0088 51 2 91 36
person 0.0019 69 0 91 38
sofa 0.0967 32 42 363 382
tvmonitor 0.0019 332 298 471 363
