bottle 0.0035 171 213 206 314
bottle 0.0020 159 198 217 330
car 0.0015 235 0 308 7
chair 0.9894 167 53 220 197
chair 0.1139 116 81 176 204
chair 0.0109 137 62 243 199
chair 0.0053 179 61 224 153
chair 0.0049 96 5 392 364
chair 0.0047 145 71 204 209
chair 0.0039 159 85 227 166
chair 0.0031 162 79 187 201
chair 0.0029 2 62 74 214
chair 0.0020 186 60 260 223
diningtable 0.0151 116 81 176 204
diningtable 0.0043 166 70 218 205
diningtable 0.0039 120 74 222 195
diningtable 0.0025 96 5 392 364
diningtable 0.0013 148 54 205 201
dog 0.0015 119 86 380 383
person 0.9989 125 63 372 382
person 0.9768 0 29 79 180
person 0.0355 12 16 84 127
person 0.0087 106 53 169 201
person 0.0037 9 17 71 85
person 0.0028 -2 55 51 190
person 0.0016 3 67 75 142
person 0.0011 -9 14 103 226
sofa 0.0019 45 49 376 384
