bicycle 0.0012 1 193 8 221
boat 0.0064 0 161 11 202
boat 0.0052 1 171 8 192
boat 0.0015 116 120 163 142
boat 0.0013 1 178 9 199
bus 0.0455 0 169 12 210
bus 0.0130 1 178 9 199
bus 0.0112 1 171 8 192
bus 0.0076 415 169 459 198
bus 0.0028 0 140 9 205
bus 0.0021 0 187 11 226
bus 0.0017 478 183 495 193
bus 0.0015 3 171 17 210
bus 0.0014 2 183 9 214
bus 0.0011 1 193 8 221
car 0.8467 416 173 457 199
car 0.1879 0 176 12 221
car 0.1348 1 178 9 199
car 0.1198 478 183 495 193
car 0.0635 1 171 8 192
car 0.0520 1 193 8 221
car 0.0367 2 183 9 214
car 0.0263 490 181 498 197
car 0.0252 0 161 11 202
car 0.0201 434 169 461 197
car 0.0154 468 180 503 195
car 0.0141 3 178 18 218
car 0.0127 7 183 15 196
car 0.0123 448 167 467 198
car 0.0102 397 176 445 198
car 0.0097 393 180 406 195
car 0.0093 414 179 440 196
car 0.0055 470 181 481 194
car 0.0047 451 173 464 190
car 0.0041 6 187 15 209
car 0.0041 437 175 458 188
car 0.0041 450 177 464 198
car 0.0037 422 178 450 196
car 0.0031 403 162 464 201
car 0.0030 7 176 14 188
car 0.0025 18 184 28 193
car 0.0022 26 184 39 192
car 0.0021 481 176 491 189
car 0.0020 410 180 425 195
car 0.0017 458 177 496 197
car 0.0016 471 174 478 190
car 0.0015 489 170 499 206
car 0.0015 457 162 469 202
car 0.0015 20 177 27 186
car 0.0015 0 213 7 302
car 0.0014 491 172 497 192
car 0.0014 28 177 37 186
car 0.0013 0 191 9 243
car 0.0013 425 175 449 188
car 0.0011 410 175 423 189
car 0.0011 343 182 356 194
car 0.0010 416 176 438 188
motorbike 0.0018 1 193 8 221
motorbike 0.0018 478 183 495 193
motorbike 0.0018 0 176 12 221
motorbike 0.0014 425 174 463 198
motorbike 0.0011 1 178 9 199
person 0.0666 457 162 469 202
person 0.0217 459 174 468 199
person 0.0121 175 170 182 189
person 0.0068 327 170 337 190
person 0.0062 478 183 495 193
person 0.0049 490 181 498 197
person 0.0040 448 167 467 198
person 0.0038 393 180 406 195
person 0.0037 336 172 343 191
person 0.0032 1 178 9 199
person 0.0029 1 193 8 221
person 0.0025 401 172 412 191
person 0.0024 450 177 464 198
person 0.0024 1 171 8 192
person 0.0023 451 173 464 190
person 0.0022 0 176 12 221
person 0.0016 325 163 341 194
person 0.0015 398 166 415 197
person 0.0014 460 165 468 180
person 0.0013 0 282 5 366
person 0.0013 2 183 9 214
person 0.0012 392 167 410 197
person 0.0012 175 160 182 184
person 0.0011 471 174 478 190
person 0.0011 172 165 185 194
person 0.0010 1 303 4 343
person 0.0010 0 216 6 316
pottedplant 0.0014 1 171 8 192
train 0.0102 0 169 12 210
train 0.0017 1 178 9 199
train 0.0016 1 171 8 192
train 0.0016 415 169 459 198
train 0.0013 0 140 9 205
train 0.0010 0 187 11 226
tvmonitor 0.0027 0 161 11 202
tvmonitor 0.0015 1 171 8 192
tvmonitor 0.0010 1 178 9 199
