bottle 0.5207 126 18 165 100
bottle 0.1176 111 9 138 73
bottle 0.0838 120 4 136 49
bottle 0.0591 92 6 122 67
bottle 0.0508 109 4 131 50
bottle 0.0277 128 11 168 42
bottle 0.0272 98 3 120 50
bottle 0.0181 139 34 170 112
bottle 0.0119 88 6 113 48
bottle 0.0118 113 26 128 80
bottle 0.0104 104 1 115 17
bottle 0.0071 102 0 119 35
bottle 0.0063 73 6 107 67
bottle 0.0059 72 10 139 63
bottle 0.0051 110 14 173 74
bottle 0.0047 141 13 170 78
bottle 0.0041 125 6 152 44
bottle 0.0032 58 7 123 47
bottle 0.0029 118 22 136 85
bottle 0.0026 85 3 118 32
bottle 0.0025 103 6 116 26
bottle 0.0023 71 5 94 46
bottle 0.0020 123 7 135 30
bottle 0.0019 122 12 134 41
bottle 0.0018 103 3 136 34
bottle 0.0017 93 2 108 16
bottle 0.0013 109 2 127 17
bottle 0.0013 121 15 157 53
bottle 0.0013 82 8 98 47
bottle 0.0013 97 24 161 88
chair 0.0016 128 11 168 42
dog 0.9884 113 171 257 378
person 0.9975 329 13 493 350
person 0.0018 105 193 262 371
