aeroplane 0.0028 62 171 192 213
bird 0.0462 245 99 286 133
bird 0.0171 260 43 270 59
bird 0.0153 308 44 319 60
bird 0.0143 308 48 317 64
bird 0.0098 261 48 270 65
bird 0.0096 343 14 359 65
bird 0.0069 68 105 108 147
bird 0.0057 252 93 292 125
bird 0.0044 77 170 202 216
bird 0.0035 265 44 275 58
bird 0.0026 273 86 290 129
bird 0.0017 307 38 320 66
bird 0.0016 259 39 272 65
bird 0.0014 313 43 324 59
bird 0.0012 70 162 110 189
bird 0.0011 288 43 300 54
cat 0.0278 77 170 202 216
cat 0.0068 68 105 108 147
cat 0.0050 245 99 286 133
cow 0.0028 62 171 192 213
cow 0.0018 59 103 114 161
dog 0.8762 62 171 192 213
dog 0.7798 59 103 114 161
dog 0.0151 71 160 194 241
dog 0.0115 64 104 101 147
dog 0.0038 245 99 286 133
dog 0.0020 55 143 169 217
dog 0.0015 61 114 140 173
dog 0.0011 58 165 126 209
horse 0.0013 63 102 108 163
person 0.0022 77 170 202 216
sheep 0.0054 62 171 192 213
sheep 0.0018 308 48 317 64
sheep 0.0014 63 102 108 163
sheep 0.0010 260 43 270 59
