bottle 0.3662 407 127 427 176
bottle 0.1023 262 302 303 368
bottle 0.0112 405 133 433 208
bottle 0.0091 400 134 436 171
bottle 0.0039 401 122 422 167
bottle 0.0031 213 243 308 298
bottle 0.0029 449 132 464 174
bottle 0.0021 455 130 486 190
bottle 0.0013 409 133 425 157
bottle 0.0011 451 141 461 165
car 0.0102 -20 191 510 381
chair 0.0083 6 107 490 370
person 0.9844 -8 149 376 371
person 0.9612 178 150 467 378
person 0.0113 -9 80 509 321
person 0.0051 75 209 343 317
person 0.0026 146 100 433 295
person 0.0013 196 201 385 334
person 0.0012 17 188 258 384
pottedplant 0.0094 290 6 433 148
sofa 0.9400 -20 191 510 381
sofa 0.0072 106 105 464 367
