boat 0.8789 78 227 275 320
boat 0.1014 40 224 316 358
boat 0.0021 78 198 262 282
boat 0.0011 -22 94 520 288
bus 0.0074 52 243 305 339
person 0.3044 167 238 199 297
person 0.1017 53 253 75 329
person 0.0602 168 256 190 295
person 0.0558 60 260 81 298
person 0.0296 184 252 205 288
person 0.0143 169 243 191 280
person 0.0130 53 253 72 289
person 0.0108 178 243 210 296
person 0.0069 47 262 63 314
person 0.0068 75 268 84 288
person 0.0031 176 260 217 291
person 0.0030 65 267 79 288
person 0.0027 71 261 85 296
person 0.0024 46 246 65 338
person 0.0022 55 267 87 306
person 0.0021 165 245 228 297
person 0.0016 56 259 68 279
person 0.0014 56 266 70 287
person 0.0014 62 270 80 319
person 0.0014 189 258 202 279
person 0.0012 124 259 135 277
