bottle 0.0039 490 303 499 369
bus 0.0020 274 237 315 267
chair 0.3126 204 284 299 377
chair 0.0728 433 301 500 369
chair 0.0431 361 311 424 378
chair 0.0085 433 313 476 378
chair 0.0063 440 289 499 342
chair 0.0030 474 292 498 373
chair 0.0020 392 320 474 375
chair 0.0020 252 241 273 281
chair 0.0017 417 315 452 376
chair 0.0017 341 302 464 377
chair 0.0016 274 237 315 267
chair 0.0016 141 323 225 375
chair 0.0015 490 303 499 369
chair 0.0014 357 302 401 370
diningtable 0.0448 434 314 498 376
person 0.0029 490 303 499 369
pottedplant 0.0035 331 266 385 289
pottedplant 0.0014 335 261 383 281
sofa 0.0047 433 301 500 369
sofa 0.0029 274 237 315 267
sofa 0.0012 440 289 499 342
train 0.0012 274 237 315 267
tvmonitor 0.8559 272 229 316 281
tvmonitor 0.0542 278 237 320 267
