bicycle 0.1932 163 225 267 330
bicycle 0.0043 141 142 270 335
boat 0.0013 163 225 267 330
bottle 0.0067 108 42 185 160
bottle 0.0054 95 125 141 160
bottle 0.0050 150 136 217 181
bottle 0.0032 156 147 177 194
bottle 0.0029 150 150 168 193
bottle 0.0019 164 134 190 170
chair 0.0101 163 225 267 330
chair 0.0042 108 42 185 160
diningtable 0.0014 180 221 265 329
diningtable 0.0011 154 173 255 333
person 0.9457 325 139 375 260
person 0.7133 92 115 202 342
person 0.0094 323 140 360 226
person 0.0053 139 121 220 348
person 0.0016 352 179 382 253
person 0.0011 320 178 387 251
person 0.0010 154 173 255 333
sofa 0.0013 163 225 267 330
