bicycle 0.0020 380 132 400 170
bus 0.0011 108 40 342 336
cat 0.0030 434 144 475 172
cat 0.0016 380 132 400 170
cow 0.6755 434 144 475 172
cow 0.3771 421 144 488 197
cow 0.2366 380 132 400 170
cow 0.0840 432 136 496 182
cow 0.0568 374 123 407 180
cow 0.0369 388 126 406 161
cow 0.0246 476 145 496 176
cow 0.0120 380 128 413 159
cow 0.0080 384 138 397 164
cow 0.0064 468 140 503 170
cow 0.0061 392 132 403 155
cow 0.0040 488 136 498 185
cow 0.0038 475 139 499 207
cow 0.0038 402 132 412 152
cow 0.0033 489 150 498 171
cow 0.0026 145 37 405 319
cow 0.0025 398 127 415 157
cow 0.0016 479 145 493 163
cow 0.0016 468 145 487 177
cow 0.0014 490 143 498 164
cow 0.0013 402 137 474 175
cow 0.0012 390 129 422 155
cow 0.0012 489 150 500 210
cow 0.0011 416 148 462 169
cow 0.0011 426 129 446 159
cow 0.0011 429 143 444 161
cow 0.0010 430 147 446 171
cow 0.0010 360 121 420 166
cow 0.0010 361 135 401 169
dog 0.0432 380 132 400 170
dog 0.0347 434 144 475 172
dog 0.0042 421 144 488 197
dog 0.0039 388 126 406 161
dog 0.0028 374 123 407 180
dog 0.0028 432 136 496 182
dog 0.0025 476 145 496 176
horse 0.9997 114 24 379 332
horse 0.0800 374 123 407 180
horse 0.0731 380 132 400 170
horse 0.0704 434 144 475 172
horse 0.0152 388 126 406 161
horse 0.0052 432 136 496 182
horse 0.0052 380 128 413 159
horse 0.0048 421 144 488 197
horse 0.0041 345 118 410 167
horse 0.0036 476 145 496 176
horse 0.0016 398 127 415 157
horse 0.0011 468 140 503 170
motorbike 0.0015 380 132 400 170
person 0.0118 380 126 401 164
person 0.0035 388 126 406 161
person 0.0025 432 140 478 171
sheep 0.0703 432 140 478 171
sheep 0.0415 380 132 400 170
sheep 0.0078 421 144 488 197
sheep 0.0070 476 145 496 176
sheep 0.0041 388 126 406 161
sheep 0.0033 384 138 397 164
sheep 0.0025 489 150 498 171
sheep 0.0019 468 140 503 170
sheep 0.0019 488 136 498 185
sheep 0.0017 392 132 403 155
sheep 0.0016 402 132 412 152
sheep 0.0015 380 128 413 159
sheep 0.0015 489 150 500 210
sheep 0.0013 474 159 498 199
