bicycle 0.0094 75 72 110 99
car 0.0060 75 72 110 99
cat 0.0015 80 71 117 99
cow 0.2815 80 71 117 99
cow 0.0111 82 75 99 97
cow 0.0037 103 77 114 95
cow 0.0024 77 70 92 102
cow 0.0020 77 66 103 96
cow 0.0017 91 77 108 95
cow 0.0015 100 74 116 100
cow 0.0013 79 74 88 98
dog 0.0133 80 71 117 99
horse 0.9790 338 104 423 231
horse 0.1608 75 72 110 99
horse 0.0061 354 61 419 188
horse 0.0020 377 104 412 230
horse 0.0013 59 68 119 104
horse 0.0013 82 75 99 97
horse 0.0010 77 70 92 102
motorbike 0.0203 75 72 110 99
motorbike 0.0016 342 62 417 247
person 0.9907 347 59 407 173
person 0.0044 79 72 103 99
person 0.0025 77 66 119 96
person 0.0016 419 119 435 154
person 0.0012 342 62 417 247
sheep 0.0215 80 71 117 99
sheep 0.0016 103 77 114 95
sheep 0.0015 82 75 99 97
