bicycle 0.9920 0 353 49 436
bicycle 0.0014 238 327 252 372
car 0.0010 106 318 139 344
person 0.1180 238 327 252 372
person 0.0228 3 315 32 397
person 0.0115 16 319 34 358
person 0.0068 235 318 247 368
person 0.0066 19 322 32 343
person 0.0066 242 335 249 365
person 0.0066 186 329 194 347
person 0.0054 0 339 43 417
person 0.0037 237 335 244 365
person 0.0035 234 334 249 380
person 0.0035 242 329 249 353
person 0.0029 125 323 137 342
person 0.0026 242 325 249 340
person 0.0017 195 322 202 346
person 0.0017 237 329 244 354
person 0.0013 -1 326 36 354
person 0.0010 106 318 139 344
