aeroplane 0.9996 21 74 484 201
aeroplane 0.0059 166 100 235 143
aeroplane 0.0021 47 82 214 193
aeroplane 0.0013 114 97 216 138
car 0.0065 421 174 435 187
car 0.0064 436 169 476 188
car 0.0055 453 157 499 187
car 0.0028 444 174 466 185
car 0.0022 478 173 493 186
car 0.0014 438 174 455 186
car 0.0013 430 173 440 188
car 0.0013 182 108 229 137
car 0.0011 409 171 445 190
person 0.0053 421 174 435 187
person 0.0032 54 193 63 212
person 0.0023 430 173 440 188
person 0.0021 51 193 60 210
person 0.0017 182 108 229 137
person 0.0010 166 100 235 143
