bicycle 0.0012 304 193 358 210
boat 0.0015 304 193 358 210
cat 0.0010 146 256 219 300
person 0.9964 385 177 417 259
person 0.0367 418 188 437 219
person 0.0040 421 199 435 216
person 0.0030 429 200 439 218
person 0.0028 411 197 444 220
person 0.0027 6 88 44 144
person 0.0021 146 256 219 300
person 0.0019 0 71 5 159
person 0.0019 34 94 50 138
person 0.0013 426 186 441 220
pottedplant 0.9944 109 260 240 354
pottedplant 0.0142 4 241 63 300
pottedplant 0.0141 146 256 219 300
pottedplant 0.0116 136 260 229 321
pottedplant 0.0010 0 199 63 309
