bicycle 0.0014 192 337 284 395
chair 0.0035 1 343 24 442
chair 0.0027 3 355 40 431
cow 0.0024 196 349 309 399
dog 0.9760 194 342 286 398
dog 0.0028 196 361 355 400
dog 0.0014 193 344 238 380
person 0.9805 181 114 253 324
person 0.9775 104 140 169 373
person 0.7429 293 144 367 376
person 0.1663 255 99 304 379
person 0.0516 238 97 285 351
person 0.0170 134 136 185 347
person 0.0138 87 138 128 381
person 0.0133 265 115 335 400
person 0.0101 195 94 289 358
person 0.0067 86 231 109 368
person 0.0039 305 225 373 406
person 0.0020 82 218 123 416
person 0.0016 88 194 113 330
person 0.0016 293 111 412 427
person 0.0015 119 95 217 376
