bicycle 0.0052 1 113 49 241
bicycle 0.0034 4 154 40 237
bicycle 0.0030 0 114 24 239
bicycle 0.0010 127 156 349 371
bottle 0.0022 385 78 405 202
bottle 0.0018 321 84 397 234
chair 0.6901 113 151 331 377
chair 0.0090 5 121 40 234
chair 0.0039 0 114 24 239
chair 0.0027 95 235 273 362
chair 0.0019 3 102 40 174
chair 0.0014 321 84 397 234
chair 0.0010 13 108 32 159
chair 0.0010 131 207 305 343
diningtable 0.0029 1 113 49 241
person 0.9991 128 56 344 374
person 0.0143 309 95 334 219
person 0.0123 385 78 405 202
person 0.0110 1 94 24 222
person 0.0041 145 140 180 209
person 0.0033 1 113 49 241
person 0.0022 -1 73 22 172
person 0.0017 257 99 289 176
person 0.0017 0 81 8 169
person 0.0016 229 53 289 186
person 0.0015 214 19 348 282
person 0.0014 13 108 32 159
person 0.0014 4 154 40 237
person 0.0011 4 110 22 157
person 0.0010 3 102 40 174
pottedplant 0.1180 321 84 397 234
pottedplant 0.0067 316 103 343 212
pottedplant 0.0035 383 90 404 222
pottedplant 0.0022 309 95 334 219
pottedplant 0.0022 311 78 362 235
pottedplant 0.0019 4 154 40 237
pottedplant 0.0015 1 113 49 241
sofa 0.1255 127 156 349 371
tvmonitor 0.0047 321 84 397 234
