aeroplane 0.3460 196 182 279 217
aeroplane 0.0618 255 180 410 279
aeroplane 0.0355 223 188 266 212
aeroplane 0.0244 200 183 250 203
aeroplane 0.0114 241 190 285 214
aeroplane 0.0109 339 199 414 268
aeroplane 0.0051 160 178 257 217
aeroplane 0.0040 226 183 277 205
aeroplane 0.0031 221 185 292 233
aeroplane 0.0021 369 193 408 250
aeroplane 0.0018 252 210 411 315
aeroplane 0.0018 233 182 314 221
aeroplane 0.0016 263 188 284 216
aeroplane 0.0014 249 192 295 225
aeroplane 0.0013 265 195 283 208
aeroplane 0.0013 271 187 365 239
aeroplane 0.0013 188 188 249 210
boat 0.0095 1 6 95 48
boat 0.0058 12 19 116 59
boat 0.0010 0 -7 11 45
car 0.9904 275 291 390 325
car 0.0340 346 294 391 321
car 0.0170 306 284 397 318
car 0.0065 421 290 434 302
car 0.0057 422 284 433 296
car 0.0055 412 285 425 295
car 0.0051 371 299 389 314
car 0.0043 368 295 392 319
car 0.0040 356 289 401 312
car 0.0030 380 300 394 312
car 0.0028 335 289 385 311
car 0.0027 413 291 425 301
car 0.0026 430 290 441 302
car 0.0025 320 292 382 322
car 0.0023 364 296 410 316
car 0.0016 431 283 441 297
car 0.0013 382 293 394 303
car 0.0012 314 287 366 309
car 0.0012 391 283 403 294
car 0.0012 421 299 433 311
car 0.0012 402 284 415 294
car 0.0011 406 287 448 306
car 0.0011 489 204 499 414
car 0.0010 300 293 362 320
person 0.0133 487 199 499 389
person 0.0059 295 307 311 350
person 0.0037 422 284 433 296
person 0.0026 431 283 441 297
person 0.0025 482 188 498 323
person 0.0017 493 188 499 271
person 0.0015 412 285 425 295
person 0.0011 333 281 348 293
person 0.0011 491 230 498 326
person 0.0010 294 283 310 296
