bottle 0.0010 378 259 399 298
bus 0.0015 135 141 417 254
motorbike 0.0010 122 127 431 270
person 0.9896 54 186 90 296
person 0.9515 -1 154 32 324
person 0.9133 387 211 468 377
person 0.7497 351 192 410 318
person 0.2592 478 207 501 339
person 0.1204 354 207 429 376
person 0.0539 10 165 36 310
person 0.0506 297 196 325 258
person 0.0423 346 248 407 368
person 0.0243 367 192 407 279
person 0.0214 442 206 504 336
person 0.0154 356 247 397 335
person 0.0134 447 199 463 242
person 0.0126 1 150 133 275
person 0.0095 491 191 499 268
person 0.0076 440 200 455 241
person 0.0067 378 259 399 298
person 0.0064 372 249 406 332
person 0.0047 38 195 103 280
person 0.0044 367 194 455 322
person 0.0042 31 198 38 224
person 0.0041 476 190 498 286
person 0.0040 413 206 482 344
person 0.0037 491 238 499 337
person 0.0035 33 195 51 227
person 0.0033 37 200 48 221
person 0.0032 0 187 23 346
person 0.0025 454 227 493 320
person 0.0024 31 188 60 281
person 0.0022 148 154 409 264
person 0.0022 431 199 449 241
person 0.0021 451 217 460 239
person 0.0021 435 233 470 315
person 0.0021 312 193 329 250
person 0.0015 437 187 462 247
person 0.0014 356 257 426 324
person 0.0013 0 151 8 234
person 0.0012 10 157 37 242
person 0.0012 456 196 491 274
person 0.0012 478 200 499 242
person 0.0012 369 175 505 374
person 0.0012 28 191 41 229
person 0.0011 443 208 451 236
person 0.0010 0 151 25 249
sheep 0.0026 121 136 391 280
train 0.9931 111 130 404 267
train 0.9778 19 133 162 255
train 0.0025 110 118 534 328
train 0.0017 201 171 441 261
