bicycle 0.0013 172 76 388 243
bicycle 0.0011 332 81 466 154
bus 0.0117 13 120 87 157
bus 0.0015 50 128 90 157
bus 0.0014 -1 128 32 160
car 0.3369 50 128 90 157
car 0.2892 -1 128 32 160
car 0.0395 13 120 87 157
car 0.0257 395 109 441 138
car 0.0194 -1 123 14 165
car 0.0112 30 130 78 156
car 0.0096 375 96 448 138
car 0.0053 0 131 10 157
car 0.0040 386 101 433 131
car 0.0034 358 108 400 139
car 0.0024 2 134 24 155
car 0.0020 21 122 69 149
car 0.0018 57 122 100 152
car 0.0015 0 124 9 147
car 0.0013 436 98 501 146
car 0.0013 84 126 100 158
car 0.0013 367 101 409 132
car 0.0012 0 139 9 164
car 0.0010 375 108 423 137
car 0.0010 350 122 389 145
horse 0.0025 198 131 442 364
motorbike 0.9952 188 94 447 347
motorbike 0.0668 172 76 388 243
motorbike 0.0136 332 81 466 154
motorbike 0.0077 350 99 442 139
motorbike 0.0014 96 37 479 277
motorbike 0.0012 186 108 325 234
person 0.9537 152 77 363 240
person 0.2209 84 126 100 158
person 0.0682 120 128 140 156
person 0.0204 90 126 107 157
person 0.0103 166 96 434 350
person 0.0072 101 127 118 156
person 0.0067 112 127 130 157
person 0.0051 492 84 499 167
person 0.0036 237 104 316 255
person 0.0034 147 126 169 158
person 0.0033 127 128 146 156
person 0.0029 129 116 158 163
person 0.0024 74 128 107 156
person 0.0023 85 125 98 146
person 0.0020 0 128 28 160
person 0.0018 115 117 145 158
person 0.0015 162 84 201 156
person 0.0014 284 104 350 254
person 0.0011 379 97 401 135
person 0.0011 144 112 175 159
train 0.0013 198 131 442 364
