bottle 0.9555 4 247 27 349
bottle 0.9447 153 267 183 363
bottle 0.8954 239 279 272 373
bottle 0.8382 109 248 138 330
bottle 0.0030 52 290 67 346
bottle 0.0029 229 255 255 369
bottle 0.0024 91 259 153 322
bottle 0.0023 -1 257 7 356
bottle 0.0023 459 328 474 378
bottle 0.0015 119 260 136 315
bottle 0.0014 223 231 254 322
bottle 0.0014 27 279 58 344
bottle 0.0013 221 250 268 377
bottle 0.0010 0 267 24 379
chair 0.0063 0 146 24 240
chair 0.0053 6 167 102 286
chair 0.0043 26 169 107 225
chair 0.0020 241 138 357 353
chair 0.0019 2 155 20 206
chair 0.0014 10 203 85 339
chair 0.0012 382 227 487 356
chair 0.0011 84 202 246 317
chair 0.0010 -1 164 10 218
diningtable 0.9696 6 301 484 370
diningtable 0.0387 20 280 401 355
person 0.9996 64 98 234 322
person 0.9913 240 124 359 337
person 0.0182 382 227 487 356
person 0.0025 6 167 102 286
pottedplant 0.0025 1 151 20 196
tvmonitor 0.0514 1 151 20 196
tvmonitor 0.0351 0 143 25 213
tvmonitor 0.0038 -1 154 12 210
tvmonitor 0.0034 -13 152 25 193
