aeroplane 0.0032 27 94 476 325
boat 0.0019 18 115 491 358
bus 0.0021 436 134 474 147
bus 0.0015 83 118 504 312
car 0.9989 136 125 499 312
car 0.1547 358 120 401 140
car 0.1258 436 134 474 147
car 0.0399 376 124 401 139
car 0.0342 192 136 302 271
car 0.0336 170 146 413 273
car 0.0307 405 133 450 149
car 0.0124 437 135 458 144
car 0.0094 488 115 499 170
car 0.0073 415 135 439 144
car 0.0058 370 124 392 138
car 0.0045 490 139 498 163
car 0.0034 457 136 473 146
car 0.0032 426 135 447 143
car 0.0031 409 135 427 144
car 0.0026 348 112 394 138
car 0.0024 437 125 475 145
car 0.0024 479 124 495 162
car 0.0023 376 121 416 142
car 0.0017 440 130 453 140
car 0.0013 338 123 417 148
car 0.0012 368 131 495 201
car 0.0012 351 125 369 136
car 0.0011 357 125 382 136
car 0.0010 339 122 385 139
motorbike 0.0019 488 128 499 171
person 0.9894 211 143 278 272
person 0.0195 173 116 325 304
person 0.0179 140 127 454 305
person 0.0052 479 124 495 162
person 0.0046 490 139 498 163
person 0.0039 483 139 492 159
person 0.0036 488 128 499 171
person 0.0032 135 166 166 230
person 0.0018 261 143 283 181
person 0.0018 376 124 401 139
person 0.0015 481 132 491 154
sofa 0.0106 18 115 491 358
train 0.0015 436 134 474 147
