bottle 0.8582 78 209 101 293
bottle 0.5984 245 213 274 286
bottle 0.3325 211 208 234 286
bottle 0.0936 217 218 232 275
bottle 0.0424 226 209 252 286
bottle 0.0422 256 227 274 284
bottle 0.0308 262 229 279 283
bottle 0.0258 246 220 263 277
bottle 0.0125 191 199 214 278
bottle 0.0072 237 217 255 278
bottle 0.0062 210 217 226 274
bottle 0.0033 384 125 415 179
bottle 0.0029 230 218 287 281
bottle 0.0023 260 205 286 272
bottle 0.0023 34 213 60 295
bottle 0.0020 144 224 178 291
bottle 0.0018 225 218 241 276
bottle 0.0018 43 239 60 297
person 0.9998 271 103 445 330
