bird 0.0017 486 264 498 337
chair 0.0181 399 170 453 281
chair 0.0106 317 145 350 236
chair 0.0095 279 152 310 224
chair 0.0058 343 195 401 255
chair 0.0045 337 151 402 259
chair 0.0032 396 211 437 279
chair 0.0028 333 175 372 245
chair 0.0023 301 55 339 87
chair 0.0022 298 154 337 225
chair 0.0013 304 124 359 248
chair 0.0013 375 197 404 262
diningtable 0.0015 336 181 405 244
dog 0.8465 227 224 339 341
dog 0.0010 205 279 279 329
pottedplant 0.9259 344 121 410 188
pottedplant 0.9161 28 147 102 226
pottedplant 0.9122 167 76 236 146
pottedplant 0.8918 397 162 453 221
pottedplant 0.7887 287 101 354 163
pottedplant 0.6403 260 3 301 67
pottedplant 0.4927 247 72 313 123
pottedplant 0.3323 225 4 263 62
pottedplant 0.1401 297 116 361 178
pottedplant 0.1190 237 4 275 64
pottedplant 0.1101 259 77 301 138
pottedplant 0.1037 474 249 500 329
pottedplant 0.0957 257 125 296 185
pottedplant 0.0807 399 170 453 281
pottedplant 0.0494 180 64 223 135
pottedplant 0.0467 254 84 338 135
pottedplant 0.0463 478 277 497 326
pottedplant 0.0363 262 86 287 130
pottedplant 0.0324 315 119 352 219
pottedplant 0.0316 206 64 241 132
pottedplant 0.0270 486 264 498 337
pottedplant 0.0256 222 82 256 183
pottedplant 0.0238 339 128 403 249
pottedplant 0.0208 219 64 256 129
pottedplant 0.0198 277 138 305 209
pottedplant 0.0170 290 109 356 229
pottedplant 0.0147 370 110 411 167
pottedplant 0.0141 301 55 339 87
pottedplant 0.0141 222 1 294 50
pottedplant 0.0140 264 34 300 68
pottedplant 0.0109 398 160 438 194
pottedplant 0.0094 177 197 218 247
pottedplant 0.0087 248 137 308 195
pottedplant 0.0084 295 88 338 151
pottedplant 0.0075 248 59 312 104
pottedplant 0.0065 165 71 205 149
pottedplant 0.0062 261 139 287 176
pottedplant 0.0059 244 -9 312 85
pottedplant 0.0054 262 149 301 182
pottedplant 0.0053 246 75 312 188
pottedplant 0.0047 177 92 226 163
pottedplant 0.0044 244 64 281 126
pottedplant 0.0043 420 32 446 113
pottedplant 0.0042 246 120 282 185
pottedplant 0.0042 443 -4 494 152
pottedplant 0.0041 10 147 41 225
pottedplant 0.0038 185 64 252 128
pottedplant 0.0037 257 89 299 175
pottedplant 0.0037 233 20 258 59
pottedplant 0.0036 284 153 302 200
pottedplant 0.0034 255 72 292 109
pottedplant 0.0030 455 26 491 119
pottedplant 0.0030 336 181 405 244
pottedplant 0.0025 460 266 497 337
pottedplant 0.0025 271 21 294 65
pottedplant 0.0025 295 64 331 92
pottedplant 0.0024 282 102 321 135
pottedplant 0.0024 488 239 499 305
pottedplant 0.0024 476 271 499 373
pottedplant 0.0023 476 239 497 287
pottedplant 0.0023 259 68 305 95
pottedplant 0.0021 168 80 235 221
pottedplant 0.0021 270 69 371 152
pottedplant 0.0019 483 183 500 317
pottedplant 0.0019 254 8 275 56
pottedplant 0.0018 400 168 452 199
pottedplant 0.0018 338 121 373 188
pottedplant 0.0016 269 77 293 122
pottedplant 0.0016 466 253 503 290
pottedplant 0.0015 491 199 499 287
pottedplant 0.0015 371 131 405 199
pottedplant 0.0015 276 80 312 141
pottedplant 0.0015 277 120 309 184
pottedplant 0.0014 264 18 285 64
pottedplant 0.0014 203 70 227 109
pottedplant 0.0014 208 6 242 63
pottedplant 0.0013 196 82 235 114
pottedplant 0.0013 274 20 309 84
pottedplant 0.0013 281 30 300 71
pottedplant 0.0013 350 143 393 228
pottedplant 0.0013 279 87 304 130
pottedplant 0.0013 152 190 222 241
pottedplant 0.0012 426 231 445 276
pottedplant 0.0012 444 256 504 317
pottedplant 0.0012 316 133 418 215
pottedplant 0.0011 299 124 340 213
pottedplant 0.0011 280 56 350 98
pottedplant 0.0010 447 229 501 344
pottedplant 0.0010 455 235 496 305
