bird 0.0039 81 148 230 249
bus 0.0044 209 -83 498 119
bus 0.0016 -43 -136 315 138
car 0.9978 204 -24 474 122
car 0.0035 22 255 258 362
cat 0.9657 69 152 213 246
cat 0.0027 48 115 233 282
cow 0.0018 345 195 396 296
dog 0.9727 343 188 400 298
dog 0.9482 296 104 380 275
dog 0.1077 334 137 408 284
dog 0.0365 81 148 230 249
dog 0.0293 302 86 434 244
dog 0.0063 332 51 468 317
dog 0.0013 22 255 258 362
horse 0.0025 345 195 396 296
person 0.8887 326 61 477 265
person 0.0834 302 86 434 244
person 0.0031 329 107 413 272
person 0.0016 0 -11 8 50
person 0.0013 81 148 230 249
pottedplant 0.0022 81 148 230 249
sheep 0.0022 81 148 230 249
sofa 0.0011 332 51 468 317
