aeroplane 0.0013 16 448 151 492
bicycle 0.0025 -17 447 223 496
bottle 0.0072 42 237 71 322
bottle 0.0055 26 91 135 477
bottle 0.0044 292 441 371 497
bottle 0.0015 42 27 196 409
bottle 0.0010 18 202 72 390
bottle 0.0010 104 126 138 196
bottle 0.0010 103 126 124 170
chair 0.0014 35 168 190 471
diningtable 0.0027 42 27 196 409
dog 0.0011 62 17 207 420
horse 0.0018 42 27 196 409
person 0.9949 35 34 200 480
person 0.0612 26 91 135 477
person 0.0075 97 195 152 360
person 0.0035 99 199 166 473
person 0.0018 37 242 181 463
person 0.0014 77 29 163 181
person 0.0012 48 167 118 465
