aeroplane 0.9991 8 125 497 316
aeroplane 0.0166 427 222 503 287
aeroplane 0.0036 330 158 486 277
aeroplane 0.0029 384 207 499 308
aeroplane 0.0027 87 141 485 234
aeroplane 0.0024 316 135 400 175
aeroplane 0.0015 415 208 496 270
aeroplane 0.0015 52 127 307 330
bird 0.0025 255 44 272 65
boat 0.0020 430 0 484 21
boat 0.0015 307 0 357 20
boat 0.0012 79 293 171 325
boat 0.0012 92 304 151 326
bottle 0.0034 96 44 106 69
bottle 0.0034 103 44 112 68
bottle 0.0018 470 46 482 69
bottle 0.0017 65 25 81 70
bottle 0.0010 255 40 273 60
bottle 0.0010 479 45 488 70
bus 0.0014 316 0 363 21
chair 0.1068 407 30 432 66
chair 0.0904 341 37 359 72
chair 0.0684 351 35 366 74
chair 0.0532 467 41 486 72
chair 0.0445 65 25 81 70
chair 0.0394 303 23 320 72
chair 0.0373 436 32 460 65
chair 0.0338 99 37 115 72
chair 0.0258 333 24 350 71
chair 0.0245 292 27 312 69
chair 0.0224 93 39 109 71
chair 0.0217 72 25 88 70
chair 0.0187 369 32 391 65
chair 0.0184 360 26 376 71
chair 0.0174 475 39 492 73
chair 0.0150 308 22 318 34
chair 0.0140 345 44 355 68
chair 0.0130 312 21 328 73
chair 0.0128 103 44 112 68
chair 0.0120 470 46 482 69
chair 0.0119 355 43 362 68
chair 0.0111 160 20 173 75
chair 0.0095 148 40 167 72
chair 0.0093 323 24 339 73
chair 0.0086 82 39 99 72
chair 0.0084 412 38 437 71
chair 0.0082 96 44 106 69
chair 0.0075 479 45 488 70
chair 0.0071 188 31 208 62
chair 0.0071 400 28 418 67
chair 0.0064 375 32 401 64
chair 0.0059 337 44 345 68
chair 0.0055 286 25 300 71
chair 0.0047 138 40 159 71
chair 0.0046 289 46 297 67
chair 0.0044 167 26 185 68
chair 0.0041 255 44 272 65
chair 0.0039 26 21 42 72
chair 0.0036 340 16 357 65
chair 0.0034 459 40 475 72
chair 0.0034 32 21 47 74
chair 0.0032 131 24 148 72
chair 0.0032 445 39 464 70
chair 0.0031 313 22 325 34
chair 0.0030 486 28 497 83
chair 0.0028 265 45 277 65
chair 0.0028 208 28 223 65
chair 0.0027 469 57 482 71
chair 0.0026 354 35 363 61
chair 0.0025 85 46 96 68
chair 0.0024 389 39 408 71
chair 0.0024 163 47 170 68
chair 0.0024 414 23 435 58
chair 0.0022 480 56 490 73
chair 0.0021 191 38 204 55
chair 0.0021 439 38 456 57
chair 0.0020 153 48 163 67
chair 0.0019 149 13 168 66
chair 0.0019 363 39 399 71
chair 0.0019 462 47 471 68
chair 0.0019 0 4 10 74
chair 0.0018 221 33 246 62
chair 0.0018 328 44 335 69
chair 0.0017 138 14 157 66
chair 0.0017 9 11 45 69
chair 0.0017 363 45 370 67
chair 0.0016 333 15 353 44
chair 0.0015 305 17 322 42
chair 0.0015 354 29 387 69
chair 0.0015 449 38 460 57
chair 0.0014 1 25 21 68
chair 0.0014 277 47 286 65
chair 0.0014 296 46 307 66
chair 0.0014 272 27 289 69
chair 0.0014 180 29 197 65
chair 0.0013 437 46 456 64
chair 0.0013 452 4 499 33
chair 0.0013 142 49 155 67
chair 0.0012 455 0 494 21
chair 0.0012 461 29 492 71
chair 0.0012 450 46 461 65
chair 0.0012 32 15 63 69
chair 0.0012 337 22 348 35
chair 0.0011 250 5 299 34
chair 0.0011 196 32 215 62
chair 0.0011 372 37 387 58
chair 0.0011 75 45 86 67
chair 0.0011 191 28 203 47
chair 0.0011 52 18 81 71
chair 0.0011 440 23 453 35
chair 0.0010 345 34 355 61
chair 0.0010 356 4 406 36
chair 0.0010 200 39 211 56
chair 0.0010 297 277 362 336
diningtable 0.0021 407 30 432 66
diningtable 0.0013 467 41 486 72
diningtable 0.0012 436 32 460 65
diningtable 0.0012 364 30 398 67
diningtable 0.0012 341 37 359 72
person 0.0035 100 163 119 204
person 0.0014 308 22 318 34
pottedplant 0.5515 253 36 276 64
pottedplant 0.5117 287 275 356 338
pottedplant 0.2481 218 34 249 62
pottedplant 0.1425 99 28 116 70
pottedplant 0.1104 467 41 486 72
pottedplant 0.1022 261 33 281 64
pottedplant 0.0825 93 39 109 71
pottedplant 0.0789 265 45 277 65
pottedplant 0.0713 475 39 492 73
pottedplant 0.0673 65 25 81 70
pottedplant 0.0602 341 37 359 72
pottedplant 0.0497 103 44 112 68
pottedplant 0.0450 96 44 106 69
pottedplant 0.0421 72 25 88 70
pottedplant 0.0357 187 21 207 55
pottedplant 0.0339 351 35 366 74
pottedplant 0.0320 9 11 45 69
pottedplant 0.0303 479 45 488 70
pottedplant 0.0297 82 39 99 72
pottedplant 0.0293 436 32 460 65
pottedplant 0.0291 470 46 482 69
pottedplant 0.0291 251 46 262 64
pottedplant 0.0290 407 30 432 66
pottedplant 0.0250 223 38 245 56
pottedplant 0.0246 208 28 223 65
pottedplant 0.0198 32 15 63 69
pottedplant 0.0198 345 44 355 68
pottedplant 0.0188 222 25 246 55
pottedplant 0.0172 292 27 312 69
pottedplant 0.0161 308 22 318 34
pottedplant 0.0158 52 18 81 71
pottedplant 0.0157 355 43 362 68
pottedplant 0.0151 333 37 349 72
pottedplant 0.0150 70 18 101 72
pottedplant 0.0141 224 46 244 62
pottedplant 0.0131 85 46 96 68
pottedplant 0.0131 303 23 320 72
pottedplant 0.0127 289 46 297 67
pottedplant 0.0126 286 25 300 71
pottedplant 0.0125 272 27 289 69
pottedplant 0.0124 261 12 292 69
pottedplant 0.0121 190 20 205 36
pottedplant 0.0112 215 22 236 57
pottedplant 0.0111 211 28 220 47
pottedplant 0.0109 251 39 262 59
pottedplant 0.0098 337 44 345 68
pottedplant 0.0097 160 20 173 75
pottedplant 0.0096 249 34 266 64
pottedplant 0.0096 277 47 286 65
pottedplant 0.0091 211 35 220 58
pottedplant 0.0087 210 23 221 35
pottedplant 0.0086 26 21 42 72
pottedplant 0.0085 149 23 167 71
pottedplant 0.0081 486 28 497 83
pottedplant 0.0079 218 37 234 57
pottedplant 0.0075 469 57 482 71
pottedplant 0.0070 191 28 203 47
pottedplant 0.0069 186 16 224 42
pottedplant 0.0069 145 14 177 69
pottedplant 0.0069 191 38 204 55
pottedplant 0.0067 211 46 220 64
pottedplant 0.0065 87 18 118 71
pottedplant 0.0064 32 21 47 74
pottedplant 0.0058 480 56 490 73
pottedplant 0.0057 189 48 205 61
pottedplant 0.0053 238 48 251 62
pottedplant 0.0050 139 26 158 70
pottedplant 0.0049 225 32 244 45
pottedplant 0.0049 455 0 494 21
pottedplant 0.0048 255 42 286 66
pottedplant 0.0048 75 45 86 67
pottedplant 0.0047 200 39 211 56
pottedplant 0.0046 324 36 339 74
pottedplant 0.0045 235 31 252 63
pottedplant 0.0044 163 47 170 68
pottedplant 0.0040 196 32 215 62
pottedplant 0.0038 131 14 167 70
pottedplant 0.0037 239 38 250 55
pottedplant 0.0036 167 26 185 68
pottedplant 0.0036 226 14 240 25
pottedplant 0.0035 334 15 351 64
pottedplant 0.0034 440 23 453 35
pottedplant 0.0034 238 43 275 68
pottedplant 0.0034 211 16 240 67
pottedplant 0.0033 65 41 97 71
pottedplant 0.0033 313 22 325 34
pottedplant 0.0032 131 24 148 72
pottedplant 0.0032 439 38 456 57
pottedplant 0.0031 490 44 495 71
pottedplant 0.0031 414 23 435 58
pottedplant 0.0031 64 57 77 71
pottedplant 0.0030 57 22 114 67
pottedplant 0.0030 153 48 163 67
pottedplant 0.0030 180 34 213 61
pottedplant 0.0029 452 4 499 33
pottedplant 0.0029 187 42 207 68
pottedplant 0.0029 176 44 215 66
pottedplant 0.0029 354 35 363 61
pottedplant 0.0029 328 44 335 69
pottedplant 0.0029 462 47 471 68
sofa 0.0114 405 28 434 69
sofa 0.0045 364 30 398 67
sofa 0.0038 432 32 463 65
sofa 0.0018 218 34 249 62
sofa 0.0011 370 40 405 71
sofa 0.0010 462 40 490 73
train 0.0020 316 135 400 175
train 0.0012 316 0 363 21
tvmonitor 0.3758 407 30 432 66
tvmonitor 0.0872 436 32 460 65
tvmonitor 0.0574 340 27 359 70
tvmonitor 0.0517 218 34 249 62
tvmonitor 0.0457 333 24 350 71
tvmonitor 0.0449 371 31 405 65
tvmonitor 0.0318 350 29 367 70
tvmonitor 0.0263 316 0 363 21
tvmonitor 0.0192 292 27 312 69
tvmonitor 0.0186 467 41 486 72
tvmonitor 0.0184 255 44 272 65
tvmonitor 0.0145 303 23 320 72
tvmonitor 0.0113 414 23 435 58
tvmonitor 0.0106 475 28 493 71
tvmonitor 0.0104 99 28 116 70
tvmonitor 0.0104 149 23 167 71
tvmonitor 0.0096 323 24 339 73
tvmonitor 0.0092 187 14 208 44
tvmonitor 0.0083 293 1 351 21
tvmonitor 0.0082 251 36 277 65
tvmonitor 0.0076 139 26 158 70
tvmonitor 0.0068 470 46 482 69
tvmonitor 0.0064 308 22 318 34
tvmonitor 0.0064 223 38 245 56
tvmonitor 0.0063 131 24 148 72
tvmonitor 0.0056 368 2 408 38
tvmonitor 0.0055 260 4 302 36
tvmonitor 0.0053 312 21 328 73
tvmonitor 0.0051 360 26 376 71
tvmonitor 0.0051 190 20 205 36
tvmonitor 0.0047 479 45 488 70
tvmonitor 0.0045 345 44 355 68
tvmonitor 0.0041 430 0 484 21
tvmonitor 0.0041 103 44 112 68
tvmonitor 0.0040 453 17 499 38
tvmonitor 0.0040 278 6 327 33
tvmonitor 0.0038 430 25 464 55
tvmonitor 0.0037 412 38 437 71
tvmonitor 0.0036 167 26 185 68
tvmonitor 0.0036 400 28 418 67
tvmonitor 0.0035 439 38 456 57
tvmonitor 0.0033 305 5 357 30
tvmonitor 0.0033 389 30 407 67
tvmonitor 0.0031 412 29 427 48
tvmonitor 0.0029 333 15 353 44
tvmonitor 0.0029 375 11 401 43
tvmonitor 0.0028 224 46 244 62
tvmonitor 0.0028 358 15 403 40
tvmonitor 0.0027 266 38 278 60
tvmonitor 0.0026 354 35 363 61
tvmonitor 0.0025 355 43 362 68
tvmonitor 0.0025 440 23 453 35
tvmonitor 0.0024 363 39 399 71
tvmonitor 0.0024 261 33 281 64
tvmonitor 0.0024 313 22 325 34
tvmonitor 0.0022 452 4 499 33
tvmonitor 0.0022 191 28 203 47
tvmonitor 0.0021 160 20 173 75
tvmonitor 0.0021 337 44 345 68
tvmonitor 0.0020 436 17 458 43
tvmonitor 0.0020 286 25 300 71
tvmonitor 0.0019 96 44 106 69
tvmonitor 0.0016 376 22 401 58
tvmonitor 0.0016 437 46 456 64
tvmonitor 0.0016 98 303 159 327
tvmonitor 0.0015 337 22 348 35
tvmonitor 0.0015 441 31 455 46
tvmonitor 0.0014 272 10 295 46
tvmonitor 0.0014 488 18 499 79
tvmonitor 0.0014 454 13 489 71
tvmonitor 0.0013 188 31 208 62
tvmonitor 0.0013 345 34 355 61
tvmonitor 0.0013 372 37 387 58
tvmonitor 0.0013 387 0 428 20
tvmonitor 0.0012 289 46 297 67
tvmonitor 0.0012 417 23 483 66
tvmonitor 0.0012 334 -1 384 20
tvmonitor 0.0012 272 27 289 69
tvmonitor 0.0012 419 30 431 47
tvmonitor 0.0011 392 28 428 68
tvmonitor 0.0011 360 15 393 69
tvmonitor 0.0010 191 38 204 55
tvmonitor 0.0010 449 38 460 57
tvmonitor 0.0010 93 39 109 71
tvmonitor 0.0010 222 25 246 55
tvmonitor 0.0010 63 21 82 60
