bottle 0.0033 268 54 365 97
bottle 0.0027 290 51 383 85
bottle 0.0015 27 273 43 323
bottle 0.0010 340 44 379 72
chair 0.0017 89 292 238 338
diningtable 0.0123 101 269 249 358
diningtable 0.0073 89 292 238 338
diningtable 0.0013 402 267 499 326
dog 0.0018 101 269 249 358
motorbike 0.0011 1 240 41 310
person 0.8309 80 37 493 330
person 0.2074 197 255 312 376
person 0.0347 107 56 401 254
person 0.0228 120 144 304 237
person 0.0040 -1 238 29 310
person 0.0038 101 269 249 358
person 0.0027 66 177 287 257
person 0.0026 491 159 499 225
person 0.0020 103 167 183 227
person 0.0019 253 50 478 404
person 0.0018 127 287 299 366
person 0.0018 466 171 485 210
person 0.0018 334 251 481 344
person 0.0013 3 214 38 296
person 0.0012 476 172 495 210
person 0.0012 241 262 404 358
pottedplant 0.0013 97 289 248 366
