bottle 0.0012 274 230 314 267
cat 0.0018 274 230 314 267
chair 0.0146 86 130 329 370
chair 0.0018 210 192 427 378
dog 0.0033 86 130 329 370
dog 0.0031 274 230 314 267
person 0.9997 213 140 423 370
person 0.9997 81 57 321 380
person 0.9511 365 12 494 371
person 0.0037 0 90 15 263
person 0.0028 2 26 50 249
person 0.0020 0 11 27 302
person 0.0018 0 116 4 227
person 0.0010 1 11 13 231
person 0.0010 264 227 331 274
pottedplant 0.0014 16 -1 83 62
sofa 0.0034 86 130 329 370
sofa 0.0014 210 192 427 378
