chair 0.0016 14 228 41 321
chair 0.0011 2 181 51 364
person 0.9997 41 52 201 370
person 0.9929 178 57 295 367
person 0.9924 275 71 386 372
person 0.8309 382 159 500 371
person 0.0824 457 89 493 150
person 0.0797 1 97 48 259
person 0.0228 438 144 502 254
person 0.0165 6 125 43 228
person 0.0157 476 135 500 221
person 0.0100 31 123 58 192
person 0.0087 0 96 31 336
person 0.0082 3 122 20 308
person 0.0079 7 145 37 282
person 0.0070 474 90 498 142
person 0.0063 451 147 496 212
person 0.0056 35 149 51 193
person 0.0054 436 144 499 362
person 0.0048 478 153 498 276
person 0.0034 1 97 27 222
person 0.0034 490 88 500 160
person 0.0033 203 315 279 374
person 0.0031 468 115 501 355
person 0.0029 484 158 499 350
person 0.0028 492 124 499 219
person 0.0025 5 98 40 183
person 0.0022 203 336 247 372
person 0.0018 0 77 26 166
person 0.0018 492 166 500 236
person 0.0018 419 155 494 227
person 0.0013 3 146 50 361
person 0.0010 0 188 15 360
