cow 0.0029 438 129 495 312
horse 0.9452 437 121 495 298
horse 0.8770 5 94 132 304
horse 0.8601 264 100 409 298
horse 0.6487 368 111 449 296
horse 0.5224 197 108 290 300
horse 0.4386 133 95 222 292
horse 0.0136 379 92 496 298
horse 0.0042 205 98 357 291
horse 0.0039 267 79 331 257
horse 0.0022 1 82 114 223
horse 0.0019 0 101 57 314
horse 0.0019 238 99 314 286
horse 0.0015 1 126 16 295
horse 0.0014 487 133 500 321
horse 0.0011 413 68 491 224
horse 0.0010 456 145 491 275
horse 0.0010 399 78 465 261
motorbike 0.0073 125 93 216 291
motorbike 0.0046 194 103 290 287
motorbike 0.0026 411 121 503 299
motorbike 0.0024 274 96 368 288
motorbike 0.0023 354 98 443 290
person 0.9645 346 62 412 174
person 0.8869 264 81 333 189
person 0.8848 120 70 202 194
person 0.7978 411 58 490 199
person 0.7021 188 68 262 190
person 0.3715 0 56 111 206
person 0.0261 114 59 230 269
person 0.0164 437 75 496 264
person 0.0098 210 73 258 156
person 0.0067 389 47 495 277
person 0.0060 397 88 428 176
person 0.0056 3 141 15 314
person 0.0048 355 72 426 219
person 0.0039 424 67 473 161
person 0.0036 115 73 185 152
person 0.0024 260 86 304 175
person 0.0021 256 73 399 265
person 0.0021 189 68 255 133
person 0.0020 381 60 445 203
person 0.0020 1 186 5 298
person 0.0020 182 75 223 155
person 0.0018 452 101 491 196
person 0.0017 189 65 309 269
person 0.0015 493 133 499 216
person 0.0014 143 39 266 231
person 0.0013 433 98 470 196
person 0.0011 399 78 465 261
person 0.0011 163 80 202 180
person 0.0010 0 87 17 213
