bicycle 0.9946 146 274 370 374
bicycle 0.9913 381 196 498 309
bicycle 0.9552 6 210 110 320
bicycle 0.0247 239 253 390 363
bicycle 0.0024 104 252 236 361
bicycle 0.0011 -1 223 26 325
car 0.0010 171 263 392 371
chair 0.0020 171 263 392 371
motorbike 0.0013 381 184 499 298
person 0.9060 114 144 182 391
person 0.8718 290 146 353 372
person 0.6834 179 123 257 396
person 0.3840 230 157 346 373
person 0.0048 183 166 301 356
person 0.0037 94 182 200 342
person 0.0028 102 157 161 357
person 0.0028 171 263 392 371
person 0.0024 347 180 368 283
person 0.0016 158 121 209 394
