bottle 0.0032 489 299 497 391
bottle 0.0028 478 317 495 375
chair 0.7261 353 227 399 362
chair 0.4889 375 270 496 379
chair 0.3250 358 242 429 371
chair 0.0352 438 253 497 371
chair 0.0225 412 292 493 369
chair 0.0192 470 289 498 370
chair 0.0103 348 221 523 384
chair 0.0051 407 229 494 364
chair 0.0036 367 236 409 348
chair 0.0025 373 290 459 368
chair 0.0021 491 183 500 277
chair 0.0021 368 258 457 331
chair 0.0013 405 233 449 263
chair 0.0011 477 227 499 362
chair 0.0010 480 168 497 266
diningtable 0.7321 364 244 501 372
diningtable 0.0011 356 228 426 363
person 0.0033 117 71 142 101
