bird 0.0024 182 179 305 269
bird 0.0020 290 174 413 274
bird 0.0010 314 348 398 381
car 0.0099 -2 73 34 95
car 0.0032 0 75 7 95
car 0.0012 1 77 23 92
cat 0.0105 290 174 413 274
cat 0.0071 182 179 305 269
cow 0.0029 185 151 207 195
cow 0.0013 182 179 305 269
cow 0.0013 264 174 406 273
dog 0.0056 182 179 305 269
dog 0.0039 290 174 413 274
dog 0.0031 185 151 207 195
horse 0.0010 290 174 413 274
person 0.0045 290 174 413 274
person 0.0039 207 177 358 266
person 0.0014 175 184 280 271
sheep 0.9303 264 174 406 273
sheep 0.8942 182 179 305 269
sheep 0.0083 329 179 415 287
sheep 0.0036 367 201 415 271
sheep 0.0019 299 202 407 266
sheep 0.0017 334 222 414 278
sheep 0.0014 276 192 366 267
sheep 0.0013 238 171 316 268
