aeroplane 0.0010 -3 199 34 225
bicycle 0.0010 487 168 498 215
boat 0.9981 30 10 455 303
boat 0.4113 339 148 480 244
boat 0.1148 351 170 475 224
boat 0.0457 391 180 511 223
boat 0.0367 433 187 502 235
boat 0.0308 -1 186 62 240
boat 0.0273 470 218 500 292
boat 0.0252 6 170 46 230
boat 0.0246 439 227 503 285
boat 0.0205 443 198 504 224
boat 0.0180 -4 207 35 231
boat 0.0115 0 195 45 227
boat 0.0072 -3 206 63 260
boat 0.0066 3 173 83 229
boat 0.0056 440 180 502 295
boat 0.0044 320 113 495 280
boat 0.0028 2 157 83 272
boat 0.0025 450 191 497 214
boat 0.0025 -2 199 31 269
boat 0.0022 466 223 501 257
boat 0.0020 489 210 500 269
boat 0.0018 472 178 498 252
boat 0.0014 474 226 497 271
boat 0.0013 457 242 496 273
boat 0.0013 -7 216 37 238
boat 0.0013 2 213 22 226
boat 0.0013 -4 224 61 279
boat 0.0012 10 208 53 232
boat 0.0012 490 227 500 308
boat 0.0012 299 160 453 271
boat 0.0011 -3 189 35 217
boat 0.0010 451 174 497 228
boat 0.0010 122 153 205 205
boat 0.0010 343 158 450 209
bus 0.0018 339 148 480 244
diningtable 0.0010 37 -35 455 280
person 0.0068 487 168 498 215
person 0.0027 490 177 497 209
person 0.0024 483 181 493 205
person 0.0012 479 178 497 204
train 0.0013 339 148 480 244
