boat 0.0015 -33 92 322 367
bottle 0.0182 214 139 257 172
bottle 0.0154 224 144 266 178
bottle 0.0085 216 144 298 183
bottle 0.0020 44 136 305 372
bottle 0.0012 233 155 274 187
bottle 0.0010 239 148 286 179
bus 0.0014 188 10 245 27
car 0.0190 180 23 233 51
car 0.0133 165 20 245 60
car 0.0080 188 10 245 27
car 0.0043 185 15 244 42
car 0.0018 171 17 225 40
car 0.0014 214 14 238 22
car 0.0010 161 30 246 83
chair 0.9533 340 184 493 365
chair 0.3675 44 136 305 372
chair 0.0582 303 81 484 354
chair 0.0561 97 254 253 369
chair 0.0124 -1 169 16 338
chair 0.0119 -5 174 70 332
chair 0.0071 91 46 261 161
chair 0.0051 84 108 126 171
chair 0.0050 -1 306 27 383
chair 0.0032 56 125 119 182
chair 0.0027 -2 159 31 348
chair 0.0023 46 129 117 346
chair 0.0016 492 -16 499 92
chair 0.0013 0 296 7 395
chair 0.0012 2 314 42 375
chair 0.0012 66 110 109 174
diningtable 0.8932 6 125 408 373
diningtable 0.3208 -5 174 70 332
diningtable 0.1623 -11 148 120 359
diningtable 0.0071 -2 159 31 348
diningtable 0.0062 21 126 105 310
diningtable 0.0054 -2 83 87 304
diningtable 0.0023 -1 169 16 338
diningtable 0.0014 16 188 158 332
diningtable 0.0010 0 184 90 249
horse 0.0024 53 73 427 378
person 0.9996 275 55 460 333
person 0.9723 23 81 390 376
person 0.7107 226 41 337 160
person 0.3799 0 0 60 347
person 0.1424 126 43 301 160
person 0.0113 243 153 496 364
person 0.0106 0 -20 28 369
person 0.0103 -2 83 87 304
person 0.0061 0 8 58 191
person 0.0040 297 72 367 202
person 0.0030 216 144 298 183
person 0.0025 307 82 361 161
person 0.0024 35 52 244 334
person 0.0021 216 29 234 64
person 0.0021 -1 289 24 378
person 0.0017 0 287 6 384
person 0.0015 340 202 493 368
person 0.0014 162 46 247 157
person 0.0013 0 -85 29 207
person 0.0012 69 57 218 157
person 0.0012 225 81 357 187
person 0.0011 292 73 436 219
person 0.0011 0 15 16 182
person 0.0011 0 -5 8 323
pottedplant 0.0014 69 30 216 127
sofa 0.0026 -33 92 322 367
tvmonitor 0.0010 165 20 245 60
