bicycle 0.0149 301 169 376 214
bicycle 0.0049 329 183 372 212
bicycle 0.0043 314 170 351 206
bicycle 0.0033 339 168 381 213
bicycle 0.0027 283 192 385 250
bicycle 0.0021 170 170 229 275
bottle 0.0020 322 163 343 199
bottle 0.0016 325 169 340 189
bus 0.0022 193 124 238 143
bus 0.0020 315 130 361 151
car 0.7542 315 130 361 151
car 0.6506 193 124 238 143
car 0.6065 429 136 485 162
car 0.0540 189 121 250 155
car 0.0461 300 128 349 149
car 0.0188 388 134 425 152
car 0.0082 209 122 258 144
car 0.0066 297 125 374 153
car 0.0042 388 137 409 149
car 0.0040 452 140 492 159
car 0.0038 395 137 419 149
car 0.0038 372 137 386 150
car 0.0037 198 127 234 138
car 0.0037 464 142 483 157
car 0.0036 384 139 430 158
car 0.0031 327 135 356 148
car 0.0031 350 132 390 153
car 0.0031 193 115 240 139
car 0.0029 340 135 360 149
car 0.0027 188 132 245 166
car 0.0025 432 137 461 164
car 0.0021 213 126 238 138
car 0.0016 305 133 321 147
car 0.0014 174 123 224 143
car 0.0013 380 136 396 147
car 0.0012 368 133 413 150
car 0.0012 245 120 285 144
car 0.0012 295 123 335 146
car 0.0011 308 132 331 148
car 0.0010 188 107 256 145
cat 0.0012 322 163 343 199
chair 0.0034 330 169 373 213
chair 0.0034 321 168 343 207
chair 0.0010 318 182 365 212
cow 0.0058 322 163 343 199
cow 0.0011 287 193 383 267
diningtable 0.0016 301 169 376 214
dog 0.9983 170 183 224 280
dog 0.9547 287 193 383 267
dog 0.0153 301 169 376 214
dog 0.0103 322 163 343 199
dog 0.0025 329 183 372 212
dog 0.0015 338 161 377 216
dog 0.0011 314 170 351 206
horse 0.0050 322 163 343 199
horse 0.0048 171 187 223 282
horse 0.0047 321 167 384 213
horse 0.0028 287 193 383 267
motorbike 0.0049 330 169 373 213
motorbike 0.0014 315 164 350 198
motorbike 0.0010 429 136 485 162
person 0.6869 322 163 343 199
person 0.6192 68 76 151 284
person 0.2995 321 167 384 213
person 0.2724 353 151 384 210
person 0.2652 350 162 372 203
person 0.1779 339 154 376 211
person 0.0563 319 156 353 207
person 0.0394 325 163 341 181
person 0.0352 315 161 350 188
person 0.0337 354 165 368 180
person 0.0331 325 169 340 189
person 0.0258 337 182 381 212
person 0.0251 331 166 370 197
person 0.0242 367 167 384 211
person 0.0139 369 139 384 184
person 0.0094 306 165 341 196
person 0.0091 331 164 347 180
person 0.0075 341 163 378 185
person 0.0068 353 170 368 187
person 0.0046 331 170 346 187
person 0.0033 363 164 376 180
person 0.0029 318 182 365 212
person 0.0028 359 157 381 189
person 0.0021 306 166 318 179
person 0.0018 344 166 359 179
person 0.0017 373 140 384 158
person 0.0017 359 180 382 213
person 0.0017 284 171 359 214
person 0.0016 316 173 330 188
person 0.0014 287 161 354 199
person 0.0012 307 172 318 187
person 0.0012 344 172 358 186
sofa 0.0012 321 167 384 213
train 0.0010 315 130 361 151
