aeroplane 0.0034 190 124 514 273
boat 0.0031 -30 160 302 239
bus 0.0196 -30 160 302 239
bus 0.0079 200 148 507 249
bus 0.0017 471 226 503 310
bus 0.0011 7 196 262 261
bus 0.0010 213 227 345 257
car 0.9928 194 241 366 312
car 0.9680 470 221 502 299
car 0.9210 67 245 257 311
car 0.6197 362 233 468 307
car 0.5899 0 237 126 304
car 0.3794 0 231 31 285
car 0.0730 -1 237 43 267
car 0.0646 0 236 43 308
car 0.0416 461 223 489 295
car 0.0310 227 227 262 257
car 0.0292 12 241 154 279
car 0.0261 59 241 188 272
car 0.0198 459 239 476 284
car 0.0138 7 196 262 261
car 0.0115 -5 223 103 265
car 0.0115 459 219 477 268
car 0.0088 235 228 357 259
car 0.0073 -1 228 14 276
car 0.0067 465 227 482 278
car 0.0063 93 241 146 266
car 0.0050 477 228 494 277
car 0.0047 84 246 136 272
car 0.0043 240 174 477 262
car 0.0040 214 224 304 256
car 0.0039 239 232 289 253
car 0.0036 415 229 485 289
car 0.0035 364 247 410 276
car 0.0035 218 136 494 296
car 0.0031 0 258 101 315
car 0.0031 -1 252 11 308
car 0.0027 0 227 24 264
car 0.0026 45 247 165 301
car 0.0026 -14 234 29 268
car 0.0025 109 240 170 266
car 0.0024 10 240 55 264
car 0.0022 166 194 416 262
car 0.0021 228 222 278 247
car 0.0021 240 238 287 263
car 0.0020 235 233 252 250
car 0.0020 -30 160 302 239
car 0.0019 108 242 252 276
car 0.0019 -18 259 206 318
car 0.0019 1 247 24 292
car 0.0018 17 227 156 262
car 0.0017 436 237 478 304
car 0.0016 62 239 121 268
car 0.0016 244 223 303 244
car 0.0016 209 236 351 273
car 0.0014 286 232 339 254
car 0.0014 102 246 156 271
car 0.0013 489 213 499 291
car 0.0012 145 149 510 244
car 0.0012 0 208 129 275
car 0.0012 338 238 418 286
car 0.0010 371 240 424 264
car 0.0010 461 249 472 272
car 0.0010 272 237 293 244
motorbike 0.0022 190 124 514 273
person 0.0036 227 234 246 265
person 0.0017 230 226 256 258
person 0.0013 230 240 242 262
train 0.8217 145 149 510 244
train 0.1051 -46 159 390 234
train 0.0645 -45 129 469 260
train 0.0098 218 136 494 296
train 0.0069 32 190 398 253
train 0.0065 240 174 477 262
train 0.0022 7 196 262 261
train 0.0011 214 224 304 256
tvmonitor 0.0014 471 226 503 310
