boat 0.0058 166 -6 231 129
boat 0.0027 182 11 219 111
boat 0.0022 488 75 499 139
boat 0.0011 490 107 497 126
boat 0.0010 61 111 482 309
bus 0.0054 487 91 499 138
bus 0.0050 478 98 497 132
bus 0.0017 490 107 497 126
bus 0.0017 401 128 498 166
bus 0.0015 61 111 482 309
bus 0.0012 482 108 492 125
car 0.9989 52 91 464 298
car 0.8877 400 134 500 182
car 0.4401 433 134 497 228
car 0.0468 392 128 485 165
car 0.0238 416 140 475 165
car 0.0153 72 135 127 154
car 0.0108 481 117 492 132
car 0.0077 476 119 497 148
car 0.0066 490 115 497 134
car 0.0060 490 107 497 126
car 0.0054 423 135 487 155
car 0.0048 482 108 492 125
car 0.0038 477 109 496 140
car 0.0035 480 124 493 141
car 0.0034 487 91 499 138
car 0.0032 53 139 109 163
car 0.0021 426 123 505 164
car 0.0019 449 129 501 155
car 0.0013 80 124 427 241
car 0.0013 488 109 498 157
car 0.0011 82 139 135 164
car 0.0010 68 126 116 146
car 0.0010 38 135 134 169
person 0.0047 490 115 497 134
person 0.0019 481 117 492 132
person 0.0017 490 107 497 126
pottedplant 0.0018 5 99 448 288
train 0.0024 487 91 499 138
train 0.0014 478 98 497 132
tvmonitor 0.0010 487 91 499 138
