bottle 0.8699 188 179 323 304
bottle 0.1620 211 202 312 271
bottle 0.0550 204 212 282 287
bottle 0.0247 207 162 352 271
bottle 0.0088 189 205 259 299
bottle 0.0083 206 181 432 306
bottle 0.0028 219 192 330 245
bottle 0.0022 199 206 244 270
bottle 0.0017 248 183 338 324
bottle 0.0015 206 172 346 215
car 0.0425 37 8 467 315
chair 0.4036 43 32 460 359
chair 0.0099 143 12 432 261
chair 0.0029 186 162 316 274
chair 0.0015 140 118 360 309
dog 0.0351 186 162 316 274
dog 0.0010 203 179 350 308
dog 0.0010 143 12 432 261
person 0.7958 85 53 484 347
person 0.4193 176 163 384 321
person 0.2720 127 27 375 300
person 0.1485 186 162 316 274
person 0.0271 165 126 478 305
person 0.0052 171 13 467 253
person 0.0026 154 187 300 292
person 0.0020 210 160 431 269
sofa 0.7535 32 -4 473 289
