bicycle 0.0030 174 214 264 347
bicycle 0.0026 243 180 309 336
bicycle 0.0014 306 107 340 135
bus 0.0105 33 103 54 131
bus 0.0027 51 106 76 131
bus 0.0027 34 108 52 125
car 0.7258 50 109 76 138
car 0.2894 420 116 489 156
car 0.2884 474 119 496 151
car 0.2036 33 103 54 131
car 0.1232 34 108 52 125
car 0.0829 487 109 498 160
car 0.0639 446 119 487 151
car 0.0333 466 118 489 152
car 0.0301 425 121 470 149
car 0.0252 52 111 73 125
car 0.0205 33 105 72 130
car 0.0166 489 122 498 147
car 0.0138 51 107 87 130
car 0.0136 36 117 73 146
car 0.0132 431 104 501 148
car 0.0129 36 111 49 132
car 0.0125 410 117 428 152
car 0.0120 42 106 63 140
car 0.0119 472 123 513 145
car 0.0093 436 125 478 157
car 0.0092 307 102 340 134
car 0.0070 62 111 78 124
car 0.0065 62 114 76 132
car 0.0058 1 78 10 150
car 0.0055 34 107 94 139
car 0.0052 477 119 497 194
car 0.0048 413 124 425 144
car 0.0047 314 75 434 323
car 0.0046 456 123 494 157
car 0.0041 435 112 478 142
car 0.0033 45 111 58 124
car 0.0033 73 109 86 124
car 0.0032 207 59 344 329
car 0.0027 107 47 149 68
car 0.0026 408 122 448 147
car 0.0022 491 130 498 154
car 0.0022 1 77 24 163
car 0.0021 61 105 100 128
car 0.0019 433 127 502 178
car 0.0017 416 118 435 151
car 0.0015 176 108 195 143
car 0.0014 456 121 494 188
car 0.0014 492 124 501 180
car 0.0014 416 127 459 155
car 0.0014 44 113 59 134
car 0.0013 467 125 486 145
car 0.0013 3 88 17 139
car 0.0013 426 119 450 151
car 0.0013 454 115 496 143
car 0.0012 491 117 498 136
car 0.0012 35 54 183 275
car 0.0012 0 97 60 140
car 0.0011 71 101 89 133
car 0.0011 14 103 56 129
car 0.0010 36 112 53 150
chair 0.0178 63 91 194 331
chair 0.0022 241 204 311 342
chair 0.0013 174 214 264 347
cow 0.0015 53 43 196 287
cow 0.0012 241 204 311 342
cow 0.0011 309 104 348 132
dog 0.9122 180 239 259 343
dog 0.8616 308 238 399 360
dog 0.6715 241 204 311 342
dog 0.4818 93 247 181 342
dog 0.2928 0 263 89 365
dog 0.0240 186 214 306 340
dog 0.0158 24 265 99 332
dog 0.0086 104 191 190 322
dog 0.0076 296 212 374 345
dog 0.0049 48 256 156 344
dog 0.0029 63 91 194 331
dog 0.0016 258 216 296 327
dog 0.0015 118 244 196 310
dog 0.0014 239 220 315 293
dog 0.0014 159 281 194 340
dog 0.0012 245 218 282 328
dog 0.0012 246 104 309 327
horse 0.0051 243 180 309 336
horse 0.0026 183 252 256 337
horse 0.0025 307 102 340 134
horse 0.0015 53 43 196 287
motorbike 0.0040 306 107 340 135
motorbike 0.0020 49 112 74 149
motorbike 0.0017 487 109 498 160
motorbike 0.0012 474 119 496 151
motorbike 0.0011 34 105 53 139
person 0.9990 56 57 194 308
person 0.9964 179 57 311 335
person 0.8626 338 76 451 353
person 0.6318 243 46 279 124
person 0.5134 282 83 314 144
person 0.3536 307 102 340 134
person 0.2541 260 64 292 139
person 0.0662 233 44 291 152
person 0.0505 244 85 313 309
person 0.0306 278 97 353 258
person 0.0282 285 82 304 131
person 0.0241 297 91 330 142
person 0.0212 332 67 416 251
person 0.0169 333 98 350 133
person 0.0150 318 98 353 140
person 0.0111 174 214 264 347
person 0.0107 242 68 311 134
person 0.0103 339 98 360 131
person 0.0101 336 105 347 125
person 0.0088 293 102 315 140
person 0.0081 264 76 401 364
person 0.0078 272 81 294 131
person 0.0066 268 80 324 134
person 0.0062 243 180 309 336
person 0.0055 343 105 356 123
person 0.0051 132 48 160 116
person 0.0048 322 108 339 125
person 0.0047 304 80 365 310
person 0.0044 319 111 362 135
person 0.0040 147 44 171 121
person 0.0038 104 191 190 322
person 0.0037 320 108 357 208
person 0.0034 165 97 281 287
person 0.0032 302 99 322 135
person 0.0030 335 113 347 131
person 0.0029 173 47 181 67
person 0.0023 263 76 285 118
person 0.0022 474 119 496 151
person 0.0022 311 107 335 126
person 0.0020 202 61 307 147
person 0.0020 318 106 354 164
person 0.0019 288 81 312 118
person 0.0019 354 104 362 124
person 0.0018 311 90 335 128
person 0.0017 52 113 122 283
person 0.0015 34 108 52 125
person 0.0015 338 113 361 151
person 0.0014 298 101 334 167
person 0.0013 337 96 347 116
person 0.0013 176 108 195 143
person 0.0012 282 106 352 160
person 0.0012 303 113 319 132
person 0.0012 108 48 144 111
person 0.0011 131 55 148 98
person 0.0011 487 109 498 160
person 0.0011 335 88 365 123
person 0.0011 254 60 307 177
person 0.0010 247 67 282 159
person 0.0010 1 78 10 150
person 0.0010 228 47 261 116
sheep 0.0029 53 43 196 287
sofa 0.0021 178 66 309 354
sofa 0.0020 63 91 194 331
train 0.0022 33 103 54 131
