bird 0.0017 113 21 505 328
boat 0.0018 113 21 505 328
bottle 0.0014 113 21 505 328
bus 0.9996 64 25 493 317
bus 0.0220 476 181 499 225
bus 0.0038 487 167 500 222
car 0.6829 476 186 497 231
car 0.1637 483 175 500 228
car 0.0039 479 193 493 224
car 0.0029 469 190 487 231
car 0.0017 487 189 498 214
car 0.0016 488 188 500 247
car 0.0013 490 183 498 204
horse 0.0077 113 21 505 328
motorbike 0.0016 483 182 501 234
person 0.0513 219 107 249 172
person 0.0114 232 133 252 172
person 0.0094 226 132 245 175
person 0.0089 279 124 313 194
person 0.0052 213 130 240 176
person 0.0038 283 132 306 177
person 0.0037 205 150 243 204
person 0.0032 208 96 239 157
person 0.0025 113 21 505 328
person 0.0024 194 115 218 151
person 0.0019 449 200 460 262
person 0.0018 207 110 266 167
person 0.0017 196 167 236 198
person 0.0014 204 112 226 156
person 0.0012 230 152 240 172
person 0.0012 218 144 251 202
person 0.0010 483 175 500 228
person 0.0010 225 149 242 194
train 0.0013 483 175 500 228
