bicycle 0.0040 382 220 496 332
car 0.0033 435 213 496 332
car 0.0024 127 38 192 91
car 0.0022 271 62 316 93
car 0.0012 0 -5 20 85
car 0.0012 481 187 497 319
diningtable 0.0013 124 45 195 99
horse 0.0013 434 178 497 331
motorbike 0.6079 382 220 496 332
motorbike 0.0785 434 236 497 333
motorbike 0.0374 364 145 500 339
motorbike 0.0096 479 207 498 333
motorbike 0.0019 266 64 320 100
motorbike 0.0017 372 253 461 325
motorbike 0.0012 436 152 497 321
motorbike 0.0011 118 39 180 92
person 0.9654 15 41 75 165
person 0.8574 88 38 126 93
person 0.8164 438 71 477 128
person 0.6366 397 70 430 129
person 0.5104 368 175 493 323
person 0.4371 266 64 320 100
person 0.3620 180 36 212 95
person 0.3408 143 36 179 93
person 0.2096 168 36 199 96
person 0.1902 128 37 167 93
person 0.0949 1 9 20 188
person 0.0868 124 45 195 99
person 0.0648 29 42 70 110
person 0.0577 0 17 10 74
person 0.0509 173 40 201 75
person 0.0465 390 68 429 101
person 0.0436 360 149 442 322
person 0.0376 0 -5 20 85
person 0.0269 446 78 486 142
person 0.0213 149 45 215 100
person 0.0199 259 73 307 107
person 0.0177 402 93 434 127
person 0.0170 434 178 497 331
person 0.0149 144 41 187 72
person 0.0146 411 73 440 130
person 0.0071 192 47 216 85
person 0.0070 46 44 82 105
person 0.0059 433 82 461 126
person 0.0044 0 -19 6 75
person 0.0041 126 43 174 73
person 0.0036 2 36 8 72
person 0.0035 394 73 465 126
person 0.0033 481 187 497 319
person 0.0030 1 3 54 160
person 0.0027 3 23 17 70
person 0.0026 52 46 122 99
person 0.0026 184 56 224 90
person 0.0026 447 58 486 116
person 0.0025 6 30 37 126
person 0.0021 141 35 177 63
person 0.0019 414 85 435 124
person 0.0017 0 -59 18 65
person 0.0016 387 67 417 129
person 0.0014 1 8 59 382
person 0.0014 448 83 482 121
person 0.0014 74 39 106 93
person 0.0014 121 48 163 83
person 0.0013 114 28 183 130
person 0.0013 279 76 322 104
person 0.0012 164 51 190 96
person 0.0011 84 47 159 97
person 0.0011 -4 -29 28 156
person 0.0011 7 42 15 66
person 0.0011 0 45 66 216
person 0.0010 167 26 226 169
