aeroplane 0.0019 -15 26 235 252
chair 0.0011 304 133 480 370
cow 0.9874 178 -9 389 217
cow 0.9662 -14 2 285 237
cow 0.5936 213 96 362 216
cow 0.0695 278 72 472 322
cow 0.0161 251 122 390 227
cow 0.0105 71 -27 439 195
cow 0.0105 230 68 412 232
cow 0.0098 172 0 270 49
cow 0.0046 184 127 332 225
cow 0.0027 290 91 434 217
cow 0.0023 203 112 316 171
cow 0.0012 232 118 326 191
person 0.9951 302 72 481 363
person 0.0018 303 112 441 257
sofa 0.0018 -28 -12 316 244
sofa 0.0013 153 -26 410 203
sofa 0.0012 278 72 472 322
