aeroplane 0.0024 436 22 504 71
aeroplane 0.0020 231 159 278 223
bird 0.0090 213 159 279 224
cat 0.8802 224 160 284 223
cat 0.0120 197 135 296 236
cat 0.0010 183 90 305 221
chair 0.0026 197 135 296 236
dog 0.0115 213 159 279 224
person 0.0023 213 159 279 224
pottedplant 0.9885 351 90 502 304
pottedplant 0.0082 222 154 286 216
pottedplant 0.0027 171 92 232 144
pottedplant 0.0023 57 1 158 50
pottedplant 0.0020 183 90 305 221
pottedplant 0.0020 197 135 296 236
pottedplant 0.0012 477 181 500 290
sofa 0.0040 349 25 512 296
tvmonitor 0.9978 12 -21 203 97
tvmonitor 0.0011 191 70 240 103
