bicycle 0.0040 209 152 296 277
bird 0.0011 138 157 177 189
boat 0.0045 120 119 237 206
boat 0.0017 273 123 382 202
boat 0.0013 185 137 322 215
bottle 0.0027 302 171 319 211
bottle 0.0018 69 178 76 201
car 0.0012 213 154 296 207
chair 0.9259 98 178 178 256
chair 0.8138 330 174 404 253
chair 0.7166 214 177 291 280
chair 0.1499 213 160 296 223
chair 0.0358 104 164 225 244
chair 0.0081 282 166 321 231
chair 0.0079 294 157 384 227
chair 0.0074 292 157 335 231
chair 0.0053 120 119 237 206
chair 0.0038 273 123 382 202
chair 0.0029 283 183 301 236
chair 0.0017 301 176 319 220
chair 0.0017 143 160 221 222
chair 0.0013 185 137 322 215
chair 0.0013 181 156 223 226
diningtable 0.0462 213 160 296 223
diningtable 0.0167 209 152 296 277
diningtable 0.0084 294 157 384 227
diningtable 0.0040 104 164 225 244
diningtable 0.0023 143 160 221 222
diningtable 0.0019 318 172 402 253
diningtable 0.0019 282 146 360 203
diningtable 0.0013 196 166 351 245
diningtable 0.0013 120 119 237 206
diningtable 0.0011 95 171 187 230
person 0.0167 202 159 292 226
person 0.0020 209 152 296 277
person 0.0011 104 164 225 244
pottedplant 0.5519 280 107 356 166
pottedplant 0.2251 120 119 237 206
pottedplant 0.1534 157 108 234 167
pottedplant 0.0805 292 151 376 204
pottedplant 0.0658 337 107 375 175
pottedplant 0.0491 281 136 321 168
pottedplant 0.0482 138 157 177 189
pottedplant 0.0409 287 123 379 188
pottedplant 0.0299 126 117 165 193
pottedplant 0.0292 124 144 209 202
pottedplant 0.0176 302 171 319 211
pottedplant 0.0168 159 142 233 207
pottedplant 0.0165 95 171 187 230
pottedplant 0.0134 284 116 356 234
pottedplant 0.0126 136 162 161 194
pottedplant 0.0117 181 156 223 226
pottedplant 0.0116 297 144 380 244
pottedplant 0.0109 143 160 221 222
pottedplant 0.0098 274 125 335 180
pottedplant 0.0090 193 140 236 167
pottedplant 0.0089 284 119 323 150
pottedplant 0.0085 162 128 213 156
pottedplant 0.0080 313 152 332 191
pottedplant 0.0075 292 157 335 231
pottedplant 0.0071 328 165 372 194
pottedplant 0.0051 298 119 346 147
pottedplant 0.0049 273 125 295 161
pottedplant 0.0048 274 147 316 172
pottedplant 0.0043 186 181 204 222
pottedplant 0.0043 146 165 187 192
pottedplant 0.0041 280 138 323 211
pottedplant 0.0039 172 121 221 146
pottedplant 0.0038 315 102 384 206
pottedplant 0.0033 139 120 182 196
pottedplant 0.0030 188 146 226 175
pottedplant 0.0026 266 146 339 201
pottedplant 0.0025 281 124 303 161
pottedplant 0.0024 287 123 315 161
pottedplant 0.0023 306 127 355 155
pottedplant 0.0022 114 106 181 207
pottedplant 0.0020 180 120 226 194
pottedplant 0.0020 284 126 336 157
pottedplant 0.0018 190 122 237 147
pottedplant 0.0017 138 165 158 182
pottedplant 0.0017 305 179 317 202
pottedplant 0.0015 125 113 207 173
pottedplant 0.0015 192 128 236 158
pottedplant 0.0015 320 156 364 187
pottedplant 0.0014 130 162 151 196
pottedplant 0.0014 120 117 139 168
pottedplant 0.0014 312 155 357 231
pottedplant 0.0013 104 164 225 244
pottedplant 0.0013 90 126 204 215
pottedplant 0.0013 66 162 79 202
pottedplant 0.0012 315 105 357 172
pottedplant 0.0012 180 179 198 224
pottedplant 0.0011 235 99 358 181
pottedplant 0.0011 113 111 147 175
pottedplant 0.0011 218 154 233 166
pottedplant 0.0010 169 135 222 167
pottedplant 0.0010 316 160 328 183
pottedplant 0.0010 69 178 76 201
sofa 0.6379 213 160 296 223
sofa 0.4729 197 168 307 254
sofa 0.0904 273 123 382 202
sofa 0.0629 185 137 322 215
sofa 0.0413 120 119 237 206
sofa 0.0216 104 164 225 244
sofa 0.0128 215 191 291 271
sofa 0.0073 273 161 401 239
sofa 0.0042 145 165 292 240
sofa 0.0015 98 178 178 256
sofa 0.0011 216 154 328 203
tvmonitor 0.0058 213 154 296 207
tvmonitor 0.0028 281 136 321 168
tvmonitor 0.0010 273 125 295 161
