bird 0.0016 100 25 520 282
boat 0.0232 485 99 501 153
boat 0.0011 55 40 467 299
bottle 0.0041 55 40 467 299
bus 0.9991 76 21 485 286
bus 0.2247 485 108 502 157
bus 0.0436 476 88 499 155
bus 0.0335 419 77 485 199
bus 0.0298 58 120 84 152
bus 0.0260 -1 114 58 156
bus 0.0204 481 105 496 160
bus 0.0201 488 83 500 150
bus 0.0194 75 115 139 155
bus 0.0192 -2 109 32 166
bus 0.0152 457 88 492 162
bus 0.0131 14 117 78 152
bus 0.0113 21 121 43 152
bus 0.0110 3 122 45 150
bus 0.0098 14 130 49 155
bus 0.0064 40 130 85 152
bus 0.0055 0 112 13 158
bus 0.0045 489 121 500 145
bus 0.0044 50 117 123 152
bus 0.0040 478 118 510 149
bus 0.0023 489 114 499 137
bus 0.0020 2 116 23 152
bus 0.0015 -5 112 35 140
bus 0.0014 0 126 26 199
bus 0.0011 25 129 40 143
bus 0.0011 41 121 66 151
bus 0.0010 24 133 41 151
bus 0.0010 -5 129 37 156
car 0.4050 53 129 87 151
car 0.3767 485 108 502 157
car 0.1547 14 130 49 155
car 0.0891 31 130 75 152
car 0.0461 24 133 41 151
car 0.0208 489 121 500 145
car 0.0160 3 122 45 150
car 0.0149 21 121 43 152
car 0.0116 58 122 100 150
car 0.0112 25 129 40 143
car 0.0095 0 120 13 167
car 0.0080 478 118 510 149
car 0.0079 61 128 82 143
car 0.0078 -5 129 37 156
car 0.0077 481 105 496 160
car 0.0070 489 114 499 137
car 0.0067 488 83 500 150
car 0.0061 3 124 22 161
car 0.0058 50 135 73 150
car 0.0058 -1 114 58 156
car 0.0057 1 122 9 147
car 0.0052 43 135 62 149
car 0.0046 24 133 43 170
car 0.0043 0 126 26 199
car 0.0040 -2 109 32 166
car 0.0037 20 122 67 150
car 0.0030 78 120 124 150
car 0.0030 7 134 18 151
car 0.0025 491 132 498 153
car 0.0021 34 137 49 151
car 0.0019 17 134 33 150
car 0.0017 69 117 90 153
car 0.0016 481 144 488 161
car 0.0014 50 121 75 151
car 0.0014 41 121 66 151
car 0.0013 89 128 129 156
car 0.0012 30 129 53 156
car 0.0012 73 135 87 150
car 0.0012 6 127 19 142
car 0.0010 10 131 41 197
car 0.0010 491 106 498 128
car 0.0010 484 121 491 146
car 0.0010 28 142 39 160
car 0.0010 158 117 180 152
horse 0.0020 100 25 520 282
person 0.5811 32 149 50 213
person 0.5371 16 139 39 217
person 0.3788 1 137 25 216
person 0.1408 1 149 11 215
person 0.0791 28 147 43 216
person 0.0677 5 143 20 204
person 0.0420 177 108 196 157
person 0.0250 158 117 180 152
person 0.0142 0 124 12 184
person 0.0093 15 148 31 201
person 0.0072 3 132 21 176
person 0.0059 168 111 185 156
person 0.0051 24 133 43 170
person 0.0051 13 161 33 216
person 0.0041 169 99 200 156
person 0.0034 2 154 8 190
person 0.0027 184 107 205 160
person 0.0023 161 123 176 144
person 0.0020 24 133 41 151
person 0.0018 2 138 8 167
person 0.0017 156 108 210 159
person 0.0015 28 142 39 160
person 0.0013 1 131 9 155
train 0.0441 485 108 502 157
train 0.0069 488 83 500 150
train 0.0020 54 124 88 150
train 0.0018 14 130 49 155
train 0.0017 31 123 76 150
train 0.0016 3 122 45 150
train 0.0013 478 118 510 149
train 0.0012 21 121 43 152
train 0.0012 0 112 13 158
train 0.0011 481 105 496 160
tvmonitor 0.0180 485 99 501 153
