aeroplane 0.0012 87 54 404 277
bird 0.0041 35 60 413 293
boat 0.0041 72 63 478 292
bottle 0.0112 72 39 429 288
bus 0.9972 86 66 408 292
bus 0.6164 377 123 448 260
bus 0.0419 437 133 501 262
bus 0.0291 303 86 445 278
bus 0.0064 452 180 494 253
bus 0.0039 411 147 447 243
bus 0.0034 445 210 501 256
bus 0.0029 335 111 416 274
bus 0.0018 475 196 497 268
bus 0.0014 382 191 452 245
bus 0.0012 478 142 498 256
bus 0.0011 435 165 504 230
car 0.0084 87 54 404 277
horse 0.0091 87 54 404 277
motorbike 0.0068 72 39 429 288
person 0.0064 117 66 433 292
person 0.0021 414 171 422 192
person 0.0017 349 138 368 187
person 0.0017 390 149 405 195
person 0.0016 411 150 424 195
person 0.0010 410 211 423 225
train 0.0046 72 63 478 292
tvmonitor 0.0014 72 66 379 287
