bicycle 0.0027 35 62 237 342
bicycle 0.0023 1 296 68 373
bicycle 0.0014 62 161 260 369
boat 0.0015 1 114 89 173
cat 0.0060 1 296 68 373
chair 0.9367 62 161 260 369
chair 0.0298 208 183 263 332
chair 0.0114 280 196 476 374
chair 0.0112 141 195 268 346
chair 0.0017 1 296 68 373
chair 0.0013 219 185 291 357
cow 0.0026 1 296 68 373
diningtable 0.0034 35 62 237 342
diningtable 0.0022 62 161 260 369
dog 0.9817 290 155 493 375
dog 0.5604 1 296 68 373
dog 0.0049 -5 256 88 376
horse 0.0079 1 296 68 373
horse 0.0015 292 194 490 376
person 0.9997 33 76 241 379
person 0.9990 289 69 498 383
person 0.0048 1 296 68 373
person 0.0021 260 82 416 366
person 0.0016 280 196 476 374
person 0.0015 69 205 259 373
pottedplant 0.0083 26 102 104 168
pottedplant 0.0025 0 69 102 170
pottedplant 0.0024 1 114 89 173
pottedplant 0.0012 63 98 103 174
sheep 0.0013 1 296 68 373
sofa 0.0122 35 138 246 370
sofa 0.0014 3 124 81 178
tvmonitor 0.1205 1 114 89 173
tvmonitor 0.0043 26 102 104 168
tvmonitor 0.0031 5 122 58 181
tvmonitor 0.0016 0 69 102 170
