bicycle 0.0016 160 77 492 368
boat 0.0089 160 77 492 368
bottle 0.9932 176 127 220 256
bottle 0.8351 64 121 98 198
bottle 0.4236 348 98 371 150
bottle 0.3474 58 114 86 192
bottle 0.2389 405 90 432 159
bottle 0.1123 354 100 380 167
bottle 0.1044 54 111 70 176
bottle 0.0348 358 107 376 157
bottle 0.0288 168 125 203 184
bottle 0.0203 180 116 219 170
bottle 0.0195 328 103 387 149
bottle 0.0149 180 124 196 183
bottle 0.0082 343 103 363 145
bottle 0.0078 68 131 90 178
bottle 0.0078 402 99 420 150
bottle 0.0059 82 144 98 200
bottle 0.0054 383 90 443 223
bottle 0.0048 401 98 434 207
bottle 0.0044 1 126 90 343
bottle 0.0037 61 128 80 176
bottle 0.0037 343 100 378 135
bottle 0.0035 367 98 384 152
bottle 0.0031 57 101 110 219
bottle 0.0022 351 91 368 126
bottle 0.0015 353 98 365 116
bottle 0.0013 55 135 68 185
bottle 0.0012 416 142 454 214
bottle 0.0011 436 156 452 206
chair 0.0182 87 112 349 359
chair 0.0073 213 73 446 370
chair 0.0014 68 50 216 381
diningtable 0.9960 90 143 405 367
diningtable 0.1868 160 77 492 368
diningtable 0.0056 81 59 245 376
person 0.9880 71 2 249 371
person 0.9786 269 5 476 386
person 0.8928 291 8 432 161
person 0.7302 4 142 119 373
person 0.0350 138 110 427 355
person 0.0346 0 13 58 338
person 0.0090 89 33 247 168
person 0.0085 0 114 88 318
person 0.0073 1 -41 25 353
person 0.0048 51 145 219 369
person 0.0038 37 36 380 351
person 0.0018 1 -36 12 198
person 0.0017 357 39 500 389
person 0.0013 169 73 241 136
person 0.0011 19 231 163 370
person 0.0010 0 -18 5 94
person 0.0010 1 32 11 319
