cat 0.0023 89 105 339 220
cat 0.0010 261 172 375 225
chair 0.0243 95 46 494 258
chair 0.0077 71 84 358 231
chair 0.0037 15 56 488 386
chair 0.0024 217 41 481 198
dog 0.9996 9 168 270 351
dog 0.9917 185 41 472 196
dog 0.6757 89 105 339 220
dog 0.0208 171 139 404 228
dog 0.0157 139 93 439 278
dog 0.0097 -40 88 323 375
dog 0.0096 261 172 375 225
dog 0.0096 230 49 478 314
dog 0.0026 110 129 217 187
dog 0.0026 143 145 262 206
dog 0.0015 69 25 510 358
dog 0.0012 -6 108 281 283
person 0.0035 69 25 510 358
sofa 0.9757 64 52 514 392
sofa 0.1307 188 63 468 295
sofa 0.0447 81 89 355 260
sofa 0.0273 5 136 312 338
sofa 0.0110 -5 42 435 268
