bicycle 0.9520 -2 106 49 205
bicycle 0.0736 -1 82 28 196
bicycle 0.0605 61 59 199 196
bicycle 0.0249 0 27 17 207
bicycle 0.0099 53 103 118 209
bicycle 0.0019 390 -31 500 220
bicycle 0.0015 -1 73 87 208
bicycle 0.0014 0 -35 25 234
bicycle 0.0011 392 23 501 148
bicycle 0.0010 438 107 500 246
boat 0.0034 427 26 503 86
boat 0.0014 416 19 493 178
boat 0.0011 428 -4 504 124
car 0.9999 64 49 426 279
car 0.0309 61 59 199 196
chair 0.0033 61 59 199 196
chair 0.0010 -4 112 48 204
diningtable 0.0014 53 103 118 209
motorbike 0.0377 61 59 199 196
motorbike 0.0063 54 75 120 203
motorbike 0.0010 91 70 191 124
person 0.0142 1 -14 13 216
person 0.0137 292 71 331 100
person 0.0035 61 59 199 196
person 0.0033 0 -35 25 234
person 0.0016 283 55 346 105
person 0.0015 50 39 395 244
person 0.0015 155 67 201 98
person 0.0010 0 -7 5 138
