aeroplane 0.9995 -1 121 497 245
aeroplane 0.1200 3 189 44 215
aeroplane 0.0095 -3 196 50 220
aeroplane 0.0060 6 168 48 220
aeroplane 0.0043 41 133 305 236
aeroplane 0.0015 22 196 43 207
aeroplane 0.0011 12 196 38 208
car 0.0029 415 217 438 248
car 0.0016 418 228 435 247
cow 0.0010 38 129 510 237
person 0.0484 391 213 401 250
person 0.0300 381 213 398 249
person 0.0261 187 213 201 245
person 0.0254 349 216 364 247
person 0.0090 375 212 389 250
person 0.0088 353 225 362 248
person 0.0072 384 219 395 243
person 0.0039 349 218 357 246
person 0.0034 185 210 193 232
person 0.0032 393 224 400 249
person 0.0023 190 212 198 233
person 0.0023 378 218 386 244
person 0.0023 183 205 197 240
sheep 0.0012 3 189 44 215
