aeroplane 0.0010 491 98 500 152
bird 0.0109 491 98 500 152
bird 0.0043 491 115 500 136
bird 0.0033 493 123 500 140
bird 0.0030 299 115 360 168
cow 0.0032 84 137 211 290
cow 0.0024 3 107 119 246
cow 0.0022 405 142 498 282
cow 0.0018 490 209 498 289
cow 0.0015 288 113 352 170
cow 0.0013 491 98 500 152
cow 0.0010 493 123 500 140
dog 0.0019 299 115 360 168
dog 0.0017 491 98 500 152
horse 0.0016 84 137 211 290
sheep 0.9815 405 142 498 282
sheep 0.9688 234 136 328 304
sheep 0.9510 84 137 211 290
sheep 0.8298 3 107 119 246
sheep 0.5388 288 113 352 170
sheep 0.0408 0 99 26 211
sheep 0.0204 491 98 500 152
sheep 0.0177 -5 105 34 144
sheep 0.0134 493 123 500 140
sheep 0.0122 475 146 497 283
sheep 0.0104 0 86 26 160
sheep 0.0096 0 100 41 177
sheep 0.0093 284 118 355 235
sheep 0.0083 402 122 472 244
sheep 0.0078 455 160 497 269
sheep 0.0065 491 115 500 136
sheep 0.0054 -2 97 57 221
sheep 0.0054 281 135 345 295
sheep 0.0048 286 143 353 205
sheep 0.0035 273 117 314 152
sheep 0.0034 281 113 322 166
sheep 0.0030 242 115 320 162
sheep 0.0028 0 92 10 160
sheep 0.0025 491 194 499 288
sheep 0.0021 -2 90 33 256
sheep 0.0020 13 101 30 149
sheep 0.0014 276 106 359 149
sheep 0.0012 438 114 500 249
sheep 0.0011 311 123 352 162
sheep 0.0011 467 128 482 140
sheep 0.0011 289 122 312 165
sheep 0.0010 267 122 340 182
sheep 0.0010 298 145 338 240
sheep 0.0010 327 128 371 158
