bicycle 0.0017 4 110 64 166
boat 0.0014 16 182 327 386
cat 0.0034 350 163 429 228
cat 0.0018 378 180 416 251
chair 0.7670 227 120 293 187
chair 0.5446 202 125 240 182
chair 0.5415 4 110 64 166
chair 0.3646 290 167 346 308
chair 0.1761 87 105 150 216
chair 0.1632 0 118 69 236
chair 0.1338 455 147 498 206
chair 0.1100 136 120 195 169
chair 0.1000 1 199 54 382
chair 0.0296 0 162 299 381
chair 0.0295 475 148 496 198
chair 0.0291 183 127 218 181
chair 0.0290 149 125 212 178
chair 0.0209 267 174 336 329
chair 0.0194 58 118 111 227
chair 0.0193 150 124 186 164
chair 0.0181 161 123 200 169
chair 0.0173 341 162 411 225
chair 0.0172 0 152 56 316
chair 0.0133 312 175 349 294
chair 0.0108 284 121 360 185
chair 0.0086 488 134 498 210
chair 0.0080 273 182 378 285
chair 0.0078 5 117 108 207
chair 0.0077 166 123 235 169
chair 0.0067 -1 183 32 400
chair 0.0064 467 149 488 198
chair 0.0058 378 180 416 251
chair 0.0056 16 156 70 232
chair 0.0055 78 108 143 172
chair 0.0051 0 203 18 384
chair 0.0041 3 141 56 214
chair 0.0039 383 103 486 208
chair 0.0039 305 185 337 319
chair 0.0038 183 121 206 167
chair 0.0037 232 104 293 147
chair 0.0034 350 112 429 242
chair 0.0033 242 109 286 134
chair 0.0030 16 120 69 189
chair 0.0027 40 119 148 204
chair 0.0027 -1 156 21 276
chair 0.0022 9 127 58 154
chair 0.0020 444 195 498 355
chair 0.0019 78 119 182 199
chair 0.0018 281 181 352 256
chair 0.0018 490 185 499 255
chair 0.0017 475 198 497 242
chair 0.0017 0 109 8 178
chair 0.0016 0 100 48 153
chair 0.0015 491 170 499 232
chair 0.0014 -2 136 23 221
chair 0.0014 230 104 282 128
chair 0.0014 471 155 498 231
chair 0.0014 473 177 501 255
chair 0.0014 439 161 499 222
chair 0.0013 278 110 393 197
chair 0.0013 195 119 216 170
chair 0.0012 0 114 24 154
chair 0.0012 -2 105 28 167
chair 0.0012 149 127 170 174
chair 0.0011 205 120 226 171
chair 0.0011 300 174 425 269
chair 0.0010 350 174 399 247
chair 0.0010 129 113 169 169
diningtable 0.9995 13 163 332 383
diningtable 0.0029 226 113 294 177
diningtable 0.0015 150 124 186 164
diningtable 0.0014 455 147 498 206
person 0.0097 4 110 64 166
person 0.0026 350 163 429 228
person 0.0021 369 102 460 248
person 0.0020 0 100 48 153
person 0.0017 378 180 416 251
person 0.0012 350 112 429 242
pottedplant 0.7460 399 93 467 212
pottedplant 0.1478 411 113 456 196
pottedplant 0.0178 402 95 471 155
pottedplant 0.0175 396 143 468 203
pottedplant 0.0055 426 94 469 180
pottedplant 0.0045 226 113 294 177
pottedplant 0.0026 475 148 496 198
pottedplant 0.0024 491 170 499 232
pottedplant 0.0021 488 134 498 210
pottedplant 0.0013 232 104 293 147
pottedplant 0.0011 481 85 492 126
sofa 0.4214 289 120 386 185
sofa 0.4002 298 108 422 206
sofa 0.1867 334 107 475 212
sofa 0.0610 226 113 294 177
sofa 0.0230 455 147 498 206
sofa 0.0207 341 162 411 225
sofa 0.0170 350 112 429 242
sofa 0.0110 329 122 414 186
sofa 0.0070 276 127 395 220
sofa 0.0027 300 174 425 269
sofa 0.0023 311 94 490 263
sofa 0.0021 220 113 354 184
sofa 0.0020 293 141 379 200
sofa 0.0018 373 122 451 266
sofa 0.0017 439 161 499 222
sofa 0.0014 4 110 64 166
sofa 0.0014 232 104 293 147
sofa 0.0011 404 147 492 207
sofa 0.0010 378 180 416 251
sofa 0.0010 20 127 327 354
tvmonitor 0.0012 242 109 286 134
tvmonitor 0.0010 475 148 496 198
