bus 0.0045 297 152 451 273
bus 0.0010 42 164 170 267
cow 0.0019 42 164 170 267
horse 0.9969 164 181 317 281
horse 0.9964 290 162 455 286
horse 0.9571 39 178 174 278
horse 0.0060 105 168 177 280
horse 0.0023 167 187 194 280
horse 0.0015 230 156 260 248
horse 0.0014 283 162 311 254
horse 0.0012 128 174 164 278
person 0.9942 231 149 262 232
person 0.9534 358 131 396 236
person 0.8010 110 143 143 229
person 0.6336 359 126 421 250
person 0.3218 372 136 408 236
person 0.2434 283 162 311 254
person 0.1670 123 146 155 228
person 0.0887 409 165 448 251
person 0.0675 399 146 432 235
person 0.0387 344 148 411 222
person 0.0339 385 143 448 274
person 0.0192 167 187 194 280
person 0.0135 98 138 154 243
person 0.0097 92 150 126 227
person 0.0084 311 154 461 265
person 0.0069 145 152 173 225
person 0.0030 108 153 171 222
person 0.0028 398 147 420 184
person 0.0021 227 143 281 243
person 0.0014 66 222 79 281
person 0.0013 398 152 436 180
person 0.0012 263 159 300 229
person 0.0010 397 160 457 227
