person 0.9774 52 215 129 330
person 0.0074 181 161 220 220
person 0.0045 206 158 226 201
person 0.0033 196 164 234 194
person 0.0031 167 162 203 220
person 0.0031 191 159 222 186
person 0.0026 58 221 69 236
person 0.0025 46 227 92 315
person 0.0022 210 163 223 182
person 0.0021 126 215 154 286
person 0.0017 172 154 233 206
person 0.0015 200 159 236 222
person 0.0015 64 222 77 237
person 0.0013 214 159 231 201
person 0.0011 188 160 206 201
person 0.0010 75 215 107 241
sheep 0.0040 138 121 490 335
train 0.9990 135 110 492 323
