car 0.1456 187 35 228 58
car 0.0090 188 41 240 64
car 0.0026 301 72 342 97
car 0.0021 -1 26 15 128
car 0.0021 189 37 206 53
car 0.0021 0 28 8 101
car 0.0020 82 2 98 15
car 0.0018 263 75 367 113
car 0.0018 250 51 295 77
car 0.0017 176 40 265 77
car 0.0013 192 39 218 52
chair 0.0022 -1 26 15 128
motorbike 0.9967 26 105 295 272
motorbike 0.0023 85 34 208 206
motorbike 0.0013 0 4 15 120
person 0.4944 85 37 208 227
person 0.0785 27 73 266 269
person 0.0024 0 10 7 101
person 0.0015 -1 26 15 128
person 0.0014 1 -24 16 107
person 0.0011 491 75 499 148
