car 0.7138 457 48 496 109
car 0.0631 474 45 498 88
car 0.0461 474 59 496 105
car 0.0393 389 48 404 62
car 0.0232 459 57 476 109
car 0.0152 463 53 488 98
car 0.0115 486 45 500 103
car 0.0074 372 45 409 66
car 0.0072 384 48 399 62
car 0.0067 474 58 497 168
car 0.0060 468 43 502 73
car 0.0051 450 49 500 146
car 0.0023 291 52 309 97
car 0.0018 358 46 379 86
car 0.0018 300 40 369 92
car 0.0015 470 51 513 81
car 0.0014 488 29 499 85
car 0.0011 466 36 504 60
motorbike 0.9997 17 0 486 309
motorbike 0.0069 457 52 496 135
motorbike 0.0020 474 58 497 168
motorbike 0.0012 448 50 499 179
motorbike 0.0011 459 57 476 109
person 0.0033 24 51 41 100
person 0.0032 291 52 309 97
person 0.0019 459 57 476 109
person 0.0013 1 -16 17 100
person 0.0011 457 48 496 109
person 0.0011 389 48 404 62
person 0.0010 14 -3 432 282
train 0.0027 10 27 488 349
