bird 0.3713 342 84 408 126
bird 0.1644 351 87 387 120
bird 0.0149 378 80 439 129
bird 0.0095 389 86 430 122
bird 0.0067 348 83 371 111
bird 0.0038 354 101 400 141
bird 0.0035 350 88 369 103
bird 0.0024 352 83 402 111
bird 0.0023 353 92 369 112
bird 0.0018 404 81 426 127
bird 0.0016 343 83 361 121
bird 0.0014 342 88 381 137
bird 0.0014 355 96 381 110
bird 0.0012 332 85 374 118
bird 0.0010 343 87 360 102
boat 0.9968 44 57 509 340
person 0.0038 219 224 231 235
person 0.0020 211 222 223 233
person 0.0020 229 224 241 236
person 0.0012 238 225 250 237
sheep 0.0011 389 86 430 122
