bicycle 0.0076 -1 136 7 206
bicycle 0.0016 14 130 28 171
bicycle 0.0011 57 108 154 172
bottle 0.0010 257 138 294 220
car 0.0032 25 24 475 258
car 0.0025 0 129 9 196
car 0.0011 57 108 154 172
dog 0.0013 -1 136 7 206
horse 0.0021 -1 136 7 206
horse 0.0016 14 130 28 171
motorbike 0.9997 33 51 474 301
motorbike 0.0820 42 105 152 205
motorbike 0.0425 58 96 203 191
motorbike 0.0110 50 71 301 256
motorbike 0.0086 74 107 167 170
motorbike 0.0053 78 99 264 212
motorbike 0.0048 35 113 60 187
motorbike 0.0037 -1 136 7 206
motorbike 0.0031 14 130 28 171
motorbike 0.0029 3 117 22 194
motorbike 0.0021 52 106 127 171
person 0.9520 37 91 61 176
person 0.1093 14 130 28 171
person 0.0350 8 116 21 172
person 0.0235 1 123 11 180
person 0.0183 46 95 72 175
person 0.0103 36 110 49 177
person 0.0101 -1 136 7 206
person 0.0087 3 117 22 194
person 0.0060 45 109 59 177
person 0.0056 58 66 376 276
person 0.0047 17 99 41 180
person 0.0044 25 112 39 173
person 0.0044 17 138 26 167
person 0.0033 10 139 18 165
person 0.0023 17 111 29 161
person 0.0023 2 136 8 169
person 0.0017 18 129 26 156
person 0.0012 1 148 7 174
person 0.0011 19 124 27 145
person 0.0010 54 114 70 172
train 0.0057 17 67 430 312
