aeroplane 0.9971 35 159 474 297
aeroplane 0.0025 316 170 496 273
aeroplane 0.0021 126 189 235 215
aeroplane 0.0012 51 180 198 213
aeroplane 0.0010 53 184 87 208
bus 0.0038 51 180 198 213
bus 0.0030 53 184 87 208
car 0.8951 53 188 89 208
car 0.0476 365 172 499 265
car 0.0200 163 190 212 207
car 0.0145 51 180 198 213
car 0.0103 447 180 485 242
car 0.0071 411 180 487 243
car 0.0053 48 190 75 207
car 0.0040 56 189 85 201
car 0.0028 46 192 61 206
car 0.0025 185 194 208 205
car 0.0024 184 190 225 209
car 0.0017 48 188 60 201
car 0.0016 150 185 207 203
car 0.0015 31 190 79 210
car 0.0012 457 191 479 229
car 0.0011 30 185 141 210
car 0.0010 344 183 483 238
motorbike 0.0016 44 187 87 209
train 0.0043 51 180 198 213
train 0.0011 53 184 87 208
