bottle 0.0053 159 356 184 400
chair 0.8447 142 284 244 347
chair 0.2646 -10 434 123 497
chair 0.1750 58 332 322 497
chair 0.0082 -12 395 288 497
chair 0.0079 -15 476 211 499
chair 0.0047 43 265 179 377
chair 0.0031 17 451 177 499
chair 0.0026 -17 445 269 498
chair 0.0022 57 480 253 500
chair 0.0019 28 301 154 397
chair 0.0018 -24 466 110 499
chair 0.0011 -11 443 67 501
chair 0.0010 91 491 192 499
diningtable 0.9987 -13 349 337 499
diningtable 0.0012 -5 444 122 502
person 0.0012 58 332 322 497
pottedplant 0.7164 34 255 149 383
pottedplant 0.0025 27 315 63 394
pottedplant 0.0022 54 213 139 351
pottedplant 0.0015 -28 338 315 495
tvmonitor 0.0011 34 255 149 383
