boat 0.0022 62 198 367 371
bottle 0.0082 264 227 282 271
bottle 0.0067 217 172 234 211
bottle 0.0045 273 226 293 271
bottle 0.0027 210 159 226 204
bottle 0.0026 240 242 270 301
bottle 0.0022 281 226 300 272
bottle 0.0019 224 162 246 203
bottle 0.0018 235 179 257 221
bottle 0.0018 220 190 230 210
bottle 0.0016 265 222 291 283
bottle 0.0014 253 235 274 282
bottle 0.0014 214 151 235 195
bottle 0.0011 233 246 258 292
chair 0.9928 284 102 350 181
chair 0.9864 323 165 452 368
chair 0.7437 0 206 105 368
chair 0.4383 396 95 438 151
chair 0.2955 341 116 379 174
chair 0.1343 190 115 275 190
chair 0.0920 72 200 291 370
chair 0.0392 414 142 438 185
chair 0.0176 407 100 430 148
chair 0.0087 337 119 445 248
chair 0.0082 397 125 438 188
chair 0.0076 343 105 446 187
chair 0.0069 349 111 372 160
chair 0.0062 92 152 159 275
chair 0.0054 419 154 451 275
chair 0.0053 411 139 454 328
chair 0.0051 311 110 356 177
chair 0.0051 344 119 400 187
chair 0.0047 89 174 128 257
chair 0.0034 408 135 430 176
chair 0.0025 408 100 439 172
chair 0.0023 349 123 388 164
chair 0.0022 362 100 437 146
chair 0.0022 389 106 429 144
chair 0.0022 374 107 415 167
chair 0.0018 351 126 391 221
chair 0.0017 258 107 301 177
chair 0.0016 100 170 143 255
chair 0.0014 425 138 442 190
chair 0.0012 421 198 453 306
chair 0.0012 215 112 295 173
chair 0.0011 370 122 414 190
chair 0.0010 408 148 431 192
chair 0.0010 301 98 443 302
cow 0.0031 85 178 387 368
diningtable 0.9890 53 168 374 373
diningtable 0.0095 190 115 275 190
diningtable 0.0038 287 109 372 179
diningtable 0.0030 115 206 367 334
diningtable 0.0015 411 144 442 183
diningtable 0.0015 121 132 298 215
diningtable 0.0012 79 139 279 337
diningtable 0.0011 341 116 379 174
diningtable 0.0011 179 180 267 220
person 0.9908 74 162 290 373
person 0.7637 185 117 267 190
person 0.6564 311 110 440 351
person 0.0174 337 119 445 248
person 0.0051 139 76 177 130
person 0.0049 100 145 376 331
person 0.0039 121 132 298 215
person 0.0031 478 3 499 124
person 0.0023 355 104 431 217
person 0.0021 0 67 14 207
person 0.0019 107 112 265 189
person 0.0016 89 169 260 286
person 0.0014 493 5 500 89
person 0.0014 185 164 482 365
person 0.0012 139 83 180 108
person 0.0011 492 12 499 121
pottedplant 0.0049 193 281 236 313
pottedplant 0.0012 53 145 371 335
pottedplant 0.0011 414 142 438 185
sofa 0.0095 188 114 278 177
sofa 0.0062 396 95 438 151
sofa 0.0045 62 198 367 371
sofa 0.0016 343 105 446 187
sofa 0.0010 287 109 372 179
tvmonitor 0.0518 396 95 438 151
tvmonitor 0.0033 407 100 430 148
tvmonitor 0.0018 190 115 275 190
tvmonitor 0.0014 414 142 438 185
