bus 0.0011 478 191 497 228
car 0.9997 180 92 446 260
car 0.9637 75 196 133 240
car 0.0654 478 191 497 228
car 0.0305 487 178 498 240
car 0.0057 481 197 493 222
car 0.0047 478 156 499 238
car 0.0045 -1 206 46 236
car 0.0024 489 197 498 223
car 0.0023 471 198 514 221
car 0.0017 1 204 24 239
car 0.0014 0 202 12 252
motorbike 0.0014 487 178 498 240
motorbike 0.0013 307 114 357 149
motorbike 0.0012 478 191 497 228
motorbike 0.0010 242 112 288 151
person 0.1687 321 106 362 143
person 0.1551 252 111 295 150
person 0.1203 273 115 315 149
person 0.0882 307 114 357 149
person 0.0466 336 98 373 146
person 0.0216 352 95 388 146
person 0.0195 283 115 341 148
person 0.0139 319 108 384 151
person 0.0116 280 110 324 141
person 0.0098 235 117 279 149
person 0.0080 300 108 345 141
person 0.0026 259 106 335 144
person 0.0024 327 103 372 129
person 0.0019 348 107 373 142
person 0.0013 478 191 497 228
