car 0.0036 -2 122 16 233
chair 0.9979 313 136 465 365
chair 0.9419 136 155 360 369
chair 0.8439 257 108 327 162
chair 0.2786 95 123 195 312
chair 0.1824 255 105 336 286
chair 0.0098 176 183 314 354
chair 0.0091 109 146 234 354
chair 0.0075 233 126 319 341
chair 0.0072 0 247 18 380
chair 0.0047 253 103 382 351
chair 0.0041 56 135 451 379
chair 0.0030 153 144 273 304
chair 0.0020 -2 122 16 233
chair 0.0010 79 106 143 288
diningtable 0.8980 145 152 404 371
diningtable 0.0022 210 116 348 351
diningtable 0.0010 303 114 455 365
person 0.0029 0 130 8 217
person 0.0012 136 149 313 369
sofa 0.0028 149 122 347 354
tvmonitor 0.8167 13 113 93 188
tvmonitor 0.0143 0 107 20 212
tvmonitor 0.0025 4 117 117 223
tvmonitor 0.0015 0 105 9 183
