bird 0.0018 60 68 483 299
bottle 0.0017 45 74 445 290
bus 0.9996 13 71 478 292
horse 0.0032 60 68 483 299
person 0.5536 295 114 333 177
person 0.1471 450 146 468 203
person 0.0920 284 117 318 179
person 0.0608 260 123 293 182
person 0.0445 299 117 326 159
person 0.0267 295 125 316 167
person 0.0215 264 127 285 167
person 0.0082 306 122 332 167
person 0.0053 449 154 476 221
person 0.0027 248 123 282 181
person 0.0024 311 118 347 175
person 0.0023 299 135 341 169
person 0.0017 60 68 483 299
person 0.0014 271 127 289 181
