bottle 0.0025 123 90 131 116
bus 0.0010 28 34 239 386
car 0.0165 254 46 295 70
car 0.0038 260 55 306 73
car 0.0020 266 58 281 71
car 0.0011 263 51 282 64
car 0.0011 83 83 116 113
motorbike 0.0170 -1 23 268 399
person 0.5274 62 114 98 199
person 0.1290 75 85 105 156
person 0.0989 65 134 95 257
person 0.0799 81 84 105 127
person 0.0751 123 90 131 116
person 0.0609 121 86 132 122
person 0.0166 83 83 116 113
person 0.0101 113 85 129 124
person 0.0088 80 98 100 148
person 0.0075 59 20 254 352
person 0.0070 88 89 110 137
person 0.0061 99 88 119 122
person 0.0060 116 94 126 113
person 0.0059 58 129 89 217
person 0.0059 68 112 94 156
person 0.0052 79 93 116 179
person 0.0044 67 132 93 174
person 0.0035 103 96 116 113
person 0.0025 70 82 131 198
person 0.0023 93 95 108 113
person 0.0020 71 167 97 300
person 0.0019 57 108 114 173
person 0.0017 63 139 82 185
person 0.0016 49 110 97 246
person 0.0016 117 89 126 106
person 0.0015 74 87 128 147
person 0.0012 63 123 84 165
person 0.0011 71 147 92 196
train 0.9991 24 12 235 355
