bottle 0.0012 311 146 331 180
chair 0.9842 317 193 474 377
chair 0.9487 4 280 174 374
chair 0.8286 142 111 209 168
chair 0.3171 66 133 154 184
chair 0.0310 80 95 196 180
chair 0.0189 196 162 450 371
chair 0.0164 141 78 216 127
chair 0.0131 67 80 152 187
chair 0.0060 139 75 197 166
chair 0.0018 79 136 425 340
chair 0.0014 251 223 416 375
chair 0.0010 439 174 502 372
chair 0.0010 -1 289 5 402
diningtable 0.9998 13 135 486 363
diningtable 0.0093 196 162 450 371
pottedplant 0.0375 133 -9 237 121
pottedplant 0.0032 311 146 331 180
pottedplant 0.0029 133 0 230 62
pottedplant 0.0023 183 -13 250 132
pottedplant 0.0018 1 107 440 368
sofa 0.0069 23 96 484 306
