bird 0.0024 293 89 497 242
boat 0.0017 293 89 497 242
bottle 0.0012 62 126 371 251
bottle 0.0010 293 89 497 242
bus 0.9975 65 141 368 246
bus 0.9747 290 101 502 244
bus 0.4226 7 122 50 203
bus 0.1914 23 136 68 207
bus 0.0941 0 106 28 210
bus 0.0775 32 143 97 206
bus 0.0065 11 107 73 215
bus 0.0022 25 151 42 195
bus 0.0018 16 148 32 200
bus 0.0017 5 148 19 198
bus 0.0015 0 137 10 190
bus 0.0010 38 158 86 185
car 0.0019 305 94 488 236
car 0.0011 35 152 89 177
person 0.0034 350 172 370 213
person 0.0028 285 103 469 245
person 0.0026 304 185 323 216
person 0.0022 359 110 501 241
person 0.0018 360 172 377 214
person 0.0017 342 169 359 215
person 0.0017 15 160 31 203
person 0.0013 306 190 320 208
person 0.0011 25 160 42 202
tvmonitor 0.0022 293 89 497 242
