bus 0.0011 11 23 337 347
cat 0.0020 47 249 186 336
chair 0.0060 14 57 333 422
chair 0.0025 25 236 208 441
chair 0.0011 47 249 186 336
dog 0.9997 24 254 204 494
dog 0.3996 47 249 186 336
dog 0.0108 68 243 169 310
dog 0.0084 52 97 300 391
dog 0.0047 55 257 219 376
dog 0.0032 82 248 282 341
dog 0.0026 35 219 186 306
dog 0.0022 -5 208 300 521
dog 0.0014 83 266 182 327
dog 0.0012 156 252 237 380
dog 0.0011 74 282 166 343
horse 0.0018 11 23 337 347
person 0.9992 -18 49 331 370
person 0.0033 3 109 74 258
person 0.0013 54 247 226 339
person 0.0011 1 41 132 384
sheep 0.0030 11 23 337 347
sofa 0.1945 14 57 333 422
sofa 0.0168 25 236 208 441
sofa 0.0070 57 177 303 401
sofa 0.0013 -5 208 300 521
sofa 0.0011 54 247 226 339
