bicycle 0.0110 381 234 491 328
bicycle 0.0051 478 217 498 330
bicycle 0.0025 427 244 504 308
bicycle 0.0014 426 249 478 328
bicycle 0.0011 454 234 491 318
bird 0.0021 42 0 506 319
bottle 0.0119 24 -15 523 296
bus 0.9985 6 -4 475 321
bus 0.0046 2 110 23 207
bus 0.0045 5 119 41 198
bus 0.0027 0 84 57 229
bus 0.0014 66 15 373 264
car 0.0015 32 162 74 186
car 0.0010 -1 224 14 359
horse 0.0243 6 -29 481 314
motorbike 0.0012 -43 -26 407 305
person 0.6756 91 107 158 178
person 0.4648 482 125 499 268
person 0.4606 400 106 493 334
person 0.1281 -42 -3 409 323
person 0.0181 473 99 499 330
person 0.0176 493 140 499 242
person 0.0139 445 111 497 324
person 0.0116 492 175 499 266
person 0.0093 484 163 499 341
person 0.0081 462 126 496 228
person 0.0080 0 147 10 217
person 0.0067 101 86 174 195
person 0.0066 492 122 499 204
person 0.0059 6 158 22 205
person 0.0041 2 123 20 229
person 0.0025 89 118 131 184
person 0.0021 32 162 74 186
person 0.0020 2 141 17 287
person 0.0018 117 120 160 184
person 0.0016 52 42 70 73
person 0.0015 0 154 6 245
person 0.0013 45 165 60 181
person 0.0012 6 136 38 215
person 0.0011 42 160 64 187
person 0.0011 0 121 8 186
train 0.0012 -42 -3 409 323
