aeroplane 0.0026 32 20 457 401
boat 0.0046 32 20 457 401
bus 0.9998 23 -4 462 358
bus 0.1479 413 166 483 232
bus 0.0072 395 148 475 278
bus 0.0011 452 168 488 251
bus 0.0010 476 152 497 242
horse 0.0034 32 20 457 401
person 0.9989 171 172 228 381
person 0.4887 86 171 120 228
person 0.0765 250 212 276 302
person 0.0390 92 183 127 220
person 0.0345 77 170 106 227
person 0.0301 91 172 110 217
person 0.0129 227 202 246 241
person 0.0108 255 222 273 278
person 0.0083 26 197 41 245
person 0.0070 233 202 252 240
person 0.0059 247 186 280 245
person 0.0054 45 180 59 241
person 0.0035 256 196 291 272
person 0.0035 238 217 249 239
person 0.0027 382 224 408 318
person 0.0026 216 192 268 351
person 0.0025 32 20 457 401
person 0.0023 101 173 133 228
person 0.0023 260 191 283 232
person 0.0020 77 182 136 235
person 0.0017 35 181 58 244
person 0.0016 253 223 288 319
person 0.0016 233 207 284 337
person 0.0016 146 185 182 239
person 0.0015 224 209 260 301
person 0.0014 150 203 253 340
person 0.0014 253 198 276 240
person 0.0013 230 210 242 233
person 0.0013 87 175 152 226
person 0.0012 33 194 50 246
person 0.0011 76 180 91 220
train 0.0015 32 20 457 401
train 0.0010 393 164 479 232
