bird 0.0031 359 53 442 125
bird 0.0023 11 185 132 300
bird 0.0017 296 14 417 107
bird 0.0010 253 182 367 325
bottle 0.0011 361 56 441 129
car 0.0010 115 184 219 336
cat 0.0023 282 10 394 87
cat 0.0022 11 185 132 300
cow 0.0050 214 197 292 321
cow 0.0034 228 183 361 327
cow 0.0025 11 185 132 300
cow 0.0025 361 56 441 129
cow 0.0025 287 9 392 104
cow 0.0015 115 184 219 336
dog 0.0052 20 183 147 301
dog 0.0030 296 10 407 85
dog 0.0021 234 178 360 307
dog 0.0016 359 53 442 125
horse 0.0032 253 182 367 325
horse 0.0025 11 185 132 300
horse 0.0013 296 14 417 107
horse 0.0010 112 185 230 337
person 0.0049 20 183 147 301
person 0.0044 296 14 417 107
person 0.0012 253 182 367 325
sheep 0.9987 248 4 300 88
sheep 0.9876 367 56 445 128
sheep 0.9865 13 185 154 320
sheep 0.9651 228 183 361 327
sheep 0.5743 112 185 230 337
sheep 0.3913 296 14 417 107
sheep 0.3847 212 191 278 326
sheep 0.0366 76 190 195 324
sheep 0.0014 332 55 424 109
sheep 0.0011 301 5 404 56
sheep 0.0011 478 -77 498 12
train 0.0027 361 56 441 129
train 0.0010 296 14 417 107
