bottle 0.0058 60 120 394 300
bus 0.9993 70 133 411 302
bus 0.0062 17 187 67 210
bus 0.0039 22 183 44 212
bus 0.0021 456 187 495 256
bus 0.0017 18 179 65 202
bus 0.0016 24 190 42 203
bus 0.0013 452 176 498 231
bus 0.0012 13 179 76 220
car 0.0193 17 187 67 210
car 0.0144 24 190 42 203
car 0.0119 22 183 44 212
car 0.0057 3 223 24 232
car 0.0045 -5 219 36 236
car 0.0032 492 197 499 277
car 0.0022 26 184 40 197
car 0.0018 18 179 65 202
car 0.0018 17 222 29 232
car 0.0014 30 190 73 222
car 0.0012 60 120 394 300
car 0.0012 477 218 499 257
car 0.0011 20 192 31 204
car 0.0010 -1 188 51 210
horse 0.0047 60 120 394 300
person 0.0142 493 188 500 267
person 0.0072 260 202 284 233
person 0.0044 493 196 498 222
person 0.0042 106 199 116 215
person 0.0037 491 184 500 234
person 0.0032 273 199 294 236
person 0.0030 251 211 296 238
person 0.0027 495 241 499 269
person 0.0019 109 133 439 307
person 0.0016 283 190 298 226
person 0.0016 494 202 499 231
person 0.0014 286 197 296 217
person 0.0013 265 208 281 225
person 0.0010 492 188 498 212
train 0.0031 17 187 67 210
train 0.0012 22 183 44 212
