bus 0.9916 135 154 300 236
bus 0.0363 15 178 51 208
bus 0.0239 6 163 94 200
bus 0.0211 15 172 52 195
bus 0.0113 51 178 92 202
bus 0.0042 79 185 130 222
bus 0.0034 38 171 87 195
bus 0.0022 8 190 40 214
bus 0.0022 13 176 35 212
bus 0.0016 0 168 12 218
bus 0.0015 32 180 95 224
bus 0.0014 9 158 48 206
bus 0.0013 20 187 43 216
bus 0.0013 5 173 23 214
bus 0.0012 1 192 11 211
car 0.9976 330 231 504 367
car 0.9874 89 190 125 227
car 0.9617 28 192 91 241
car 0.2479 15 189 49 214
car 0.1287 7 193 20 212
car 0.1069 16 193 30 213
car 0.0763 1 192 11 211
car 0.0199 14 193 33 222
car 0.0197 0 191 31 211
car 0.0196 15 172 52 195
car 0.0189 51 178 92 202
car 0.0186 23 194 40 210
car 0.0145 44 197 96 226
car 0.0101 18 177 47 209
car 0.0101 20 180 61 202
car 0.0095 108 192 128 225
car 0.0083 21 191 40 226
car 0.0082 37 185 49 197
car 0.0065 0 187 14 215
car 0.0062 13 176 35 212
car 0.0047 46 188 95 214
car 0.0043 83 192 100 228
car 0.0042 5 173 23 214
car 0.0039 32 180 95 224
car 0.0036 23 198 82 224
car 0.0034 25 200 37 216
car 0.0034 124 190 130 211
car 0.0028 5 193 25 222
car 0.0027 23 178 43 187
car 0.0027 38 171 87 195
car 0.0021 18 187 29 201
car 0.0020 0 191 66 236
car 0.0020 25 187 41 198
car 0.0019 -11 189 22 212
car 0.0019 -2 197 32 218
car 0.0016 9 186 18 202
car 0.0016 37 179 49 190
car 0.0015 69 190 118 216
car 0.0015 19 178 30 189
car 0.0014 2 182 8 206
car 0.0013 34 194 137 228
car 0.0013 117 189 125 200
motorbike 0.0015 1 192 11 211
motorbike 0.0010 7 193 20 212
person 0.9239 296 184 312 238
person 0.1211 302 179 316 230
person 0.0207 288 190 303 235
person 0.0170 46 182 58 197
person 0.0132 37 185 49 197
person 0.0098 16 193 30 213
person 0.0070 149 183 168 221
person 0.0067 7 193 20 212
person 0.0053 54 185 68 198
person 0.0040 1 192 11 211
person 0.0038 313 180 326 237
person 0.0032 220 170 230 194
person 0.0031 44 178 59 191
person 0.0025 124 190 130 211
person 0.0024 277 192 293 232
person 0.0022 37 179 49 190
person 0.0019 298 185 308 201
person 0.0018 218 166 233 198
person 0.0017 201 173 210 192
person 0.0016 298 190 309 228
person 0.0016 305 187 315 216
person 0.0015 360 201 380 240
person 0.0013 296 177 312 214
person 0.0012 23 194 40 210
person 0.0011 229 173 238 193
train 0.0091 15 172 52 195
train 0.0067 15 178 51 208
train 0.0047 51 178 92 202
train 0.0024 6 163 94 200
train 0.0017 38 171 87 195
tvmonitor 0.0018 15 172 52 195
tvmonitor 0.0014 51 178 92 202
