aeroplane 0.0011 10 84 356 276
bicycle 0.0013 4 125 57 185
bicycle 0.0013 10 84 356 276
car 0.0216 4 125 57 185
car 0.0047 10 84 356 276
car 0.0040 0 137 49 166
car 0.0030 0 109 11 156
car 0.0021 1 120 8 146
car 0.0019 -1 119 30 144
car 0.0014 0 118 8 186
car 0.0012 -1 129 49 155
horse 0.0064 10 84 356 276
horse 0.0029 4 125 57 185
horse 0.0011 245 56 500 228
motorbike 0.9989 272 65 506 243
motorbike 0.9988 9 98 389 297
motorbike 0.0948 4 125 57 185
motorbike 0.0160 0 119 63 230
motorbike 0.0081 0 134 47 208
motorbike 0.0039 1 114 43 169
motorbike 0.0019 0 118 27 193
person 0.0225 0 122 47 188
person 0.0045 0 118 8 186
person 0.0023 10 84 356 276
person 0.0017 1 120 8 146
person 0.0016 0 109 11 156
person 0.0015 1 117 24 145
person 0.0013 0 105 25 176
person 0.0011 5 123 20 141
person 0.0010 15 125 28 141
train 0.0100 14 111 397 343
