aeroplane 0.0099 483 243 502 276
aeroplane 0.0082 476 249 509 270
bus 0.0275 437 249 472 270
bus 0.0079 424 242 473 263
bus 0.0047 483 243 502 276
bus 0.0024 356 251 401 272
bus 0.0017 476 249 509 270
bus 0.0017 445 252 468 264
bus 0.0014 418 253 436 263
bus 0.0013 329 242 372 262
bus 0.0011 486 224 501 281
car 0.9324 61 252 182 299
car 0.8562 306 250 354 282
car 0.8186 -1 249 36 285
car 0.7972 19 254 114 296
car 0.7548 212 247 300 278
car 0.5244 483 243 502 276
car 0.4945 274 246 314 274
car 0.4931 193 245 239 276
car 0.3964 437 249 472 270
car 0.3129 476 249 509 270
car 0.1892 372 253 428 284
car 0.1826 344 251 397 283
car 0.1043 207 245 261 275
car 0.1022 478 253 495 269
car 0.0956 356 251 401 272
car 0.0823 418 253 436 263
car 0.0779 294 251 335 280
car 0.0510 445 252 468 264
car 0.0487 427 252 471 281
car 0.0436 178 250 220 272
car 0.0373 0 245 14 290
car 0.0367 335 248 384 273
car 0.0343 310 245 393 276
car 0.0287 329 242 372 262
car 0.0222 424 242 473 263
car 0.0194 324 251 376 280
car 0.0184 488 256 500 275
car 0.0165 257 253 306 278
car 0.0137 278 241 322 266
car 0.0124 472 253 482 263
car 0.0113 413 250 463 268
car 0.0085 438 253 488 278
car 0.0085 420 247 434 258
car 0.0084 415 253 438 280
car 0.0079 486 224 501 281
car 0.0073 384 252 429 269
car 0.0064 428 253 444 263
car 0.0060 413 254 425 262
car 0.0057 436 253 458 264
car 0.0055 399 254 417 261
car 0.0051 458 253 472 263
car 0.0051 362 245 376 256
car 0.0049 379 255 398 263
car 0.0045 353 246 437 277
car 0.0042 333 245 350 255
car 0.0042 447 248 467 257
car 0.0040 340 246 361 256
car 0.0040 304 243 356 262
car 0.0039 368 254 391 263
car 0.0039 261 246 340 276
car 0.0038 338 246 363 273
car 0.0037 398 246 415 258
car 0.0037 288 250 314 280
car 0.0037 215 243 271 263
car 0.0036 199 243 251 263
car 0.0035 345 242 394 261
car 0.0031 328 247 355 276
car 0.0031 471 247 479 259
car 0.0031 460 247 471 258
car 0.0028 391 254 407 262
car 0.0028 3 255 58 283
car 0.0025 188 257 204 275
car 0.0024 388 240 428 259
car 0.0024 0 253 10 283
car 0.0023 429 248 442 257
car 0.0021 16 264 198 303
car 0.0020 352 245 368 256
car 0.0017 445 258 465 273
car 0.0017 0 257 25 291
car 0.0017 365 253 393 281
car 0.0016 185 253 208 267
car 0.0016 413 247 423 257
car 0.0016 299 246 323 277
car 0.0014 444 241 470 265
car 0.0014 393 255 421 282
car 0.0013 200 251 230 279
car 0.0013 184 243 230 264
car 0.0013 394 246 406 257
car 0.0012 -12 244 27 278
car 0.0011 151 242 162 255
car 0.0011 38 248 85 270
car 0.0011 418 257 435 274
car 0.0011 362 242 413 261
car 0.0011 469 255 504 275
car 0.0011 355 253 384 281
car 0.0011 346 253 373 281
car 0.0010 370 247 386 257
motorbike 0.0042 483 243 502 276
motorbike 0.0017 0 250 28 285
motorbike 0.0013 188 251 228 278
motorbike 0.0010 236 249 292 282
motorbike 0.0010 0 245 14 290
motorbike 0.0010 306 250 354 282
person 0.0030 84 243 96 255
person 0.0019 76 244 87 256
person 0.0019 64 244 80 254
person 0.0015 76 250 87 265
person 0.0011 151 242 162 255
person 0.0010 50 247 91 269
train 0.0047 437 249 472 270
train 0.0034 483 243 502 276
train 0.0024 424 242 473 263
train 0.0011 476 249 509 270
