aeroplane 0.0058 85 45 495 358
bicycle 0.0162 134 44 507 362
bird 0.0098 111 178 227 300
boat 0.0018 134 44 507 362
bottle 0.6153 111 178 227 300
bottle 0.0075 94 160 245 352
bus 0.0102 57 85 459 358
car 0.5314 57 85 459 358
car 0.1698 111 178 227 300
dog 0.0035 111 178 227 300
horse 0.0027 134 44 507 362
motorbike 0.0634 85 45 495 358
person 0.9983 128 74 510 372
person 0.2190 182 72 398 329
person 0.0088 343 68 513 373
person 0.0023 109 185 225 311
person 0.0012 128 177 270 287
train 0.0090 85 45 495 358
tvmonitor 0.0081 57 85 459 358
