bird 0.0010 21 50 102 299
motorbike 0.0019 83 29 464 295
person 0.7212 417 130 442 202
person 0.6338 460 137 486 206
person 0.4403 476 138 498 208
person 0.2660 440 135 464 203
person 0.0753 469 138 482 210
person 0.0499 414 134 427 194
person 0.0463 406 130 432 199
person 0.0440 458 140 474 206
person 0.0192 489 133 498 213
person 0.0169 427 135 442 195
person 0.0044 418 131 434 183
person 0.0043 439 134 454 196
person 0.0040 127 56 420 304
person 0.0012 491 116 499 193
sheep 0.0014 127 56 420 304
train 0.9997 70 39 426 313
train 0.4324 2 55 94 294
train 0.0049 0 36 30 315
train 0.0030 1 70 15 284
train 0.0013 45 38 120 312
