bicycle 0.0022 -1 57 206 348
bottle 0.0036 344 93 395 116
bottle 0.0012 79 64 174 136
bottle 0.0011 407 42 429 91
cat 0.0024 79 64 174 136
chair 0.5112 105 61 185 131
chair 0.2420 342 38 410 95
chair 0.1375 104 98 223 140
chair 0.0942 127 73 229 128
chair 0.0845 415 53 491 106
chair 0.0619 4 127 193 376
chair 0.0548 450 31 494 93
chair 0.0324 125 60 171 117
chair 0.0305 350 59 392 93
chair 0.0269 474 37 496 76
chair 0.0200 233 85 364 115
chair 0.0189 432 63 483 88
chair 0.0177 397 32 436 96
chair 0.0156 407 71 465 99
chair 0.0155 409 67 496 128
chair 0.0141 407 42 429 91
chair 0.0128 450 59 497 137
chair 0.0120 435 56 479 80
chair 0.0118 408 57 447 93
chair 0.0104 474 12 500 79
chair 0.0100 344 93 395 116
chair 0.0093 400 39 465 94
chair 0.0091 487 32 500 82
chair 0.0084 434 49 473 109
chair 0.0079 211 84 307 117
chair 0.0078 476 48 499 153
chair 0.0063 344 8 435 80
chair 0.0056 321 55 401 103
chair 0.0049 378 51 454 102
chair 0.0048 415 46 436 89
chair 0.0046 343 82 396 110
chair 0.0046 125 111 234 157
chair 0.0044 446 43 484 71
chair 0.0036 301 86 412 114
chair 0.0035 436 67 495 101
chair 0.0030 82 84 169 142
chair 0.0029 449 64 500 89
chair 0.0028 17 70 196 143
chair 0.0028 466 38 485 76
chair 0.0028 440 20 501 74
chair 0.0022 436 86 499 149
chair 0.0021 402 84 472 103
chair 0.0020 235 93 312 114
chair 0.0020 468 50 502 80
chair 0.0020 438 52 498 184
chair 0.0019 455 40 496 74
chair 0.0019 490 37 498 58
chair 0.0018 488 11 500 67
chair 0.0018 478 77 497 195
chair 0.0017 106 94 234 175
chair 0.0016 456 95 494 172
chair 0.0015 239 88 308 106
chair 0.0014 480 37 491 57
chair 0.0014 349 55 404 81
chair 0.0014 491 81 500 168
chair 0.0013 475 57 497 94
chair 0.0013 101 67 149 135
chair 0.0013 139 74 177 116
chair 0.0012 354 26 450 105
chair 0.0012 470 31 502 65
chair 0.0012 491 46 498 68
chair 0.0011 477 22 496 58
chair 0.0011 490 54 500 118
chair 0.0010 390 28 491 115
diningtable 0.0045 345 33 434 96
diningtable 0.0039 -1 57 206 348
diningtable 0.0018 104 98 223 140
diningtable 0.0018 432 63 483 88
diningtable 0.0017 438 51 497 106
diningtable 0.0015 412 61 460 91
diningtable 0.0013 350 59 392 93
diningtable 0.0012 407 71 465 99
diningtable 0.0011 344 93 395 116
diningtable 0.0011 435 56 479 80
dog 0.0097 79 64 174 136
person 0.9996 2 70 200 373
person 0.0038 349 0 431 93
person 0.0034 350 59 392 93
person 0.0029 344 1 415 50
person 0.0017 344 93 395 116
person 0.0016 79 64 174 136
person 0.0016 450 31 494 93
person 0.0014 357 14 404 40
pottedplant 0.0016 488 11 500 67
pottedplant 0.0016 490 37 498 58
pottedplant 0.0013 79 64 174 136
sofa 0.0077 4 127 193 376
sofa 0.0022 438 51 497 106
tvmonitor 0.0089 488 11 500 67
tvmonitor 0.0044 474 37 496 76
tvmonitor 0.0018 477 22 496 58
tvmonitor 0.0016 487 32 500 82
tvmonitor 0.0015 350 59 392 93
tvmonitor 0.0015 474 12 500 79
tvmonitor 0.0013 490 37 498 58
