aeroplane 0.9963 16 85 470 192
aeroplane 0.1234 469 162 503 222
aeroplane 0.0471 7 151 59 171
aeroplane 0.0444 -5 150 38 171
aeroplane 0.0332 -2 134 61 176
aeroplane 0.0270 465 174 504 204
aeroplane 0.0231 438 184 452 195
aeroplane 0.0222 406 152 504 199
aeroplane 0.0143 450 167 503 196
aeroplane 0.0125 452 146 500 204
aeroplane 0.0100 437 133 503 189
aeroplane 0.0080 462 137 506 170
aeroplane 0.0077 473 119 502 199
aeroplane 0.0070 443 179 491 198
aeroplane 0.0066 463 154 504 188
aeroplane 0.0041 455 151 497 171
aeroplane 0.0037 400 173 507 209
aeroplane 0.0029 398 182 457 197
aeroplane 0.0026 0 155 23 168
aeroplane 0.0025 298 182 488 205
aeroplane 0.0024 1 112 49 170
aeroplane 0.0024 488 134 500 190
aeroplane 0.0023 0 153 10 172
aeroplane 0.0019 14 141 67 167
aeroplane 0.0018 431 184 447 194
aeroplane 0.0017 407 184 427 192
aeroplane 0.0016 433 150 483 173
aeroplane 0.0014 -5 113 94 168
aeroplane 0.0014 -4 119 36 147
aeroplane 0.0014 467 156 484 167
aeroplane 0.0013 425 183 471 196
aeroplane 0.0012 467 151 517 172
aeroplane 0.0012 444 185 464 195
aeroplane 0.0011 0 142 12 181
aeroplane 0.0011 40 112 308 190
aeroplane 0.0010 -6 158 39 177
bird 0.0011 438 184 452 195
boat 0.0013 469 162 503 222
person 0.0013 469 162 503 222
sheep 0.0010 438 184 452 195
