bird 0.0010 60 14 485 313
boat 0.0029 490 144 500 219
bottle 0.0031 60 14 485 313
bus 0.9998 16 33 496 350
bus 0.0142 490 176 501 226
bus 0.0089 490 144 500 219
bus 0.0041 480 134 498 220
bus 0.0036 492 192 499 212
bus 0.0017 492 127 500 198
car 0.0757 491 184 502 237
car 0.0396 492 192 499 212
car 0.0180 490 159 500 224
car 0.0147 493 197 499 223
car 0.0082 491 140 501 205
car 0.0041 493 206 499 235
car 0.0030 493 161 499 184
car 0.0022 22 5 490 325
car 0.0019 492 180 498 205
car 0.0017 483 195 492 207
car 0.0015 478 198 497 243
car 0.0014 0 142 22 182
car 0.0012 0 134 9 191
car 0.0010 494 152 499 176
horse 0.0150 8 41 443 376
motorbike 0.0016 491 184 502 237
person 0.0175 466 205 482 254
person 0.0109 491 196 501 244
person 0.0087 0 134 9 191
person 0.0054 493 215 499 241
person 0.0049 458 205 475 257
person 0.0044 8 41 443 376
person 0.0017 493 197 499 223
person 0.0016 492 192 499 212
person 0.0013 450 203 468 258
person 0.0012 196 119 215 168
person 0.0012 1 142 6 183
person 0.0010 457 200 486 262
train 0.0035 490 159 500 224
train 0.0020 491 184 502 237
train 0.0018 491 140 501 205
tvmonitor 0.0027 490 144 500 219
