aeroplane 0.0014 106 198 146 255
boat 0.0093 104 199 152 228
boat 0.0015 490 180 500 243
bus 0.0207 106 203 150 235
bus 0.0013 475 204 500 239
bus 0.0012 490 192 500 249
car 0.0026 106 203 150 235
car 0.0011 490 180 500 243
person 0.0038 456 212 471 252
person 0.0032 2 181 9 280
person 0.0030 46 200 59 261
person 0.0027 50 226 56 254
person 0.0023 492 219 498 243
person 0.0011 460 225 467 252
person 0.0010 4 205 17 258
train 0.9092 107 194 145 251
train 0.0216 144 195 183 246
train 0.0106 100 199 177 244
train 0.0104 328 199 422 235
train 0.0055 365 198 461 236
train 0.0054 104 199 152 228
train 0.0054 407 200 497 242
train 0.0033 478 184 501 250
train 0.0014 130 202 197 252
train 0.0012 202 188 450 243
train 0.0011 159 188 193 250
tvmonitor 0.0146 106 203 150 235
tvmonitor 0.0013 475 204 500 239
