boat 0.0014 99 41 450 297
bottle 0.0010 120 50 432 288
bus 0.9977 75 24 446 279
bus 0.9798 29 42 116 190
bus 0.0014 109 107 143 172
bus 0.0012 89 28 262 262
bus 0.0012 61 57 187 179
bus 0.0010 423 106 455 168
bus 0.0010 111 118 179 167
car 0.0011 433 123 445 144
car 0.0010 430 119 450 147
person 0.1102 142 142 156 165
person 0.0881 148 135 168 166
person 0.0840 184 115 222 171
person 0.0209 165 126 188 164
person 0.0208 133 141 164 163
person 0.0207 156 134 177 166
person 0.0198 134 141 146 162
person 0.0146 125 141 134 161
person 0.0115 491 116 499 168
person 0.0113 131 137 150 165
person 0.0109 440 122 449 145
person 0.0103 123 123 137 163
person 0.0098 436 117 452 150
person 0.0069 170 129 235 173
person 0.0055 143 129 175 164
person 0.0053 493 123 498 162
person 0.0053 433 123 445 144
person 0.0037 159 140 174 161
person 0.0036 458 116 483 194
person 0.0031 174 124 198 166
person 0.0031 65 96 75 112
person 0.0028 97 51 418 286
person 0.0020 480 108 495 161
person 0.0018 0 102 5 183
person 0.0018 150 119 219 168
person 0.0018 180 131 211 170
person 0.0016 130 126 159 180
person 0.0015 436 108 464 171
person 0.0012 185 142 228 176
person 0.0010 127 132 197 173
person 0.0010 132 134 143 155
tvmonitor 0.0012 28 32 115 183
