bus 0.0023 63 33 81 67
bus 0.0017 -1 28 10 70
bus 0.0014 18 35 69 67
car 0.6857 21 35 69 75
car 0.1078 63 33 81 67
car 0.0316 -1 28 10 70
car 0.0263 0 36 7 62
car 0.0260 66 39 78 59
car 0.0179 37 39 81 70
car 0.0119 13 37 59 63
car 0.0098 3 33 22 79
car 0.0035 20 38 46 73
car 0.0034 0 35 30 63
car 0.0024 17 32 68 51
car 0.0018 15 37 31 75
car 0.0016 0 40 48 71
car 0.0014 0 27 6 53
car 0.0014 0 38 8 93
car 0.0013 55 34 76 67
car 0.0012 17 40 29 55
motorbike 0.0017 0 33 10 81
person 0.0218 0 33 10 81
person 0.0080 0 42 7 70
person 0.0022 3 33 22 79
person 0.0012 15 37 31 75
person 0.0010 1 45 6 85
