aeroplane 0.0012 11 76 430 357
bicycle 0.0047 11 76 430 357
bicycle 0.0032 3 89 137 331
bicycle 0.0031 124 96 195 255
bottle 0.0013 166 76 393 245
bus 0.0018 166 76 393 245
bus 0.0012 112 45 446 346
car 0.9975 4 49 139 307
car 0.9135 433 92 499 255
car 0.8210 112 45 446 346
car 0.1515 166 76 393 245
car 0.0160 413 124 436 160
car 0.0110 484 106 500 285
car 0.0072 403 105 470 245
car 0.0032 350 120 479 230
car 0.0029 466 68 498 283
car 0.0025 413 132 427 151
car 0.0021 -1 3 7 74
car 0.0021 416 133 433 150
car 0.0020 111 69 323 299
car 0.0018 454 110 491 238
car 0.0016 390 83 506 274
car 0.0012 350 118 388 148
diningtable 0.0015 11 76 430 357
horse 0.0015 11 76 430 357
motorbike 0.9937 130 84 428 349
motorbike 0.1829 9 96 157 327
motorbike 0.0090 111 69 323 299
motorbike 0.0089 436 110 499 269
motorbike 0.0057 124 96 195 255
motorbike 0.0013 485 131 501 296
motorbike 0.0010 -24 22 379 350
person 0.1302 375 108 389 145
person 0.0164 136 58 383 324
person 0.0085 377 119 386 144
person 0.0050 381 120 390 144
person 0.0040 350 118 388 148
person 0.0023 286 107 336 141
person 0.0022 240 93 318 147
person 0.0022 3 99 24 149
person 0.0016 344 101 359 150
person 0.0010 3 89 137 331
train 0.0088 11 76 430 357
tvmonitor 0.0024 161 71 352 250
