bicycle 0.0063 27 215 293 381
bicycle 0.0017 289 178 421 277
bicycle 0.0012 365 138 397 166
bird 0.0045 276 93 288 116
bird 0.0029 218 92 250 121
bird 0.0024 286 96 297 117
bird 0.0018 223 96 245 114
bird 0.0010 234 94 251 113
bird 0.0010 275 89 287 108
bird 0.0010 235 91 252 105
bottle 0.0172 70 155 94 192
bottle 0.0132 392 270 425 358
bottle 0.0068 276 93 288 116
bottle 0.0036 381 277 413 352
bottle 0.0032 270 89 281 108
bottle 0.0026 286 96 297 117
bottle 0.0026 67 156 81 207
bottle 0.0021 249 134 258 154
bottle 0.0021 253 149 270 195
bottle 0.0020 246 147 264 196
bottle 0.0017 73 162 91 183
bottle 0.0016 275 89 287 108
bottle 0.0015 240 174 251 189
bottle 0.0014 250 173 259 191
bottle 0.0012 236 151 255 192
bottle 0.0011 82 160 94 183
bottle 0.0010 83 157 95 173
car 0.0011 365 138 397 166
cat 0.0011 70 155 94 192
chair 0.9726 19 223 242 383
chair 0.7017 425 208 489 287
chair 0.6712 289 178 421 277
chair 0.1195 240 145 309 274
chair 0.1101 0 234 137 371
chair 0.0843 394 184 427 251
chair 0.0458 220 219 265 278
chair 0.0216 296 210 415 264
chair 0.0175 220 207 293 272
chair 0.0114 269 212 444 291
chair 0.0096 478 177 502 288
chair 0.0081 268 117 297 149
chair 0.0078 208 153 280 272
chair 0.0077 397 187 497 279
chair 0.0057 69 156 92 204
chair 0.0052 268 103 409 265
chair 0.0052 186 258 480 370
chair 0.0048 222 176 354 267
chair 0.0039 242 159 280 266
chair 0.0039 256 162 294 266
chair 0.0032 276 93 288 116
chair 0.0031 315 229 423 280
chair 0.0029 399 181 418 242
chair 0.0029 406 188 424 252
chair 0.0028 78 152 97 192
chair 0.0028 246 137 265 188
chair 0.0025 286 96 297 117
chair 0.0025 411 205 449 266
chair 0.0023 301 247 412 293
chair 0.0022 363 188 426 253
chair 0.0022 333 188 454 271
chair 0.0018 434 205 499 332
chair 0.0017 131 140 164 172
chair 0.0016 479 128 499 264
chair 0.0015 224 172 265 260
chair 0.0015 241 136 311 210
chair 0.0013 3 229 57 389
chair 0.0013 476 222 499 322
chair 0.0012 268 90 285 117
chair 0.0011 39 118 279 383
chair 0.0011 261 202 337 270
chair 0.0010 15 215 178 336
chair 0.0010 287 104 298 119
chair 0.0010 190 208 261 269
diningtable 0.6836 209 258 515 373
diningtable 0.0021 432 206 495 275
diningtable 0.0018 241 136 311 210
diningtable 0.0015 270 181 406 274
diningtable 0.0014 246 212 428 291
diningtable 0.0011 240 145 309 274
dog 0.0013 131 140 164 172
horse 0.0015 365 138 397 166
motorbike 0.0020 365 138 397 166
person 0.9984 46 99 276 379
person 0.9027 239 121 311 269
person 0.8492 285 86 423 274
person 0.5929 23 81 71 229
person 0.2882 131 140 164 172
person 0.1382 245 124 310 194
person 0.1014 365 138 397 166
person 0.0924 226 121 262 197
person 0.0536 479 128 499 264
person 0.0428 26 87 69 157
person 0.0384 210 123 280 271
person 0.0358 245 131 263 177
person 0.0347 479 96 497 220
person 0.0269 44 94 77 181
person 0.0230 -2 157 208 377
person 0.0191 492 110 499 195
person 0.0165 17 88 42 224
person 0.0139 228 107 295 218
person 0.0115 234 132 276 219
person 0.0114 378 144 395 162
person 0.0108 491 144 499 219
person 0.0103 432 206 495 275
person 0.0094 478 177 502 288
person 0.0090 258 108 326 216
person 0.0084 289 178 421 277
person 0.0083 372 143 391 161
person 0.0071 14 100 81 177
person 0.0059 249 134 258 154
person 0.0059 237 129 255 177
person 0.0056 470 93 502 298
person 0.0055 448 110 499 280
person 0.0053 66 151 100 201
person 0.0050 251 143 271 183
person 0.0049 114 137 174 175
person 0.0046 295 109 327 170
person 0.0046 250 113 307 165
person 0.0041 242 159 280 266
person 0.0037 376 135 405 182
person 0.0031 1 115 19 243
person 0.0031 246 147 264 196
person 0.0031 211 108 271 216
person 0.0030 173 122 194 166
person 0.0030 240 111 273 172
person 0.0030 15 84 46 158
person 0.0028 170 133 188 172
person 0.0022 257 141 295 246
person 0.0021 483 42 497 200
person 0.0021 362 143 401 176
person 0.0020 56 143 87 210
person 0.0020 17 76 77 135
person 0.0019 226 151 263 235
person 0.0018 479 123 498 184
person 0.0018 279 113 317 167
person 0.0017 236 151 255 192
person 0.0017 136 147 160 163
person 0.0017 493 78 499 173
person 0.0016 29 238 228 372
person 0.0014 268 117 297 149
person 0.0013 249 142 259 163
person 0.0013 226 160 297 230
person 0.0012 138 151 158 169
person 0.0012 379 142 410 212
person 0.0012 137 143 160 195
person 0.0012 190 109 310 332
person 0.0011 491 162 500 260
person 0.0011 226 139 245 187
person 0.0010 141 133 174 179
person 0.0010 464 107 494 210
person 0.0010 371 139 390 154
pottedplant 0.2490 222 90 246 122
pottedplant 0.1765 231 87 252 121
pottedplant 0.1718 274 90 291 117
pottedplant 0.1107 70 155 94 192
pottedplant 0.0922 268 90 285 117
pottedplant 0.0655 286 96 297 117
pottedplant 0.0391 208 97 245 127
pottedplant 0.0337 282 91 299 120
pottedplant 0.0326 231 93 275 118
pottedplant 0.0191 234 94 251 113
pottedplant 0.0189 270 89 281 108
pottedplant 0.0134 275 89 287 108
pottedplant 0.0127 287 104 298 119
pottedplant 0.0116 222 91 256 143
pottedplant 0.0115 235 91 252 105
pottedplant 0.0080 192 97 254 139
pottedplant 0.0075 264 75 296 129
pottedplant 0.0075 295 104 306 122
pottedplant 0.0068 295 97 304 117
pottedplant 0.0065 257 92 291 116
pottedplant 0.0060 215 98 238 114
pottedplant 0.0057 260 93 296 143
pottedplant 0.0049 58 151 110 200
pottedplant 0.0039 226 88 260 111
pottedplant 0.0038 292 97 308 131
pottedplant 0.0037 237 101 288 125
pottedplant 0.0037 224 107 259 174
pottedplant 0.0034 225 102 242 122
pottedplant 0.0033 268 53 282 99
pottedplant 0.0033 65 132 101 195
pottedplant 0.0032 273 96 293 127
pottedplant 0.0031 276 104 290 119
pottedplant 0.0029 78 150 98 182
pottedplant 0.0024 242 93 273 145
pottedplant 0.0024 240 90 264 119
pottedplant 0.0024 73 162 91 183
pottedplant 0.0021 226 96 293 140
pottedplant 0.0018 66 151 83 196
pottedplant 0.0017 242 97 263 111
pottedplant 0.0017 223 97 264 126
pottedplant 0.0017 269 86 296 113
pottedplant 0.0016 279 94 311 146
pottedplant 0.0016 284 97 301 127
pottedplant 0.0015 208 85 269 126
pottedplant 0.0014 215 104 237 120
pottedplant 0.0014 277 73 305 131
pottedplant 0.0012 187 105 257 166
pottedplant 0.0011 182 103 234 128
pottedplant 0.0011 257 98 276 110
pottedplant 0.0011 227 93 246 104
pottedplant 0.0011 250 113 307 165
pottedplant 0.0010 249 80 306 124
pottedplant 0.0010 235 102 250 121
sofa 0.0022 432 206 495 275
sofa 0.0012 27 215 293 381
tvmonitor 0.0026 268 117 297 149
tvmonitor 0.0024 276 93 288 116
tvmonitor 0.0022 286 96 297 117
tvmonitor 0.0010 270 92 282 114
