bicycle 0.0019 0 111 11 169
bicycle 0.0014 3 115 19 164
bus 0.0010 -1 91 12 139
car 0.0192 0 103 13 145
car 0.0050 1 109 10 138
car 0.0019 1 102 8 127
horse 0.0015 1 106 13 159
motorbike 0.0023 1 106 13 159
motorbike 0.0012 81 96 332 276
motorbike 0.0011 3 110 19 155
person 0.1042 1 106 13 159
person 0.0995 3 110 19 155
person 0.0158 1 109 10 138
person 0.0157 0 100 20 167
person 0.0055 7 119 16 143
person 0.0041 6 113 17 135
person 0.0022 -1 91 12 139
person 0.0019 251 124 271 156
person 0.0012 2 122 8 160
train 0.9997 73 87 339 247
