bird 0.0029 296 -1 341 29
boat 0.0014 -10 335 259 499
car 0.0019 85 76 123 107
chair 0.9832 102 140 159 255
chair 0.9403 154 144 214 249
chair 0.9340 44 141 105 254
chair 0.8612 1 154 46 244
chair 0.6675 245 144 291 216
chair 0.0172 19 131 133 240
chair 0.0160 80 130 115 229
chair 0.0121 17 151 58 246
chair 0.0098 72 144 197 256
chair 0.0089 66 130 103 205
chair 0.0088 239 156 275 231
chair 0.0088 2 130 76 244
chair 0.0059 243 137 300 258
chair 0.0047 -4 140 28 232
chair 0.0044 101 130 141 206
chair 0.0041 247 153 291 182
chair 0.0041 116 130 156 206
chair 0.0033 89 117 155 222
chair 0.0033 225 145 254 215
chair 0.0030 232 149 250 206
chair 0.0024 289 155 325 233
chair 0.0023 -1 101 52 232
chair 0.0013 253 147 301 172
chair 0.0012 129 136 231 232
chair 0.0011 238 148 257 206
cow 0.0073 85 76 123 107
cow 0.0032 -10 335 259 499
cow 0.0022 162 141 214 251
diningtable 0.8756 41 141 181 260
diningtable 0.0618 92 131 160 246
diningtable 0.0192 44 141 105 254
diningtable 0.0125 19 131 133 240
diningtable 0.0060 149 144 216 230
diningtable 0.0028 -10 335 259 499
diningtable 0.0023 2 147 77 249
diningtable 0.0019 236 143 279 218
diningtable 0.0011 80 130 115 229
diningtable 0.0011 20 130 201 350
horse 0.0065 85 76 123 107
motorbike 0.0068 85 76 123 107
person 0.6826 85 76 123 107
person 0.0142 83 69 111 101
person 0.0075 69 80 109 103
person 0.0055 45 42 68 82
person 0.0051 122 39 150 96
person 0.0044 90 85 135 108
person 0.0038 85 80 107 100
person 0.0033 83 66 148 108
person 0.0016 98 79 127 105
person 0.0013 77 84 98 100
person 0.0011 92 131 160 246
pottedplant 0.0790 296 -1 341 29
pottedplant 0.0662 291 3 365 100
pottedplant 0.0334 290 3 368 49
pottedplant 0.0108 306 1 364 26
pottedplant 0.0029 328 0 379 23
pottedplant 0.0025 310 23 353 100
pottedplant 0.0022 322 1 387 13
pottedplant 0.0021 299 21 336 105
pottedplant 0.0020 312 63 326 100
pottedplant 0.0018 315 70 323 92
pottedplant 0.0017 -10 335 259 499
pottedplant 0.0015 283 1 366 13
pottedplant 0.0014 318 72 329 90
pottedplant 0.0011 315 72 334 109
sofa 0.9865 -6 363 253 499
sofa 0.0015 240 144 297 216
sofa 0.0011 1 154 46 244
train 0.0014 289 155 325 233
tvmonitor 0.8869 288 147 325 227
tvmonitor 0.1428 245 144 291 216
tvmonitor 0.0170 258 150 332 220
tvmonitor 0.0088 280 130 335 241
tvmonitor 0.0014 245 147 293 171
