bird 0.0019 8 277 152 379
car 0.0023 416 271 496 376
cat 0.0031 150 272 279 366
cat 0.0016 14 272 148 365
cow 0.0137 24 202 105 244
cow 0.0091 8 277 152 379
cow 0.0068 0 244 59 295
cow 0.0067 149 279 283 372
cow 0.0060 21 252 65 283
cow 0.0041 443 229 494 282
cow 0.0039 474 259 498 292
cow 0.0037 416 271 496 376
cow 0.0036 353 239 434 291
cow 0.0032 191 213 250 281
cow 0.0019 486 256 500 298
cow 0.0014 474 261 499 362
cow 0.0011 490 290 498 381
cow 0.0010 23 222 105 276
dog 0.0061 14 272 148 365
dog 0.0023 150 272 279 366
horse 0.0100 8 277 152 379
horse 0.0039 149 279 283 372
person 0.0040 14 272 148 365
sheep 0.9957 191 213 250 281
sheep 0.9943 355 232 432 285
sheep 0.9846 149 279 283 372
sheep 0.9629 2 273 140 384
sheep 0.9614 26 205 104 254
sheep 0.8539 443 229 494 282
sheep 0.8218 417 266 496 365
sheep 0.6803 0 244 59 295
sheep 0.1957 0 222 44 254
sheep 0.1906 21 252 65 283
sheep 0.1011 472 252 497 289
sheep 0.0624 474 261 499 362
sheep 0.0599 0 278 48 349
sheep 0.0253 -2 256 60 319
sheep 0.0250 486 256 500 298
sheep 0.0224 23 222 105 276
sheep 0.0152 8 234 83 280
sheep 0.0103 1 225 47 283
sheep 0.0087 415 262 458 292
sheep 0.0067 -2 204 63 244
sheep 0.0066 -10 249 42 286
sheep 0.0065 450 280 496 371
sheep 0.0064 467 227 497 287
sheep 0.0052 438 235 501 355
sheep 0.0049 -1 255 85 370
sheep 0.0046 423 246 491 291
sheep 0.0044 22 204 63 237
sheep 0.0044 465 250 487 287
sheep 0.0042 -1 213 12 264
sheep 0.0038 0 288 33 369
sheep 0.0035 463 234 505 267
sheep 0.0035 472 264 511 289
sheep 0.0032 27 245 98 292
sheep 0.0032 478 265 495 287
sheep 0.0031 490 290 498 381
sheep 0.0029 404 264 472 318
sheep 0.0029 488 266 499 289
sheep 0.0025 0 211 44 234
sheep 0.0025 436 264 500 317
sheep 0.0023 490 225 501 276
sheep 0.0018 482 280 498 412
sheep 0.0018 450 228 498 256
sheep 0.0017 491 200 500 261
sheep 0.0015 467 217 504 243
sheep 0.0015 490 269 500 346
sheep 0.0012 25 229 66 287
sheep 0.0012 418 241 456 277
sheep 0.0012 476 260 495 281
sheep 0.0012 492 221 500 240
sheep 0.0012 426 254 466 282
sheep 0.0011 463 241 505 381
sheep 0.0011 404 269 453 302
sheep 0.0010 469 271 504 299
sheep 0.0010 -3 217 28 249
train 0.0012 150 272 279 366
train 0.0011 8 277 152 379
train 0.0010 353 239 434 291
train 0.0010 193 213 250 280
