bicycle 0.0042 -2 182 25 252
bottle 0.0067 122 166 171 195
bottle 0.0021 315 138 329 152
bottle 0.0018 0 141 6 166
bottle 0.0016 324 144 337 158
bottle 0.0014 0 150 6 174
bottle 0.0012 31 269 137 319
bottle 0.0011 232 172 323 227
car 0.0011 -2 182 25 252
cat 0.0057 122 166 171 195
cat 0.0032 125 161 172 230
cat 0.0012 213 86 335 219
chair 0.9947 9 235 171 380
chair 0.9686 176 141 224 200
chair 0.7635 426 136 487 294
chair 0.7177 190 287 309 374
chair 0.1689 122 166 171 195
chair 0.1364 213 86 335 219
chair 0.0980 26 137 218 368
chair 0.0701 -2 182 25 252
chair 0.0598 125 161 172 230
chair 0.0547 125 149 193 200
chair 0.0484 314 142 361 217
chair 0.0299 433 145 477 250
chair 0.0234 -10 152 138 375
chair 0.0225 232 172 323 227
chair 0.0161 2 200 22 244
chair 0.0142 316 87 430 231
chair 0.0131 122 149 192 247
chair 0.0125 0 212 120 336
chair 0.0107 0 194 11 264
chair 0.0101 343 84 467 351
chair 0.0100 480 134 499 261
chair 0.0091 313 132 348 158
chair 0.0073 0 183 18 325
chair 0.0071 2 199 59 346
chair 0.0070 198 136 232 192
chair 0.0070 1 157 46 235
chair 0.0069 421 146 491 216
chair 0.0065 321 137 340 167
chair 0.0060 128 133 228 224
chair 0.0058 135 158 180 192
chair 0.0054 189 294 447 368
chair 0.0051 324 144 337 158
chair 0.0045 315 138 329 152
chair 0.0041 376 108 447 325
chair 0.0036 168 139 205 192
chair 0.0032 0 93 191 309
chair 0.0031 2 116 25 150
chair 0.0029 323 138 337 153
chair 0.0029 298 145 335 212
chair 0.0026 37 276 200 374
chair 0.0026 116 172 165 206
chair 0.0025 2 107 47 164
chair 0.0024 201 176 284 224
chair 0.0023 1 195 41 266
chair 0.0022 230 153 326 209
chair 0.0022 -1 116 9 171
chair 0.0021 1 112 44 140
chair 0.0021 409 120 463 311
chair 0.0020 214 130 235 176
chair 0.0020 -3 127 33 159
chair 0.0018 492 129 499 215
chair 0.0018 152 272 291 360
chair 0.0018 -4 143 64 252
chair 0.0016 380 137 494 378
chair 0.0016 155 216 472 367
chair 0.0015 318 111 355 165
chair 0.0014 417 138 451 216
chair 0.0013 314 135 333 167
chair 0.0013 137 179 180 242
chair 0.0013 317 144 329 157
chair 0.0012 291 131 334 156
chair 0.0012 318 124 383 231
chair 0.0012 11 201 30 242
chair 0.0012 450 157 487 270
chair 0.0011 -2 175 30 369
chair 0.0011 0 141 6 166
chair 0.0010 183 139 226 172
chair 0.0010 -1 142 8 184
chair 0.0010 214 310 329 366
cow 0.0164 0 93 191 309
diningtable 0.9281 133 178 455 363
diningtable 0.4713 0 93 191 309
diningtable 0.2214 431 142 498 286
diningtable 0.0598 -2 148 65 202
diningtable 0.0417 -1 112 62 162
diningtable 0.0279 138 186 439 277
diningtable 0.0226 -4 143 64 252
diningtable 0.0153 31 121 475 338
diningtable 0.0121 -2 182 25 252
diningtable 0.0101 -1 125 122 242
diningtable 0.0082 0 183 56 245
diningtable 0.0070 212 121 346 225
diningtable 0.0069 175 262 407 364
diningtable 0.0067 -3 135 67 180
diningtable 0.0054 122 166 171 195
diningtable 0.0046 125 149 193 200
diningtable 0.0044 429 148 501 210
diningtable 0.0041 26 137 218 368
diningtable 0.0036 122 164 192 230
diningtable 0.0023 152 145 223 200
diningtable 0.0017 343 84 467 351
diningtable 0.0017 326 92 453 228
diningtable 0.0016 313 132 348 158
diningtable 0.0016 194 290 362 371
diningtable 0.0010 445 148 490 245
diningtable 0.0010 232 172 323 227
dog 0.0163 122 166 171 195
dog 0.0067 125 161 172 230
motorbike 0.0078 -2 182 25 252
person 0.9952 12 96 190 365
person 0.8325 213 86 335 219
person 0.3502 330 62 455 316
person 0.0954 316 87 430 231
person 0.0338 122 166 171 195
person 0.0123 125 161 172 230
person 0.0049 0 191 12 253
person 0.0026 -1 131 9 175
person 0.0026 2 200 22 244
person 0.0024 0 150 6 174
person 0.0024 205 177 312 225
person 0.0023 0 141 6 166
person 0.0021 0 108 10 161
person 0.0020 122 149 192 247
person 0.0019 1 112 44 140
person 0.0015 35 148 167 295
person 0.0013 -2 182 25 252
person 0.0013 2 116 25 150
person 0.0012 376 108 447 325
pottedplant 0.0079 0 93 191 309
pottedplant 0.0026 122 166 171 195
pottedplant 0.0022 324 144 337 158
pottedplant 0.0016 124 182 195 240
pottedplant 0.0014 315 138 329 152
pottedplant 0.0011 313 132 348 158
pottedplant 0.0011 0 194 11 264
pottedplant 0.0010 125 161 172 230
sofa 0.0168 19 96 230 307
sofa 0.0093 200 94 323 211
sofa 0.0020 122 166 171 195
sofa 0.0015 119 164 179 227
sofa 0.0013 330 62 455 316
sofa 0.0013 125 149 193 200
sofa 0.0011 313 132 348 158
tvmonitor 0.0012 313 132 348 158
