aeroplane 0.0025 21 46 322 465
bicycle 0.0975 -8 133 300 448
bird 0.0011 21 46 322 465
boat 0.0157 21 46 322 465
boat 0.0021 234 238 292 436
boat 0.0014 196 202 303 444
boat 0.0012 70 223 292 431
bottle 0.0019 21 46 322 465
bus 0.0018 21 46 322 465
car 0.0167 21 46 322 465
cat 0.0073 21 46 322 465
chair 0.0832 21 46 322 465
diningtable 0.0041 21 46 322 465
horse 0.0018 21 46 322 465
motorbike 0.0142 21 46 322 465
person 0.9989 -15 3 303 454
person 0.0044 21 75 220 429
pottedplant 0.0036 21 46 322 465
sofa 0.0059 21 46 322 465
train 0.0020 21 46 322 465
tvmonitor 0.0185 21 46 322 465
