bird 0.0034 91 119 310 349
bird 0.0014 32 177 240 425
boat 0.0042 91 119 310 349
boat 0.0013 32 177 240 425
cat 0.0065 108 80 322 296
cat 0.0018 19 168 221 434
cow 0.2760 91 119 310 349
cow 0.1696 15 187 234 483
diningtable 0.0026 19 168 221 434
diningtable 0.0021 91 119 310 349
dog 0.0094 108 80 322 296
dog 0.0029 32 177 240 425
horse 0.0496 91 119 310 349
horse 0.0127 32 177 240 425
person 0.0263 19 168 221 434
person 0.0237 91 119 310 349
sheep 0.8901 24 208 240 488
sheep 0.8300 107 106 320 329
