bicycle 0.0016 254 155 294 186
car 0.9992 141 110 430 324
car 0.0011 251 120 341 167
chair 0.0013 254 155 294 186
cow 0.0023 254 155 294 186
dog 0.0021 254 155 294 186
horse 0.0025 254 155 294 186
motorbike 0.0038 254 155 294 186
person 0.1919 254 155 294 186
person 0.1763 244 129 316 192
person 0.1080 296 126 336 196
person 0.0391 276 122 319 194
person 0.0273 227 148 296 191
person 0.0236 185 111 436 319
person 0.0229 233 155 275 185
person 0.0082 208 150 273 191
person 0.0081 302 144 363 199
person 0.0070 135 184 180 214
person 0.0062 216 154 236 189
person 0.0050 222 133 256 190
person 0.0039 242 131 280 190
person 0.0039 260 113 331 200
person 0.0037 289 150 314 191
person 0.0032 206 147 242 196
person 0.0030 302 150 342 191
person 0.0019 205 162 229 193
person 0.0016 129 189 170 225
person 0.0016 311 165 349 195
person 0.0015 281 155 306 187
person 0.0015 146 176 185 205
person 0.0015 256 164 306 190
person 0.0013 223 154 246 185
person 0.0013 123 189 206 319
person 0.0010 310 142 332 184
