bicycle 0.0019 26 11 219 223
cat 0.0080 26 11 219 223
cat 0.0016 239 -9 490 245
chair 0.0068 224 44 498 281
chair 0.0023 3 12 210 222
cow 0.0013 3 12 210 222
diningtable 0.0054 3 12 210 222
diningtable 0.0020 230 -15 544 286
dog 0.0025 26 11 219 223
dog 0.0012 224 44 498 281
horse 0.0010 203 -29 527 263
person 0.9999 234 -7 492 281
person 0.9997 -2 10 221 284
pottedplant 0.0025 26 11 219 223
sheep 0.0038 203 -29 527 263
sheep 0.0017 26 11 219 223
sofa 0.0057 224 44 498 281
sofa 0.0047 3 12 210 222
