car 0.0026 206 184 315 225
chair 0.0010 206 184 315 225
cow 0.9339 208 189 314 232
cow 0.0608 206 192 248 231
cow 0.0100 1 195 24 230
cow 0.0050 0 195 13 242
cow 0.0029 267 195 318 228
diningtable 0.0028 206 184 315 225
dog 0.0072 206 184 315 225
dog 0.0069 1 195 24 230
dog 0.0041 0 195 13 242
dog 0.0017 206 192 248 231
horse 0.0047 206 184 315 225
horse 0.0046 206 192 248 231
person 0.0146 0 187 28 242
person 0.0016 0 182 22 287
person 0.0016 0 195 13 242
sheep 0.0085 206 184 315 225
sheep 0.0043 206 192 248 231
sheep 0.0021 0 187 28 242
