bus 0.9977 79 66 320 288
bus 0.9251 374 106 498 211
bus 0.7265 12 102 88 218
bus 0.0444 -5 86 65 232
bus 0.0288 0 92 24 224
bus 0.0212 -4 56 34 260
bus 0.0033 476 -9 496 98
bus 0.0032 3 112 45 205
bus 0.0032 436 96 501 218
bus 0.0027 454 117 501 196
bus 0.0024 359 89 516 269
bus 0.0020 48 66 229 251
bus 0.0018 473 109 498 203
bus 0.0015 377 120 458 193
car 0.7512 310 164 371 213
car 0.0262 337 173 382 209
car 0.0192 313 164 350 202
car 0.0088 375 113 502 230
car 0.0084 318 170 342 209
car 0.0078 320 172 362 208
car 0.0068 327 168 374 200
car 0.0056 311 162 336 224
car 0.0035 313 170 332 211
car 0.0033 379 144 486 207
car 0.0030 368 170 496 214
car 0.0020 290 156 356 207
car 0.0014 346 169 389 199
car 0.0014 71 63 327 267
car 0.0011 317 160 360 189
person 0.0273 129 127 169 157
person 0.0174 420 142 437 180
person 0.0067 427 135 442 174
person 0.0031 431 142 440 165
person 0.0027 422 143 434 163
person 0.0026 423 150 433 173
person 0.0025 247 124 267 164
person 0.0019 375 113 502 230
person 0.0013 127 63 345 291
person 0.0013 107 119 180 165
person 0.0012 410 136 428 173
person 0.0011 414 144 424 161
person 0.0010 253 126 269 179
person 0.0010 94 155 190 199
