bird 0.0031 -5 -5 161 472
bird 0.0031 126 68 338 425
bird 0.0025 104 122 260 425
bus 0.0012 -5 -5 161 472
cow 0.2874 126 68 338 425
cow 0.0568 104 122 260 425
cow 0.0540 -5 -5 161 472
dog 0.0444 121 114 282 431
dog 0.0033 -5 -5 161 472
dog 0.0015 93 -39 338 397
horse 0.1470 95 -23 342 441
horse 0.0157 104 122 260 425
horse 0.0118 -5 -5 161 472
person 0.0961 119 6 314 417
person 0.0124 -11 -17 148 388
person 0.0045 104 122 260 425
sheep 0.9947 -6 -14 162 443
sheep 0.9252 126 -18 336 383
sheep 0.6838 121 114 282 431
