bicycle 0.0015 258 316 328 385
boat 0.9999 40 4 336 411
boat 0.0015 264 318 336 383
car 0.0013 260 307 325 367
cat 0.0023 21 -19 395 391
diningtable 0.0016 50 18 441 404
motorbike 0.0017 258 316 328 385
person 0.8871 267 308 333 367
person 0.0129 319 324 338 359
person 0.0104 266 313 338 423
person 0.0065 302 328 338 354
person 0.0028 323 331 336 350
person 0.0024 278 313 323 347
person 0.0015 273 309 313 335
person 0.0012 287 335 336 364
person 0.0012 281 327 327 408
train 0.0010 50 18 441 404
