bicycle 0.0029 305 118 334 198
bottle 0.0033 320 112 344 200
bottle 0.0023 305 118 334 198
bottle 0.0017 27 117 41 179
bottle 0.0016 337 175 343 199
bottle 0.0011 297 162 316 198
car 0.0014 320 112 344 200
chair 0.9873 42 196 179 400
chair 0.0712 52 191 166 319
chair 0.0672 76 183 143 255
chair 0.0319 99 191 242 394
chair 0.0193 27 126 41 188
chair 0.0172 86 180 130 231
chair 0.0123 128 203 195 389
chair 0.0078 18 129 31 187
chair 0.0077 78 202 163 270
chair 0.0067 98 175 187 347
chair 0.0065 121 182 162 253
chair 0.0058 37 129 50 186
chair 0.0057 104 177 138 233
chair 0.0035 21 101 45 185
chair 0.0034 45 126 60 188
chair 0.0025 170 209 231 419
chair 0.0023 10 128 24 189
chair 0.0021 320 112 344 200
chair 0.0019 36 104 61 186
chair 0.0013 101 197 339 456
chair 0.0012 55 126 70 189
chair 0.0011 51 117 77 194
diningtable 0.9171 101 197 339 456
diningtable 0.0322 47 198 197 394
diningtable 0.0256 99 191 242 394
diningtable 0.0039 52 191 166 319
diningtable 0.0018 104 196 223 318
diningtable 0.0010 21 101 45 185
dog 0.0017 44 200 175 383
person 0.6403 36 104 61 186
person 0.5493 319 105 343 193
person 0.2755 50 102 77 189
person 0.0759 310 107 336 189
person 0.0714 21 101 45 185
person 0.0492 27 117 41 179
person 0.0128 27 110 42 153
person 0.0099 36 120 49 178
person 0.0072 45 112 62 167
person 0.0054 315 121 330 175
person 0.0049 47 198 197 394
person 0.0041 64 100 94 191
person 0.0037 30 112 39 128
person 0.0031 322 110 340 168
person 0.0024 20 123 33 175
person 0.0020 30 117 39 140
person 0.0019 56 117 70 180
person 0.0017 45 126 60 188
person 0.0015 30 125 38 151
pottedplant 0.0393 297 162 316 198
pottedplant 0.0083 305 118 334 198
pottedplant 0.0032 299 168 313 189
pottedplant 0.0024 294 170 326 200
pottedplant 0.0024 298 154 330 205
pottedplant 0.0022 21 101 45 185
pottedplant 0.0014 320 112 344 200
pottedplant 0.0012 302 176 318 195
tvmonitor 0.0021 21 101 45 185
