bottle 0.0135 372 152 385 213
bottle 0.0065 356 140 384 213
bottle 0.0033 274 163 313 203
bottle 0.0029 363 152 379 212
bottle 0.0012 265 149 328 204
bottle 0.0012 349 155 372 207
person 0.9728 275 85 382 357
person 0.3340 392 148 476 356
person 0.0530 435 156 499 351
person 0.0135 345 118 403 312
person 0.0066 374 123 456 314
person 0.0061 317 107 391 322
person 0.0060 357 210 393 296
person 0.0047 439 135 499 265
person 0.0027 358 153 428 317
person 0.0018 379 224 497 362
person 0.0014 264 109 332 324
person 0.0012 483 191 498 356
train 0.0013 1 -8 315 380
train 0.0012 234 92 279 176
tvmonitor 0.9997 -1 -21 254 385
tvmonitor 0.7469 234 92 279 176
tvmonitor 0.4184 257 83 297 163
tvmonitor 0.2114 274 76 312 157
tvmonitor 0.1424 219 97 264 179
tvmonitor 0.0668 213 62 276 183
tvmonitor 0.0482 244 68 309 178
tvmonitor 0.0474 248 13 308 151
tvmonitor 0.0266 193 87 299 377
tvmonitor 0.0144 256 21 299 105
tvmonitor 0.0081 231 28 294 178
tvmonitor 0.0078 263 0 330 133
tvmonitor 0.0038 265 74 325 196
tvmonitor 0.0025 208 121 245 186
tvmonitor 0.0024 189 45 261 194
tvmonitor 0.0020 274 28 313 135
tvmonitor 0.0017 273 81 386 325
tvmonitor 0.0011 291 79 332 151
