bird 0.0014 10 15 312 320
bottle 0.0018 32 0 49 49
car 0.0018 238 17 495 268
cat 0.0021 244 22 282 49
cat 0.0016 238 17 495 268
chair 0.0335 386 4 430 32
chair 0.0076 351 3 435 37
chair 0.0069 393 10 439 41
chair 0.0027 412 15 502 151
chair 0.0023 378 11 423 38
chair 0.0020 388 2 477 44
chair 0.0018 351 5 407 29
chair 0.0013 352 16 405 36
chair 0.0010 230 0 290 51
cow 0.0069 30 21 283 321
cow 0.0038 230 0 290 51
cow 0.0014 238 17 495 268
cow 0.0012 244 22 282 49
diningtable 0.0028 389 10 430 40
diningtable 0.0010 3 55 213 329
dog 0.9998 233 24 505 328
dog 0.0148 230 0 290 51
dog 0.0097 30 21 283 321
dog 0.0047 244 22 282 49
dog 0.0034 440 20 497 172
dog 0.0024 32 0 49 49
dog 0.0023 237 9 311 70
dog 0.0013 233 10 278 42
dog 0.0011 242 31 313 85
horse 0.9979 6 8 250 331
horse 0.0037 2 0 56 51
horse 0.0012 32 0 49 49
motorbike 0.0015 3 55 213 329
motorbike 0.0012 2 0 56 51
person 0.0487 32 0 49 49
person 0.0086 17 -5 31 57
person 0.0078 0 26 54 361
person 0.0069 9 0 48 52
person 0.0061 288 13 500 267
person 0.0056 -2 3 218 275
person 0.0046 24 -4 44 42
person 0.0022 0 46 29 380
person 0.0018 440 20 497 172
person 0.0012 386 4 430 32
pottedplant 0.0010 389 10 430 40
sheep 0.0029 10 15 312 320
sofa 0.0067 175 12 504 336
sofa 0.0013 386 4 430 32
