bicycle 0.0023 227 17 240 32
bicycle 0.0017 179 16 197 36
bicycle 0.0013 100 16 120 37
bird 0.0025 227 17 240 32
bird 0.0012 179 16 197 36
bottle 0.0031 227 17 240 32
bottle 0.0016 371 17 411 45
car 0.0023 287 25 363 68
cat 0.0093 371 17 411 45
cat 0.0037 251 25 296 73
cat 0.0028 438 16 475 49
cat 0.0017 140 16 176 37
chair 0.0019 6 22 53 80
chair 0.0018 245 27 300 69
chair 0.0015 287 25 363 68
cow 0.9989 148 82 366 192
cow 0.9831 67 36 203 115
cow 0.9747 294 24 369 67
cow 0.9126 5 25 53 86
cow 0.8409 439 23 473 47
cow 0.5261 99 17 120 37
cow 0.5050 140 16 176 37
cow 0.4489 371 17 411 45
cow 0.3087 178 16 198 35
cow 0.3064 251 25 296 73
cow 0.1300 157 16 200 36
cow 0.1038 227 17 240 32
cow 0.0519 148 19 168 37
cow 0.0477 140 19 160 37
cow 0.0183 157 19 176 36
cow 0.0095 83 17 122 38
cow 0.0081 101 15 119 29
cow 0.0066 438 28 458 45
cow 0.0038 96 19 111 36
cow 0.0035 188 18 199 35
cow 0.0030 68 30 110 99
cow 0.0029 0 28 30 88
cow 0.0029 265 13 392 72
cow 0.0026 266 25 282 34
cow 0.0025 93 16 142 38
cow 0.0025 168 20 189 33
cow 0.0023 93 14 127 32
cow 0.0022 387 23 410 37
cow 0.0020 297 13 374 51
cow 0.0020 377 23 404 37
cow 0.0016 144 14 192 32
cow 0.0016 222 21 235 31
cow 0.0013 135 22 147 34
cow 0.0012 170 17 188 27
cow 0.0012 383 25 412 45
cow 0.0011 237 27 356 62
cow 0.0011 456 26 473 47
cow 0.0011 160 17 175 27
cow 0.0010 222 17 235 25
diningtable 0.0095 174 63 353 187
dog 0.0757 371 17 411 45
dog 0.0452 99 17 120 37
dog 0.0358 439 23 473 47
dog 0.0351 251 25 296 73
dog 0.0290 140 16 176 37
dog 0.0275 178 16 198 35
dog 0.0064 227 17 240 32
dog 0.0060 170 13 202 33
dog 0.0014 294 24 369 67
dog 0.0014 140 19 160 37
dog 0.0011 67 36 203 115
horse 0.1631 439 23 473 47
horse 0.1006 99 17 120 37
horse 0.0796 140 16 176 37
horse 0.0619 178 16 198 35
horse 0.0536 371 17 411 45
horse 0.0181 157 16 200 36
horse 0.0169 251 25 296 73
horse 0.0107 227 17 240 32
horse 0.0038 6 22 53 80
horse 0.0023 140 19 160 37
horse 0.0023 287 25 363 68
horse 0.0018 148 19 168 37
motorbike 0.0013 439 23 473 47
motorbike 0.0011 371 17 411 45
person 0.0257 371 17 411 45
person 0.0147 438 16 475 49
person 0.0112 99 17 120 37
person 0.0048 227 17 240 32
person 0.0042 179 16 197 36
person 0.0036 140 16 176 37
person 0.0025 251 25 296 73
person 0.0018 196 62 352 184
person 0.0013 170 13 202 33
person 0.0011 140 19 160 37
person 0.0011 148 19 168 37
sheep 0.1689 179 16 197 36
sheep 0.1587 100 16 120 37
sheep 0.1001 227 17 240 32
sheep 0.0291 140 16 176 37
sheep 0.0267 439 23 473 47
sheep 0.0234 251 25 296 73
sheep 0.0183 371 17 411 45
sheep 0.0124 157 16 200 36
sheep 0.0106 140 19 160 37
sheep 0.0089 6 22 53 80
sheep 0.0075 148 19 168 37
sheep 0.0063 157 19 176 36
sheep 0.0050 287 25 363 68
sheep 0.0019 188 18 199 35
sheep 0.0017 266 25 282 34
sheep 0.0017 222 21 235 31
sheep 0.0016 83 17 122 38
sheep 0.0014 96 19 111 36
sheep 0.0011 438 28 458 45
sheep 0.0010 93 14 127 32
sheep 0.0010 222 17 235 25
sofa 0.0010 67 36 203 115
sofa 0.0010 158 53 364 194
