bottle 0.0021 315 301 327 314
bottle 0.0017 306 314 333 352
bottle 0.0013 451 299 461 316
bottle 0.0013 418 301 435 312
bottle 0.0013 430 318 442 333
bottle 0.0012 1 352 6 375
bottle 0.0012 246 310 263 322
bottle 0.0010 289 305 312 344
bottle 0.0010 209 315 222 323
bottle 0.0010 265 309 279 325
bottle 0.0010 306 301 316 315
car 0.0011 439 298 500 368
chair 0.8634 306 314 333 352
chair 0.7972 345 333 374 373
chair 0.7956 289 305 312 344
chair 0.5256 381 350 417 379
chair 0.4782 184 323 218 372
chair 0.4157 190 329 252 372
chair 0.3852 78 331 134 373
chair 0.3593 452 312 490 376
chair 0.2984 356 301 382 332
chair 0.2410 102 327 140 373
chair 0.2375 299 310 323 344
chair 0.2054 8 333 85 373
chair 0.1931 417 318 447 371
chair 0.1566 282 303 306 336
chair 0.1449 218 352 271 376
chair 0.1402 394 316 429 371
chair 0.1252 3 353 46 375
chair 0.1074 326 322 353 364
chair 0.1070 37 339 87 371
chair 0.0998 365 300 390 331
chair 0.0932 198 335 237 376
chair 0.0794 85 331 117 365
chair 0.0661 434 317 465 374
chair 0.0625 405 309 429 344
chair 0.0576 232 315 276 337
chair 0.0567 174 319 203 375
chair 0.0533 238 351 287 375
chair 0.0524 379 313 441 362
chair 0.0499 213 339 256 373
chair 0.0414 286 351 339 374
chair 0.0392 10 341 56 372
chair 0.0386 370 303 406 332
chair 0.0353 380 321 414 373
chair 0.0349 350 301 371 333
chair 0.0318 77 329 105 364
chair 0.0315 366 337 391 372
chair 0.0310 239 324 287 347
chair 0.0282 385 309 410 342
chair 0.0278 309 303 332 337
chair 0.0275 414 316 439 356
chair 0.0256 190 319 223 353
chair 0.0243 371 338 409 374
chair 0.0242 257 343 308 367
chair 0.0219 361 326 428 371
chair 0.0212 426 311 446 344
chair 0.0211 339 326 361 364
chair 0.0206 418 301 435 312
chair 0.0203 245 306 281 329
chair 0.0199 291 343 334 368
chair 0.0188 215 314 256 338
chair 0.0188 456 337 495 374
chair 0.0184 398 320 457 372
chair 0.0182 107 325 172 374
chair 0.0180 348 318 372 356
chair 0.0174 232 342 275 372
chair 0.0169 439 298 500 368
chair 0.0167 470 293 498 371
chair 0.0158 257 333 307 357
chair 0.0151 109 346 150 379
chair 0.0147 264 353 319 374
chair 0.0139 354 327 380 366
chair 0.0135 201 323 228 367
chair 0.0134 41 349 99 376
chair 0.0133 0 325 9 382
chair 0.0133 407 322 431 366
chair 0.0131 221 322 268 349
chair 0.0119 318 309 339 346
chair 0.0114 356 304 391 362
chair 0.0113 90 341 131 382
chair 0.0106 399 304 435 330
chair 0.0104 409 302 427 313
chair 0.0103 410 348 446 376
chair 0.0100 339 308 361 344
chair 0.0096 15 350 70 376
chair 0.0095 207 331 243 362
chair 0.0090 262 304 283 332
chair 0.0087 222 309 265 327
chair 0.0086 240 332 287 358
chair 0.0086 246 310 263 322
chair 0.0086 382 338 430 374
chair 0.0079 26 334 80 359
chair 0.0077 444 332 465 376
chair 0.0077 397 310 419 342
chair 0.0074 46 334 93 360
chair 0.0073 279 317 305 349
chair 0.0070 453 334 477 374
chair 0.0065 420 318 482 374
chair 0.0065 430 318 442 333
chair 0.0064 407 298 445 318
chair 0.0063 11 334 56 359
chair 0.0063 436 311 454 362
chair 0.0060 220 319 246 352
chair 0.0060 490 325 500 384
chair 0.0058 416 302 438 332
chair 0.0056 373 321 407 350
chair 0.0055 255 310 272 323
chair 0.0055 409 312 444 343
chair 0.0052 253 314 290 337
chair 0.0050 376 328 401 363
chair 0.0050 312 314 347 355
diningtable 0.3594 203 333 270 371
diningtable 0.1142 378 321 441 369
diningtable 0.0444 347 332 376 376
diningtable 0.0379 381 350 417 379
diningtable 0.0346 8 333 85 373
diningtable 0.0290 230 336 322 366
diningtable 0.0273 360 312 429 361
diningtable 0.0273 439 316 499 375
diningtable 0.0261 308 316 335 352
diningtable 0.0206 396 312 459 364
diningtable 0.0176 178 323 233 373
diningtable 0.0155 92 332 126 378
diningtable 0.0129 227 352 280 376
diningtable 0.0126 356 300 386 332
diningtable 0.0125 288 306 317 345
diningtable 0.0120 417 318 447 371
diningtable 0.0110 3 353 46 375
diningtable 0.0092 204 320 275 357
diningtable 0.0087 241 315 284 337
diningtable 0.0077 419 304 486 368
diningtable 0.0071 344 332 400 369
diningtable 0.0070 198 335 237 376
diningtable 0.0064 370 303 406 332
diningtable 0.0064 286 351 339 374
diningtable 0.0061 210 349 261 377
diningtable 0.0060 298 308 329 348
diningtable 0.0050 380 311 415 341
diningtable 0.0047 291 343 334 368
diningtable 0.0045 436 302 468 369
diningtable 0.0043 239 324 287 347
diningtable 0.0040 37 339 87 371
diningtable 0.0040 291 314 340 354
diningtable 0.0038 240 342 286 371
diningtable 0.0038 240 318 312 353
diningtable 0.0035 85 331 117 365
diningtable 0.0034 107 325 172 374
diningtable 0.0033 220 315 269 337
diningtable 0.0033 10 341 56 372
diningtable 0.0032 245 306 281 329
diningtable 0.0030 264 353 319 374
diningtable 0.0029 245 351 299 375
diningtable 0.0027 266 343 316 366
diningtable 0.0027 361 295 395 322
diningtable 0.0026 371 338 409 374
diningtable 0.0025 380 329 416 360
diningtable 0.0024 402 311 433 342
diningtable 0.0022 73 335 112 372
diningtable 0.0021 453 290 491 373
diningtable 0.0020 399 304 435 330
diningtable 0.0020 190 319 223 353
diningtable 0.0019 248 332 298 358
diningtable 0.0018 456 337 495 374
diningtable 0.0018 221 322 268 349
diningtable 0.0016 470 293 498 371
diningtable 0.0016 219 352 341 373
diningtable 0.0015 407 298 445 318
diningtable 0.0015 222 309 265 327
diningtable 0.0014 431 333 463 376
diningtable 0.0013 281 302 308 335
diningtable 0.0013 378 306 411 366
diningtable 0.0013 41 349 99 376
diningtable 0.0012 15 350 70 376
diningtable 0.0012 269 333 313 356
diningtable 0.0012 410 348 446 376
diningtable 0.0012 234 331 274 359
diningtable 0.0011 382 338 430 374
diningtable 0.0011 362 309 396 340
diningtable 0.0011 109 346 150 379
diningtable 0.0011 420 313 452 341
diningtable 0.0010 174 319 203 375
person 0.9279 453 290 491 373
person 0.0440 436 302 468 369
person 0.0359 470 293 498 371
person 0.0024 493 269 499 364
person 0.0018 455 287 474 325
person 0.0017 459 292 472 306
person 0.0015 451 299 461 316
person 0.0015 442 288 500 343
person 0.0015 416 310 448 366
person 0.0012 381 350 417 379
person 0.0011 439 316 499 375
person 0.0010 447 297 464 337
pottedplant 0.0174 418 301 435 312
pottedplant 0.0076 -1 291 7 345
pottedplant 0.0062 409 302 427 313
pottedplant 0.0047 407 298 445 318
pottedplant 0.0040 419 295 434 305
pottedplant 0.0035 0 313 9 380
pottedplant 0.0016 3 353 46 375
pottedplant 0.0016 -1 255 17 368
pottedplant 0.0014 398 303 417 313
pottedplant 0.0014 412 296 426 305
pottedplant 0.0014 490 325 500 384
pottedplant 0.0012 381 350 417 379
pottedplant 0.0012 429 303 443 314
pottedplant 0.0012 0 299 5 337
pottedplant 0.0011 470 293 498 371
sofa 0.0127 381 350 417 379
sofa 0.0087 379 313 441 362
sofa 0.0069 347 332 376 376
sofa 0.0068 3 353 46 375
sofa 0.0061 439 298 500 368
sofa 0.0048 8 333 85 373
sofa 0.0043 363 301 395 331
sofa 0.0036 232 315 276 337
sofa 0.0033 203 333 270 371
sofa 0.0028 227 352 280 376
sofa 0.0027 308 316 335 352
sofa 0.0026 37 339 87 371
sofa 0.0025 10 341 56 372
sofa 0.0021 286 351 339 374
sofa 0.0020 92 332 126 378
sofa 0.0017 232 323 275 347
sofa 0.0016 407 298 445 318
sofa 0.0014 412 335 444 375
sofa 0.0014 380 311 415 341
sofa 0.0013 245 306 281 329
sofa 0.0013 288 306 317 345
sofa 0.0013 257 343 308 367
sofa 0.0012 361 326 428 371
sofa 0.0011 215 314 256 338
sofa 0.0011 456 337 495 374
sofa 0.0011 198 335 237 376
sofa 0.0011 291 343 334 368
sofa 0.0011 355 295 386 323
sofa 0.0011 399 304 435 330
sofa 0.0010 264 353 319 374
sofa 0.0010 210 349 261 377
tvmonitor 0.0146 418 301 435 312
tvmonitor 0.0106 407 298 445 318
tvmonitor 0.0078 3 353 46 375
tvmonitor 0.0063 409 302 427 313
tvmonitor 0.0061 360 288 395 311
tvmonitor 0.0040 390 299 426 319
tvmonitor 0.0030 38 335 85 360
tvmonitor 0.0028 288 302 312 337
tvmonitor 0.0027 366 295 391 324
tvmonitor 0.0025 0 313 9 380
tvmonitor 0.0025 398 303 417 313
tvmonitor 0.0024 357 295 382 325
tvmonitor 0.0021 368 293 389 304
tvmonitor 0.0020 11 334 56 359
tvmonitor 0.0016 381 350 417 379
tvmonitor 0.0014 10 341 56 372
tvmonitor 0.0013 232 315 276 337
tvmonitor 0.0013 419 295 434 305
tvmonitor 0.0012 405 303 429 333
tvmonitor 0.0011 430 318 442 333
tvmonitor 0.0011 232 323 275 347
tvmonitor 0.0011 454 350 497 375
tvmonitor 0.0010 216 309 254 328
tvmonitor 0.0010 305 312 334 346
