bicycle 0.0023 272 115 422 226
bicycle 0.0021 481 104 500 252
bottle 0.0313 56 66 69 123
bottle 0.0052 62 67 76 123
bottle 0.0015 48 68 61 123
bottle 0.0013 27 124 53 229
bottle 0.0011 63 52 76 101
bottle 0.0010 66 65 74 85
bottle 0.0010 56 54 71 103
car 0.0425 480 136 500 251
car 0.0013 74 127 298 265
horse 0.0017 68 129 304 290
motorbike 0.9939 264 106 413 213
motorbike 0.9913 62 111 312 281
motorbike 0.0316 481 104 500 252
motorbike 0.0264 235 75 437 236
person 0.9913 45 48 98 226
person 0.0184 52 69 86 204
person 0.0066 69 64 99 207
person 0.0038 24 58 74 222
person 0.0029 32 53 59 144
person 0.0024 272 108 423 209
person 0.0015 72 51 100 147
person 0.0013 31 84 60 196
person 0.0012 51 56 81 146
person 0.0010 58 20 107 191
pottedplant 0.0050 32 53 59 144
pottedplant 0.0015 44 32 98 218
train 0.0042 68 129 304 290
