aeroplane 0.0021 75 82 469 337
bicycle 0.0011 75 82 469 337
bird 0.0032 75 82 469 337
boat 0.0035 75 82 469 337
bottle 0.0012 75 82 469 337
bus 0.0075 75 82 469 337
car 0.9996 -7 66 204 246
car 0.9995 48 81 455 308
car 0.1172 52 64 217 146
car 0.0294 95 67 194 128
car 0.0049 0 57 8 76
car 0.0028 67 64 190 100
car 0.0026 -6 58 35 77
car 0.0015 -6 61 37 87
car 0.0013 450 122 498 146
car 0.0012 0 63 7 85
car 0.0012 -1 47 10 87
diningtable 0.0027 75 82 469 337
dog 0.0011 75 82 469 337
motorbike 0.0017 75 82 469 337
person 0.0057 1 74 245 275
person 0.0017 42 78 401 305
pottedplant 0.0021 75 82 469 337
train 0.0034 75 82 469 337
tvmonitor 0.0024 75 82 469 337
