aeroplane 0.0034 7 -6 134 69
bicycle 0.0031 141 -1 261 100
bicycle 0.0015 15 -3 147 72
bird 0.0019 244 123 312 238
bottle 0.0192 255 203 331 268
bottle 0.0033 463 45 485 89
bottle 0.0024 243 137 319 285
bottle 0.0019 452 79 500 111
bottle 0.0015 492 57 498 132
bottle 0.0013 457 69 497 103
bottle 0.0012 457 48 492 112
cat 0.0052 244 123 312 238
cat 0.0016 24 7 139 70
chair 0.9965 362 100 495 369
chair 0.4458 142 5 269 117
chair 0.1915 139 31 435 398
chair 0.1642 206 143 370 364
chair 0.0457 154 23 439 118
chair 0.0242 148 6 441 198
chair 0.0044 164 29 348 287
chair 0.0039 15 -3 147 72
chair 0.0030 301 21 482 117
chair 0.0018 243 119 315 265
chair 0.0015 209 46 436 149
chair 0.0014 214 12 296 141
chair 0.0011 146 10 253 72
chair 0.0010 457 29 490 98
diningtable 0.0086 206 143 370 364
diningtable 0.0083 144 46 486 390
diningtable 0.0012 154 23 439 118
dog 0.4682 243 119 315 265
dog 0.1279 183 33 389 356
dog 0.0281 252 130 304 220
dog 0.0131 154 23 439 118
dog 0.0041 183 121 327 254
dog 0.0032 245 203 321 267
dog 0.0016 255 189 331 251
dog 0.0016 125 -25 459 339
dog 0.0014 209 46 436 149
dog 0.0013 148 6 441 198
dog 0.0010 244 158 316 230
person 0.9644 148 -16 427 400
person 0.8119 195 68 378 364
person 0.0153 193 20 460 116
person 0.0054 247 116 334 271
person 0.0035 148 6 441 198
person 0.0024 370 40 497 354
person 0.0017 164 29 348 287
sofa 0.8776 193 20 460 116
sofa 0.5036 7 -6 134 69
sofa 0.2138 169 11 467 185
sofa 0.1638 125 -25 459 339
sofa 0.0035 -2 15 135 99
sofa 0.0025 209 46 436 149
sofa 0.0018 141 -1 261 100
sofa 0.0015 206 143 370 364
