aeroplane 0.0017 5 25 505 365
bus 0.9946 42 24 535 368
bus 0.0101 141 146 278 239
bus 0.0037 118 121 305 325
bus 0.0020 183 68 461 358
car 0.0028 7 60 499 369
horse 0.0144 141 36 487 385
motorbike 0.0026 7 60 499 369
person 0.1855 378 238 401 279
person 0.0872 183 161 258 229
person 0.0558 140 164 280 276
person 0.0390 200 163 252 197
person 0.0379 206 155 270 204
person 0.0278 165 208 238 259
person 0.0275 210 160 261 188
person 0.0275 118 121 305 325
person 0.0219 199 182 278 248
person 0.0218 171 149 240 248
person 0.0163 149 146 179 207
person 0.0150 224 166 294 228
person 0.0131 173 215 219 245
person 0.0125 224 166 283 196
person 0.0100 186 151 225 206
person 0.0098 298 169 330 229
person 0.0097 158 155 177 190
person 0.0093 220 175 261 251
person 0.0087 237 183 312 249
person 0.0063 240 154 274 206
person 0.0054 218 204 300 259
person 0.0051 240 155 310 206
person 0.0050 147 193 224 244
person 0.0035 164 137 322 237
person 0.0034 27 71 409 367
person 0.0033 236 161 291 185
person 0.0032 164 223 210 252
person 0.0031 219 172 271 207
person 0.0028 160 149 194 205
person 0.0024 310 195 329 245
person 0.0022 182 179 224 250
person 0.0021 200 170 242 252
person 0.0020 104 149 255 238
person 0.0020 155 218 203 243
person 0.0018 301 175 341 208
person 0.0018 161 161 174 184
person 0.0016 227 184 280 217
person 0.0015 164 204 205 264
person 0.0015 221 194 269 225
person 0.0015 132 147 168 205
person 0.0012 212 152 259 179
person 0.0011 149 151 217 204
person 0.0010 159 158 194 186
person 0.0010 383 225 410 287
person 0.0010 80 228 98 271
train 0.0171 7 60 499 369
