bird 0.0025 488 153 499 210
cat 0.0013 435 171 463 246
chair 0.0037 435 171 463 246
chair 0.0024 89 173 126 239
chair 0.0014 44 214 81 245
chair 0.0012 59 211 79 244
person 0.8623 91 166 127 233
person 0.0228 100 171 123 213
person 0.0164 51 189 88 242
person 0.0101 89 176 152 237
person 0.0038 90 176 111 225
person 0.0033 51 185 119 237
person 0.0015 87 157 156 271
person 0.0013 435 171 463 246
person 0.0011 59 203 79 238
person 0.0010 83 181 122 220
person 0.0010 54 192 74 228
pottedplant 0.4741 -3 35 257 240
pottedplant 0.4636 433 124 464 227
pottedplant 0.0730 435 171 463 246
pottedplant 0.0452 145 156 178 228
pottedplant 0.0332 472 160 499 232
pottedplant 0.0234 487 155 498 223
pottedplant 0.0196 128 160 163 225
pottedplant 0.0188 81 112 250 218
pottedplant 0.0166 186 115 219 196
pottedplant 0.0164 -46 26 386 291
pottedplant 0.0098 0 168 19 298
pottedplant 0.0093 -6 7 135 254
pottedplant 0.0061 189 139 208 180
pottedplant 0.0059 26 162 165 242
pottedplant 0.0049 299 114 328 202
pottedplant 0.0043 435 186 455 230
pottedplant 0.0041 100 165 138 230
pottedplant 0.0039 453 160 488 234
pottedplant 0.0038 133 78 197 232
pottedplant 0.0038 140 168 157 213
pottedplant 0.0034 14 109 185 224
pottedplant 0.0033 469 170 503 209
pottedplant 0.0026 -7 8 130 90
pottedplant 0.0023 51 189 88 242
pottedplant 0.0022 200 116 229 195
pottedplant 0.0021 -2 87 57 303
pottedplant 0.0019 -2 97 30 329
pottedplant 0.0019 458 192 496 222
pottedplant 0.0018 488 176 499 241
pottedplant 0.0015 464 179 487 221
pottedplant 0.0015 475 188 497 227
pottedplant 0.0013 166 132 196 220
pottedplant 0.0013 169 104 203 206
pottedplant 0.0011 478 165 499 200
pottedplant 0.0011 33 69 101 243
pottedplant 0.0010 441 167 504 225
sofa 0.0025 -7 8 130 90
tvmonitor 0.0012 435 186 455 230
