chair 0.9536 127 107 285 350
chair 0.9085 373 47 456 108
chair 0.8871 375 173 499 355
chair 0.0919 404 112 497 281
chair 0.0432 438 89 499 230
chair 0.0177 382 68 498 238
chair 0.0144 376 45 486 155
chair 0.0135 433 146 500 325
chair 0.0066 473 105 499 213
chair 0.0052 400 49 505 110
chair 0.0051 456 125 496 222
chair 0.0041 477 148 499 284
chair 0.0026 465 97 502 295
chair 0.0015 479 55 501 187
chair 0.0013 482 176 499 330
chair 0.0013 343 47 485 322
chair 0.0011 453 94 496 184
diningtable 0.9915 136 71 501 360
diningtable 0.0101 335 174 496 360
diningtable 0.0024 93 93 279 354
diningtable 0.0011 0 54 332 383
person 0.0048 127 107 285 350
person 0.0037 335 174 496 360
person 0.0011 54 49 291 312
pottedplant 0.0011 132 138 285 358
sofa 0.9956 -14 60 284 296
sofa 0.4205 93 93 279 354
sofa 0.0221 -2 67 148 296
sofa 0.0012 46 51 454 337
sofa 0.0012 11 108 178 248
sofa 0.0012 74 83 263 207
