bicycle 0.0024 43 4 188 216
bottle 0.0015 224 215 248 303
bottle 0.0013 215 161 253 237
chair 0.0068 43 4 188 216
chair 0.0024 0 210 191 492
chair 0.0014 236 79 334 463
dog 0.0015 25 381 207 492
horse 0.0011 222 5 335 443
person 0.9997 0 184 185 463
person 0.9969 229 43 333 458
person 0.9812 18 15 167 228
person 0.8396 198 -8 268 180
person 0.2555 157 -2 232 184
person 0.1001 21 114 153 232
person 0.0741 -2 2 78 201
person 0.0525 5 140 81 215
person 0.0494 25 381 207 492
person 0.0176 297 5 330 61
person 0.0162 3 134 122 264
person 0.0073 309 1 336 64
person 0.0058 18 -25 95 233
person 0.0050 1 306 195 500
person 0.0045 160 -11 260 254
person 0.0043 57 134 141 269
person 0.0037 0 -9 53 148
person 0.0027 -5 131 134 376
person 0.0025 40 119 188 388
person 0.0025 2 53 122 205
person 0.0023 57 191 138 256
person 0.0018 186 14 311 423
person 0.0017 18 174 158 316
person 0.0016 195 84 271 242
person 0.0013 215 31 279 213
person 0.0012 62 177 135 304
person 0.0012 86 32 178 216
person 0.0011 68 82 160 241
person 0.0010 102 2 237 208
sofa 0.0787 25 381 207 492
sofa 0.0397 0 210 191 492
sofa 0.0010 43 4 188 216
tvmonitor 0.0011 43 4 188 216
