bicycle 0.0017 388 228 489 320
boat 0.9561 39 21 465 312
boat 0.3543 196 168 455 260
boat 0.0202 149 130 435 294
boat 0.0146 232 183 428 294
boat 0.0131 194 126 382 218
boat 0.0087 124 61 373 280
boat 0.0025 175 157 321 264
boat 0.0013 277 131 443 214
bottle 0.0250 283 185 298 230
bottle 0.0216 277 185 292 230
bottle 0.0050 296 194 310 243
bottle 0.0033 342 190 363 221
bottle 0.0028 322 190 339 224
bottle 0.0024 287 195 296 222
bottle 0.0015 306 198 315 221
bottle 0.0015 287 188 295 212
bottle 0.0015 298 198 306 221
bottle 0.0014 345 197 359 217
bottle 0.0014 304 192 318 226
bottle 0.0012 277 179 314 244
bottle 0.0010 325 198 336 221
bus 0.0101 39 21 465 312
chair 0.7323 216 260 297 328
chair 0.5697 396 214 480 323
chair 0.5633 303 247 428 328
chair 0.0264 151 193 184 274
chair 0.0222 154 172 215 297
chair 0.0173 156 208 198 295
chair 0.0126 191 194 311 303
chair 0.0085 223 212 295 283
chair 0.0077 191 245 363 324
chair 0.0041 186 168 223 288
chair 0.0028 277 190 442 302
chair 0.0027 140 188 193 312
chair 0.0026 327 217 411 317
chair 0.0022 491 205 499 288
chair 0.0021 400 156 471 226
chair 0.0018 478 200 499 302
chair 0.0018 156 197 180 238
chair 0.0018 472 163 498 258
chair 0.0016 311 218 331 272
chair 0.0015 153 233 292 319
chair 0.0014 454 228 493 316
chair 0.0013 424 243 477 325
chair 0.0012 304 221 323 271
chair 0.0012 228 237 318 307
chair 0.0011 360 178 398 220
cow 0.0028 232 183 428 294
diningtable 0.4515 209 158 448 314
diningtable 0.0766 179 165 407 259
diningtable 0.0359 65 91 506 312
diningtable 0.0267 203 186 382 293
diningtable 0.0246 244 239 431 323
diningtable 0.0111 277 190 442 302
diningtable 0.0040 191 245 363 324
diningtable 0.0020 411 154 488 226
diningtable 0.0016 262 205 334 264
diningtable 0.0012 275 188 356 239
diningtable 0.0012 320 163 398 220
diningtable 0.0011 230 211 317 284
diningtable 0.0010 321 246 469 321
person 0.8440 177 153 232 274
person 0.7332 234 146 278 207
person 0.5770 402 160 492 304
person 0.5665 222 192 296 310
person 0.5168 273 128 333 186
person 0.5085 333 143 405 206
person 0.3714 455 114 495 167
person 0.2713 277 190 442 302
person 0.2563 325 131 391 187
person 0.2147 337 164 409 220
person 0.1967 477 27 499 131
person 0.1812 471 120 501 182
person 0.1568 195 158 237 233
person 0.1213 416 143 485 210
person 0.1035 325 185 412 311
person 0.0900 439 122 499 178
person 0.0838 400 156 471 226
person 0.0718 433 132 478 166
person 0.0706 175 157 321 264
person 0.0701 33 59 467 333
person 0.0484 310 124 336 160
person 0.0479 248 168 466 255
person 0.0421 436 137 501 250
person 0.0375 209 158 448 314
person 0.0374 452 154 497 229
person 0.0327 290 123 316 159
person 0.0318 227 145 291 244
person 0.0306 232 197 283 272
person 0.0306 319 131 341 168
person 0.0304 471 149 500 234
person 0.0299 488 114 500 169
person 0.0293 235 142 317 204
person 0.0268 226 129 426 215
person 0.0252 284 131 323 169
person 0.0239 300 126 372 181
person 0.0234 317 197 400 268
person 0.0227 424 115 489 168
person 0.0220 203 186 382 293
person 0.0218 392 130 504 216
person 0.0201 317 125 352 181
person 0.0201 286 120 345 167
person 0.0201 223 153 260 224
person 0.0195 278 122 344 226
person 0.0188 476 64 500 170
person 0.0187 462 113 488 153
person 0.0155 303 247 428 328
person 0.0150 124 61 373 280
person 0.0143 360 178 398 220
person 0.0125 230 211 317 284
person 0.0117 322 132 361 165
person 0.0106 443 123 487 159
person 0.0105 474 177 497 219
person 0.0099 326 128 373 157
person 0.0095 295 218 333 277
person 0.0094 161 186 275 297
person 0.0085 377 165 452 220
person 0.0084 355 179 427 236
person 0.0082 438 120 475 145
person 0.0071 174 119 326 222
person 0.0069 488 173 500 242
person 0.0069 474 112 497 154
person 0.0068 409 172 490 247
person 0.0068 239 153 285 189
person 0.0065 235 159 255 199
person 0.0060 154 172 215 297
person 0.0056 286 116 321 149
person 0.0055 480 42 495 105
person 0.0053 288 141 334 175
person 0.0053 396 214 480 323
person 0.0049 256 159 294 227
person 0.0044 323 116 387 169
person 0.0043 295 140 382 200
person 0.0043 490 127 499 190
person 0.0042 199 244 301 330
person 0.0040 373 170 410 224
person 0.0039 425 142 470 174
person 0.0037 336 162 383 196
person 0.0037 490 51 499 135
person 0.0035 469 175 503 205
person 0.0034 450 32 501 162
person 0.0033 321 139 396 246
person 0.0033 277 152 319 231
person 0.0032 280 209 350 262
person 0.0032 338 136 381 163
person 0.0032 206 210 285 283
person 0.0030 237 148 315 279
person 0.0030 299 122 323 160
person 0.0029 260 177 298 245
person 0.0026 491 190 499 264
person 0.0026 475 178 498 283
person 0.0024 236 143 274 179
person 0.0024 454 184 496 273
person 0.0024 491 86 500 160
person 0.0023 189 152 223 188
person 0.0022 458 109 493 138
person 0.0022 296 106 316 142
person 0.0022 397 195 477 265
person 0.0021 490 20 499 109
person 0.0021 324 66 352 131
person 0.0020 408 167 452 254
pottedplant 0.0016 280 200 319 269
pottedplant 0.0015 33 59 467 333
pottedplant 0.0014 196 168 455 260
sofa 0.0037 33 59 467 333
sofa 0.0012 303 247 428 328
tvmonitor 0.0021 39 21 465 312
