aeroplane 0.0011 133 226 182 243
aeroplane 0.0011 130 229 171 248
boat 0.8064 135 229 179 249
boat 0.0542 136 233 161 245
boat 0.0351 131 234 146 246
boat 0.0332 143 234 172 244
boat 0.0331 116 231 166 248
boat 0.0248 134 234 180 258
boat 0.0232 122 234 137 246
boat 0.0220 157 233 178 244
boat 0.0187 128 226 172 243
boat 0.0137 84 224 134 241
boat 0.0126 150 230 200 248
boat 0.0099 140 229 158 238
boat 0.0099 156 227 178 250
boat 0.0095 169 233 185 244
boat 0.0092 120 226 140 251
boat 0.0055 140 226 192 242
boat 0.0053 160 229 175 238
boat 0.0049 149 230 167 238
boat 0.0048 92 230 146 249
boat 0.0042 215 221 233 259
boat 0.0035 204 219 244 244
boat 0.0034 99 227 121 236
boat 0.0034 209 219 227 259
boat 0.0030 132 228 145 239
boat 0.0029 209 226 223 239
boat 0.0027 179 233 193 243
boat 0.0025 146 230 169 262
boat 0.0025 130 227 148 249
boat 0.0023 138 222 160 244
boat 0.0023 123 225 137 239
boat 0.0021 76 229 129 247
boat 0.0021 170 228 184 237
boat 0.0018 113 235 128 245
boat 0.0018 167 225 186 252
boat 0.0015 108 222 149 243
boat 0.0015 130 241 144 251
boat 0.0013 220 231 229 248
boat 0.0013 217 227 232 238
boat 0.0012 113 227 128 237
boat 0.0012 126 222 196 256
boat 0.0012 123 241 136 252
boat 0.0010 181 227 193 237
pottedplant 0.0017 122 234 137 246
pottedplant 0.0014 130 229 171 248
pottedplant 0.0010 84 224 134 241
train 0.0164 130 229 171 248
train 0.0037 142 230 188 248
tvmonitor 0.0012 135 229 179 249
