bird 0.0052 175 131 312 242
bottle 0.9474 447 310 488 376
bottle 0.5087 175 131 312 242
bottle 0.2314 190 167 258 218
bottle 0.0575 204 167 247 198
bottle 0.0300 212 173 256 208
bottle 0.0201 153 112 330 357
bottle 0.0147 206 215 236 286
bottle 0.0106 211 168 305 222
bottle 0.0100 198 155 244 210
bottle 0.0067 206 183 245 216
bottle 0.0066 202 177 241 249
bottle 0.0053 188 183 258 241
bottle 0.0045 442 274 496 390
bottle 0.0036 221 170 266 196
bottle 0.0023 232 167 254 197
bottle 0.0021 192 163 241 188
bottle 0.0020 187 157 259 276
bottle 0.0018 223 184 265 216
bottle 0.0017 184 165 232 198
bottle 0.0012 216 177 253 248
bottle 0.0011 212 162 255 189
bottle 0.0010 202 172 231 208
bottle 0.0010 232 118 316 275
cat 0.0011 204 167 247 198
chair 0.0032 139 110 313 359
chair 0.0010 175 131 312 242
diningtable 0.0012 211 168 305 222
dog 0.1179 175 131 312 242
dog 0.0061 153 112 330 357
dog 0.0033 204 167 247 198
dog 0.0016 212 173 256 208
dog 0.0014 211 168 305 222
dog 0.0012 193 156 279 208
motorbike 0.0051 150 129 331 368
person 0.9664 150 129 331 368
person 0.0013 171 145 312 298
