aeroplane 0.0026 294 71 483 287
bicycle 0.0546 294 71 483 287
bicycle 0.0247 190 42 378 162
bicycle 0.0149 438 94 502 141
bicycle 0.0044 83 33 260 247
bicycle 0.0030 118 49 299 135
bicycle 0.0030 161 59 237 123
bicycle 0.0019 94 159 223 320
boat 0.0062 438 94 502 141
boat 0.0048 446 109 504 133
boat 0.0028 294 71 483 287
bus 0.0032 299 94 482 293
car 0.0192 294 71 483 287
car 0.0011 190 42 378 162
chair 0.7524 77 83 222 304
chair 0.0067 294 71 483 287
chair 0.0010 106 152 215 317
diningtable 0.0015 294 71 483 287
horse 0.0012 294 71 483 287
motorbike 0.9009 205 49 366 176
motorbike 0.0391 294 71 483 287
motorbike 0.0072 83 33 260 247
motorbike 0.0044 118 49 299 135
motorbike 0.0019 161 59 237 123
person 0.9978 87 34 239 322
person 0.9888 297 81 449 297
person 0.0036 248 36 465 242
person 0.0023 205 49 366 176
person 0.0010 163 50 238 119
sofa 0.0030 294 71 483 287
train 0.0028 294 71 483 287
train 0.0010 190 42 378 162
tvmonitor 0.0131 299 94 482 293
