bird 0.0036 73 62 470 362
boat 0.0011 17 61 433 360
bottle 0.0021 76 56 466 343
bottle 0.0014 454 90 498 232
bus 0.9992 50 54 468 345
bus 0.9924 454 90 498 232
bus 0.0058 47 151 87 212
bus 0.0033 5 178 37 203
bus 0.0030 14 155 84 203
bus 0.0025 31 152 68 208
bus 0.0022 461 151 492 231
bus 0.0019 490 173 500 230
bus 0.0018 38 168 96 218
bus 0.0017 466 179 487 222
bus 0.0016 42 177 83 206
bus 0.0014 0 165 12 218
bus 0.0013 476 181 496 220
bus 0.0011 48 153 119 204
bus 0.0011 63 148 99 209
bus 0.0010 0 149 27 210
car 0.1100 5 178 37 203
car 0.0483 2 174 24 208
car 0.0473 0 165 12 218
car 0.0126 14 183 33 200
car 0.0109 42 177 83 206
car 0.0064 1 177 8 207
car 0.0045 5 180 20 203
car 0.0036 490 173 500 230
car 0.0032 0 185 7 215
car 0.0023 1 168 7 197
car 0.0020 65 184 80 200
car 0.0020 27 184 38 199
car 0.0016 13 164 34 204
car 0.0014 50 168 92 199
car 0.0014 493 199 499 223
car 0.0014 492 190 498 215
car 0.0013 0 142 9 204
car 0.0011 38 177 49 190
car 0.0011 74 184 85 198
car 0.0011 58 179 101 202
car 0.0010 -3 169 34 201
car 0.0010 0 149 27 210
horse 0.0026 17 61 433 360
motorbike 0.0010 0 165 12 218
person 0.0062 17 61 433 360
person 0.0018 27 184 38 199
person 0.0017 38 182 48 198
person 0.0012 74 184 85 198
person 0.0011 45 175 57 190
person 0.0010 38 177 49 190
train 0.0014 5 178 37 203
tvmonitor 0.0011 466 179 487 222
