bicycle 0.0022 80 44 463 331
bicycle 0.0011 492 118 499 184
car 0.9999 61 35 453 313
car 0.0126 493 33 500 58
car 0.0101 492 10 501 64
car 0.0018 452 20 500 53
car 0.0012 492 96 499 189
person 0.0203 488 8 499 191
person 0.0132 157 69 199 99
person 0.0088 493 33 500 58
person 0.0039 492 23 502 66
person 0.0039 492 118 499 184
person 0.0035 148 54 186 108
person 0.0016 138 68 180 100
person 0.0014 142 76 194 108
person 0.0012 493 136 498 169
person 0.0010 493 60 499 186
pottedplant 0.0019 30 44 423 333
