car 0.9999 50 67 453 320
car 0.0099 68 50 141 85
car 0.0089 93 53 130 81
car 0.0025 79 53 120 83
car 0.0017 54 55 126 92
car 0.0015 72 57 108 89
car 0.0010 101 56 137 88
cow 0.0012 72 57 108 89
horse 0.0039 72 57 108 89
motorbike 0.0041 72 57 108 89
motorbike 0.0012 101 56 137 88
person 0.7548 75 58 104 88
person 0.6595 376 62 401 131
person 0.4667 108 52 131 80
person 0.3193 417 68 438 122
person 0.2178 389 67 405 124
person 0.0947 409 71 429 120
person 0.0730 101 56 137 88
person 0.0465 373 66 389 125
person 0.0455 400 69 414 123
person 0.0279 103 61 137 126
person 0.0258 74 57 140 96
person 0.0231 87 58 111 89
person 0.0225 79 53 120 83
person 0.0128 426 72 440 131
person 0.0073 117 48 134 82
person 0.0067 102 46 136 73
person 0.0058 367 57 396 117
person 0.0044 378 59 401 95
person 0.0039 74 61 92 85
person 0.0033 145 45 153 68
person 0.0029 370 84 388 136
person 0.0028 366 70 381 135
person 0.0026 71 66 111 94
person 0.0025 402 78 436 126
person 0.0024 391 86 407 132
person 0.0023 97 63 123 100
person 0.0023 72 69 145 119
person 0.0022 111 50 129 66
person 0.0022 121 54 133 75
person 0.0019 102 57 122 75
person 0.0016 51 49 127 86
person 0.0013 411 70 443 104
person 0.0013 106 72 132 111
person 0.0011 392 65 402 85
person 0.0011 375 73 386 96
person 0.0010 403 81 412 105
person 0.0010 392 80 403 104
