bird 0.0055 158 143 296 207
bird 0.0042 8 148 147 225
bird 0.0032 307 116 411 197
car 0.0016 177 144 294 203
cat 0.0026 7 148 132 231
cat 0.0026 158 143 296 207
cat 0.0012 307 116 411 197
cow 0.0060 165 142 304 208
cow 0.0046 8 148 147 225
cow 0.0034 302 125 414 197
cow 0.0023 442 144 496 188
dog 0.0048 307 116 411 197
dog 0.0048 8 148 147 225
dog 0.0037 165 142 304 208
horse 0.0049 307 116 411 197
horse 0.0047 8 148 147 225
horse 0.0045 165 142 304 208
person 0.0015 8 148 147 225
sheep 0.9561 442 144 496 188
sheep 0.9454 7 148 132 231
sheep 0.5754 165 142 304 208
sheep 0.3972 302 125 414 197
sheep 0.0011 438 157 503 201
train 0.0010 177 144 294 203
train 0.0010 302 125 414 197
