person 0.9704 138 138 294 364
person 0.7838 125 95 234 205
person 0.3829 358 104 399 168
person 0.3414 364 28 455 170
person 0.0400 -53 58 316 397
person 0.0356 136 117 263 238
person 0.0320 359 87 428 158
person 0.0200 245 255 303 363
person 0.0172 329 58 430 165
person 0.0145 77 137 502 381
person 0.0074 141 141 217 208
person 0.0056 378 27 450 103
person 0.0055 -13 40 206 352
person 0.0041 131 120 208 193
person 0.0031 140 131 225 303
person 0.0016 345 87 410 184
person 0.0016 353 6 511 193
person 0.0015 368 57 412 148
person 0.0013 175 235 319 362
person 0.0012 359 42 434 118
person 0.0010 130 88 207 157
