aeroplane 0.9997 130 91 434 266
aeroplane 0.0290 475 108 498 137
aeroplane 0.0093 477 116 494 132
aeroplane 0.0088 477 123 494 135
aeroplane 0.0083 471 101 503 129
aeroplane 0.0051 464 112 519 133
aeroplane 0.0031 478 107 493 124
aeroplane 0.0026 470 120 504 138
aeroplane 0.0021 488 124 500 137
aeroplane 0.0018 486 85 499 144
bicycle 0.0012 373 194 391 237
bicycle 0.0011 112 273 123 292
boat 0.0016 475 98 498 132
bottle 0.0011 113 268 124 291
car 0.0179 41 264 86 289
car 0.0106 56 262 106 291
car 0.0072 475 108 498 137
car 0.0062 477 123 494 135
car 0.0039 477 116 494 132
car 0.0036 47 251 120 294
car 0.0012 488 124 500 137
car 0.0012 113 268 124 291
car 0.0011 47 271 95 294
car 0.0011 49 254 94 283
cow 0.0012 113 268 124 291
motorbike 0.0017 373 194 391 237
motorbike 0.0010 113 268 124 291
person 0.3252 374 192 391 229
person 0.3070 113 268 124 291
person 0.1200 107 266 117 291
person 0.0172 124 268 132 286
person 0.0086 381 196 393 223
person 0.0049 376 185 398 244
person 0.0038 105 268 121 298
person 0.0037 167 205 175 228
person 0.0025 104 268 134 290
person 0.0022 376 204 386 227
person 0.0022 132 269 142 283
person 0.0018 364 201 397 232
person 0.0017 164 200 178 234
person 0.0017 101 245 119 294
person 0.0015 121 261 135 292
person 0.0013 96 245 109 292
person 0.0012 170 206 178 228
person 0.0012 389 185 401 234
sheep 0.0012 475 98 498 132
