aeroplane 0.0020 66 4 513 185
car 0.0026 177 8 483 182
car 0.0010 -36 71 460 454
cat 0.0036 184 164 388 282
cat 0.0019 197 164 324 209
chair 0.0678 110 84 456 376
chair 0.0128 167 149 407 304
chair 0.0022 15 21 484 308
chair 0.0011 285 12 495 208
dog 0.9921 259 12 483 207
dog 0.9770 184 164 388 282
dog 0.0410 116 115 397 294
dog 0.0267 220 162 335 206
dog 0.0049 195 175 291 236
dog 0.0041 125 179 307 281
dog 0.0038 191 72 468 252
dog 0.0027 219 111 444 205
dog 0.0022 35 99 461 429
person 0.9987 5 7 349 458
person 0.0752 15 21 484 308
person 0.0314 109 7 469 181
person 0.0111 162 171 358 278
person 0.0059 133 141 382 320
person 0.0044 91 107 332 365
person 0.0010 284 10 499 179
sofa 0.9636 52 68 441 398
sofa 0.1007 83 6 497 234
sofa 0.0309 154 129 419 286
sofa 0.0018 251 7 490 185
