bicycle 0.0021 378 265 496 360
bird 0.0089 79 21 103 54
bird 0.0055 82 27 100 48
bottle 0.0046 79 21 103 54
bottle 0.0017 82 27 100 48
bottle 0.0012 91 28 105 48
bottle 0.0011 227 66 242 82
cat 0.0065 79 21 103 54
chair 0.2347 378 265 496 360
chair 0.0011 77 21 106 53
dog 0.0013 79 21 103 54
person 0.0220 227 66 242 82
person 0.0125 225 61 243 89
person 0.0023 378 265 496 360
person 0.0021 216 64 252 85
person 0.0013 343 68 358 81
pottedplant 0.3686 79 21 103 54
pottedplant 0.0284 73 5 110 54
pottedplant 0.0223 82 27 100 48
pottedplant 0.0042 91 28 105 48
pottedplant 0.0039 78 27 90 49
pottedplant 0.0027 87 10 109 51
sofa 0.0027 378 265 496 360
tvmonitor 0.0030 77 21 106 53
tvmonitor 0.0017 378 265 496 360
