bird 0.0021 152 99 227 148
bird 0.0020 175 89 233 131
cow 0.0012 182 87 229 113
dog 0.0011 175 89 233 131
sheep 0.9829 20 96 100 158
sheep 0.9562 223 135 322 288
sheep 0.9365 166 92 229 145
sheep 0.4329 117 132 225 262
sheep 0.0929 151 109 224 156
sheep 0.0809 183 89 229 120
sheep 0.0418 162 152 231 256
sheep 0.0028 155 117 202 151
sheep 0.0017 467 -4 503 25
sheep 0.0015 130 101 211 145
sheep 0.0014 188 97 239 132
sheep 0.0014 118 150 212 220
sheep 0.0014 184 151 247 274
sheep 0.0011 211 146 282 278
train 0.0016 16 100 102 163
train 0.0010 117 132 225 262
