bicycle 0.0019 435 332 502 397
bus 0.0360 11 18 418 397
bus 0.0062 59 -4 224 349
car 0.0014 59 -4 224 349
chair 0.0018 435 332 502 397
cow 0.0015 59 -4 224 349
cow 0.0012 -5 269 63 409
diningtable 0.0015 435 332 502 397
diningtable 0.0013 25 108 478 411
horse 0.9991 20 51 484 405
horse 0.0029 106 94 390 372
horse 0.0014 59 -4 224 349
horse 0.0010 185 189 254 259
motorbike 0.0065 435 332 502 397
motorbike 0.0037 11 18 418 397
person 0.9992 60 9 229 400
person 0.9828 441 270 497 385
person 0.9617 377 243 449 403
person 0.5040 221 183 257 242
person 0.1348 480 214 501 314
person 0.0941 202 187 241 262
person 0.0434 445 324 494 396
person 0.0223 449 273 494 344
person 0.0195 184 184 228 269
person 0.0154 11 18 418 397
person 0.0141 207 189 266 254
person 0.0105 434 254 462 320
person 0.0096 476 235 497 286
person 0.0093 491 215 498 305
person 0.0080 475 274 499 372
person 0.0070 387 230 431 304
person 0.0061 490 250 499 328
person 0.0059 440 225 502 348
person 0.0046 377 291 492 390
person 0.0044 490 290 499 385
person 0.0041 477 292 496 347
person 0.0036 367 211 429 364
person 0.0035 416 247 452 322
person 0.0031 426 260 447 316
person 0.0030 379 244 448 318
person 0.0026 235 183 267 236
person 0.0024 492 267 499 351
person 0.0022 220 178 251 216
person 0.0019 375 240 411 327
person 0.0018 395 225 463 350
person 0.0017 414 265 449 378
person 0.0016 489 343 500 410
person 0.0014 216 192 238 231
person 0.0013 479 250 496 309
person 0.0013 435 325 474 394
person 0.0013 184 189 228 216
person 0.0013 475 356 499 397
person 0.0013 442 258 498 316
person 0.0012 479 308 496 366
person 0.0012 456 227 495 303
person 0.0012 477 321 501 400
person 0.0012 207 187 247 220
person 0.0010 419 241 486 377
person 0.0010 493 344 498 370
sheep 0.0021 59 -4 224 349
