bird 0.0019 104 3 247 215
boat 0.0010 250 16 446 247
bottle 0.0017 104 3 247 215
car 0.0010 108 60 241 223
chair 0.0544 169 201 337 418
chair 0.0015 108 60 241 223
chair 0.0010 250 16 446 247
diningtable 0.0012 104 3 247 215
dog 0.9993 167 173 342 384
person 0.0093 189 156 355 374
person 0.0011 104 3 247 215
pottedplant 0.9997 241 26 406 233
pottedplant 0.9386 102 27 249 234
pottedplant 0.0696 126 118 260 230
pottedplant 0.0060 113 12 240 113
pottedplant 0.0031 185 4 314 108
pottedplant 0.0028 279 1 530 58
pottedplant 0.0023 146 1 349 57
pottedplant 0.0020 231 9 317 200
pottedplant 0.0018 222 -11 423 156
pottedplant 0.0016 116 30 282 160
