bird 0.0017 81 32 462 316
boat 0.0013 472 123 497 166
bottle 0.0044 81 32 462 316
bus 0.9990 41 34 462 312
bus 0.0336 452 113 493 172
bus 0.0234 470 109 500 168
bus 0.0052 467 137 503 166
bus 0.0015 419 117 451 196
bus 0.0015 468 124 488 167
bus 0.0014 467 120 504 153
bus 0.0012 438 105 471 181
bus 0.0010 459 127 498 163
car 0.0025 493 153 498 172
car 0.0018 470 146 482 163
car 0.0010 460 137 496 167
car 0.0010 492 146 498 165
horse 0.0102 81 32 462 316
person 0.0180 493 153 498 172
person 0.0048 471 154 481 168
person 0.0035 6 8 445 307
person 0.0026 254 138 273 188
person 0.0022 453 153 459 171
person 0.0014 492 146 498 165
person 0.0013 479 155 491 167
person 0.0012 461 154 469 169
person 0.0011 470 146 482 163
person 0.0010 453 144 460 166
train 0.0029 467 126 504 162
train 0.0018 460 137 496 167
train 0.0012 443 117 500 168
tvmonitor 0.0026 472 123 497 166
