bicycle 0.0014 -1 169 14 212
boat 0.0022 138 84 490 267
bus 0.0010 -1 169 14 212
car 0.1244 -1 169 14 212
car 0.0094 4 170 20 212
car 0.0049 0 177 10 205
car 0.0024 -11 175 19 206
car 0.0016 0 169 8 196
car 0.0011 -1 146 8 204
cat 0.0068 138 84 490 267
horse 0.0012 -1 169 14 212
motorbike 0.0097 -1 169 14 212
motorbike 0.0010 4 170 20 212
person 0.8100 23 164 41 205
person 0.0837 19 161 34 207
person 0.0550 -1 159 11 209
person 0.0394 34 168 47 209
person 0.0354 45 167 60 211
person 0.0274 54 169 67 210
person 0.0220 4 170 20 212
person 0.0102 76 182 84 203
person 0.0097 57 170 66 197
person 0.0072 63 164 78 203
person 0.0067 38 175 45 205
person 0.0053 28 173 38 206
person 0.0032 48 176 57 203
person 0.0027 0 169 8 196
person 0.0020 0 177 10 205
person 0.0020 1 153 25 212
person 0.0020 6 189 17 209
person 0.0019 25 167 39 181
person 0.0019 20 167 31 195
person 0.0018 32 155 57 210
person 0.0017 66 170 75 195
person 0.0016 48 169 58 195
person 0.0016 21 165 31 183
person 0.0014 8 164 41 202
person 0.0014 70 187 98 246
person 0.0013 67 179 76 201
person 0.0012 81 212 100 245
person 0.0011 26 175 41 220
person 0.0010 85 220 96 240
person 0.0010 20 176 29 204
sheep 0.0053 138 84 490 267
train 0.9990 97 80 474 266
train 0.0011 73 179 172 221
train 0.0010 133 125 438 239
