bus 0.9999 65 48 455 329
bus 0.8977 10 152 69 268
bus 0.0070 0 170 25 252
bus 0.0018 -3 177 50 202
bus 0.0017 58 124 121 270
bus 0.0014 57 189 71 230
bus 0.0013 0 184 10 234
bus 0.0010 0 187 48 211
car 0.0025 0 222 8 293
car 0.0020 1 186 6 213
car 0.0014 1 205 7 230
car 0.0012 1 167 7 195
car 0.0011 61 209 68 227
car 0.0010 1 176 6 204
car 0.0010 60 200 67 221
person 0.6444 467 221 485 290
person 0.5229 454 222 480 285
person 0.2835 447 221 462 290
person 0.0303 442 220 455 278
person 0.0279 476 229 491 282
person 0.0087 112 217 125 235
person 0.0071 491 217 500 279
person 0.0042 0 227 7 306
person 0.0032 105 211 117 231
person 0.0031 430 223 445 270
person 0.0029 347 219 370 255
person 0.0021 29 212 37 226
person 0.0019 102 208 121 234
person 0.0017 113 60 435 320
person 0.0016 110 211 126 240
person 0.0014 19 212 29 225
person 0.0014 427 219 452 284
person 0.0013 345 220 392 254
person 0.0013 493 231 498 263
person 0.0011 45 176 61 185
person 0.0011 123 218 134 235
person 0.0010 299 200 322 240
person 0.0010 420 219 437 258
person 0.0010 0 220 9 276
person 0.0010 321 209 341 247
person 0.0010 349 215 389 242
