aeroplane 0.9997 254 6 494 269
aeroplane 0.0127 272 164 312 182
aeroplane 0.0017 273 166 294 180
bicycle 0.0014 2 155 20 197
bicycle 0.0012 1 151 13 203
bus 0.0027 203 152 247 172
car 0.0625 268 163 303 181
car 0.0620 273 166 294 180
car 0.0287 203 152 247 172
car 0.0125 282 168 301 179
car 0.0087 270 168 315 185
car 0.0068 210 162 222 176
car 0.0067 227 148 290 212
car 0.0033 216 157 234 168
car 0.0032 207 158 227 168
car 0.0025 291 173 311 182
car 0.0023 269 164 281 179
car 0.0020 225 155 242 167
car 0.0017 255 159 298 183
car 0.0013 198 158 237 179
car 0.0010 218 162 231 175
cow 0.0029 1 145 13 199
horse 0.0043 1 145 13 199
horse 0.0028 225 155 288 227
horse 0.0020 3 150 20 194
motorbike 0.0034 225 155 288 227
motorbike 0.0030 2 155 20 197
motorbike 0.0019 1 151 13 203
person 0.9980 165 139 211 263
person 0.9894 234 143 279 235
person 0.9410 3 150 20 194
person 0.5412 1 145 13 199
person 0.0337 145 159 154 176
person 0.0074 14 152 26 190
person 0.0059 229 144 263 218
person 0.0057 2 152 10 191
person 0.0035 17 158 25 181
person 0.0030 210 162 222 176
person 0.0029 459 227 469 245
person 0.0023 8 153 19 172
person 0.0022 -14 153 24 191
person 0.0018 18 154 24 172
person 0.0016 143 155 155 183
person 0.0016 46 160 53 182
person 0.0015 42 151 48 169
person 0.0014 202 164 211 178
person 0.0014 224 150 244 190
person 0.0013 273 166 294 180
person 0.0012 6 163 17 191
person 0.0010 248 144 260 158
train 0.0018 203 152 247 172
