car 0.0024 293 131 357 197
cow 0.0130 301 130 365 205
dog 0.0013 300 130 363 200
sheep 0.9953 301 130 365 205
sheep 0.9153 69 89 90 114
sheep 0.7942 120 95 154 131
sheep 0.3628 41 79 64 105
sheep 0.2996 50 82 70 109
sheep 0.2163 152 98 185 141
sheep 0.1382 36 78 54 104
sheep 0.1181 37 76 51 95
sheep 0.0137 54 82 89 112
sheep 0.0107 44 79 59 94
sheep 0.0038 0 90 9 137
sheep 0.0027 126 102 150 127
sheep 0.0026 0 99 7 128
sheep 0.0024 30 78 58 97
sheep 0.0023 54 81 66 91
sheep 0.0017 67 72 76 79
sheep 0.0014 67 92 80 111
train 0.0019 294 131 356 204
