aeroplane 0.0091 389 155 448 175
aeroplane 0.0033 372 156 428 175
aeroplane 0.0026 465 146 490 182
aeroplane 0.0011 390 170 447 195
bicycle 0.0064 282 155 459 212
boat 0.9595 285 163 450 225
boat 0.9582 77 176 268 246
boat 0.9060 128 119 292 205
boat 0.1332 82 203 260 262
boat 0.0901 141 154 270 200
boat 0.0471 173 103 312 189
boat 0.0334 320 158 456 200
boat 0.0184 209 118 300 176
boat 0.0120 356 150 469 182
boat 0.0119 465 146 490 182
boat 0.0108 295 147 456 187
boat 0.0098 389 155 448 175
boat 0.0079 115 243 245 273
boat 0.0070 457 131 492 184
boat 0.0070 372 156 428 175
boat 0.0066 274 163 405 203
boat 0.0051 68 100 291 238
boat 0.0051 86 191 210 237
boat 0.0048 390 170 447 195
boat 0.0046 108 200 284 236
boat 0.0031 378 156 478 193
boat 0.0027 318 230 380 250
boat 0.0027 323 165 379 184
boat 0.0021 377 158 438 187
boat 0.0018 136 251 202 271
boat 0.0015 403 152 448 192
boat 0.0014 310 173 371 192
boat 0.0014 386 178 450 203
boat 0.0013 287 220 462 246
boat 0.0013 372 169 429 194
boat 0.0011 397 143 505 178
boat 0.0010 292 172 352 195
