cow 0.0024 230 145 294 184
sheep 0.8825 162 123 186 147
sheep 0.6840 228 149 290 188
sheep 0.1588 223 157 251 187
sheep 0.0318 220 159 270 193
sheep 0.0228 255 138 295 187
sheep 0.0168 326 143 335 154
sheep 0.0108 223 143 266 183
sheep 0.0097 327 139 334 148
sheep 0.0095 228 148 242 159
sheep 0.0076 318 144 329 154
sheep 0.0052 271 148 294 188
sheep 0.0029 260 141 302 168
sheep 0.0024 281 144 300 181
sheep 0.0019 239 164 287 189
sheep 0.0019 249 125 259 135
sheep 0.0017 241 124 249 136
sheep 0.0014 248 153 277 187
sheep 0.0011 319 139 328 147
