bottle 0.0016 129 84 421 242
bus 0.9992 113 81 434 228
bus 0.0289 32 134 76 163
bus 0.0122 70 136 132 169
bus 0.0033 2 85 24 182
bus 0.0024 9 95 40 171
bus 0.0022 35 145 86 162
car 0.5321 67 142 135 170
car 0.0930 32 134 76 163
car 0.0411 35 145 86 162
car 0.0279 56 145 110 167
car 0.0137 34 150 51 160
car 0.0051 51 149 72 159
car 0.0041 39 150 64 159
car 0.0036 16 149 31 162
car 0.0033 26 151 38 161
car 0.0032 45 138 98 160
car 0.0027 21 147 69 162
car 0.0020 8 145 41 166
car 0.0019 54 142 70 154
car 0.0012 65 150 120 175
car 0.0010 13 141 34 171
horse 0.0034 129 84 421 242
person 0.0031 1 109 8 186
person 0.0011 2 85 24 182
train 0.0076 32 134 76 163
train 0.0010 67 142 135 170
