bottle 0.0028 128 300 156 368
bottle 0.0015 73 204 114 230
bottle 0.0014 27 270 130 318
bottle 0.0013 84 217 104 230
bottle 0.0012 96 264 136 331
bottle 0.0011 78 271 155 327
chair 0.0243 73 189 115 248
chair 0.0096 28 271 98 316
chair 0.0038 33 268 62 319
chair 0.0018 69 149 243 381
chair 0.0011 31 259 128 308
chair 0.0010 70 194 157 248
cow 0.0010 73 189 115 248
diningtable 0.8159 27 323 147 425
diningtable 0.0282 27 270 130 318
diningtable 0.0239 57 204 227 425
diningtable 0.0114 21 327 112 377
diningtable 0.0097 16 317 143 364
diningtable 0.0041 31 362 160 413
diningtable 0.0027 31 293 216 448
horse 0.0012 69 149 243 381
person 0.9991 80 168 230 429
person 0.0464 77 203 203 363
person 0.0017 27 270 130 318
person 0.0012 78 271 155 327
