bicycle 0.0039 -10 -29 304 330
bird 0.0038 261 206 356 496
boat 0.0013 0 339 366 509
bottle 0.8929 262 189 356 486
bottle 0.0162 279 201 347 397
bus 0.0015 -10 -29 304 330
car 0.0014 -10 -29 304 330
cat 0.0011 -10 -29 304 330
chair 0.0153 -23 83 325 403
diningtable 0.9992 0 310 366 502
diningtable 0.0014 -10 -29 304 330
dog 0.0012 -10 -29 304 330
horse 0.0061 -10 -29 304 330
horse 0.0029 261 206 356 496
motorbike 0.0017 -10 -29 304 330
person 0.9999 -5 11 298 355
person 0.0277 262 189 356 486
sheep 0.0027 -10 -29 304 330
sofa 0.0040 -23 83 325 403
