bicycle 0.0091 294 123 330 165
car 0.1930 289 114 337 164
car 0.1195 266 122 303 147
car 0.0185 251 114 311 160
car 0.0074 198 140 286 276
car 0.0060 226 116 291 161
car 0.0054 268 126 315 157
car 0.0053 279 122 327 150
car 0.0053 231 113 278 136
car 0.0047 242 123 288 144
car 0.0046 299 110 343 143
car 0.0033 323 100 335 114
car 0.0032 293 123 314 164
car 0.0025 270 126 294 141
car 0.0024 262 115 307 141
car 0.0020 299 121 324 166
car 0.0016 114 124 182 201
car 0.0016 311 112 333 156
car 0.0014 241 114 274 165
car 0.0013 229 102 279 130
car 0.0011 292 133 332 168
car 0.0010 229 111 243 122
car 0.0010 206 125 275 191
cow 0.0015 459 87 471 104
horse 0.0036 294 110 335 164
horse 0.0015 201 115 278 249
motorbike 0.9743 200 128 281 262
motorbike 0.9563 392 137 500 377
motorbike 0.8543 294 110 335 164
motorbike 0.0126 285 111 319 163
motorbike 0.0053 299 121 324 166
motorbike 0.0046 264 114 299 161
motorbike 0.0024 293 123 314 164
motorbike 0.0023 292 133 332 168
motorbike 0.0016 206 125 275 191
motorbike 0.0013 191 141 261 211
person 0.9953 127 116 168 226
person 0.0452 201 115 278 249
person 0.0403 223 120 243 168
person 0.0197 227 114 259 171
person 0.0162 114 124 182 201
person 0.0104 359 86 368 100
person 0.0065 323 100 335 114
person 0.0061 428 78 439 92
person 0.0057 296 99 334 154
person 0.0049 459 87 471 104
person 0.0046 392 89 402 106
person 0.0039 320 97 337 131
person 0.0036 388 97 501 377
person 0.0031 313 106 334 147
person 0.0025 299 110 343 143
person 0.0023 241 114 274 165
person 0.0023 299 121 324 166
person 0.0019 323 104 335 121
person 0.0018 218 127 236 176
person 0.0017 319 106 329 121
person 0.0015 206 125 275 191
person 0.0012 185 127 218 191
person 0.0010 184 151 207 194
person 0.0010 212 116 272 167
