bird 0.0039 74 64 471 307
bottle 0.0511 86 58 458 283
bus 0.9992 48 54 476 288
bus 0.0907 13 151 71 194
bus 0.0221 490 161 500 218
bus 0.0029 478 165 497 211
bus 0.0021 34 163 67 199
bus 0.0014 492 178 498 204
bus 0.0014 17 151 69 172
bus 0.0010 493 185 499 212
car 0.1639 3 166 42 197
car 0.0986 490 161 500 218
car 0.0690 13 151 71 194
car 0.0386 493 185 499 212
car 0.0374 2 170 25 201
car 0.0369 36 172 67 201
car 0.0197 492 178 498 204
car 0.0099 478 165 497 211
car 0.0051 11 175 54 197
car 0.0039 1 155 13 206
car 0.0028 493 176 500 236
car 0.0028 9 172 34 199
car 0.0019 17 151 69 172
car 0.0017 494 193 499 220
car 0.0017 492 169 498 193
car 0.0013 1 174 8 202
car 0.0012 483 180 492 198
car 0.0011 469 172 503 205
car 0.0011 43 179 64 195
horse 0.0074 39 24 481 260
motorbike 0.0015 491 173 501 222
motorbike 0.0012 2 170 25 201
person 0.0038 493 185 499 212
person 0.0032 1 56 450 286
person 0.0025 491 173 501 222
person 0.0014 492 178 498 204
train 0.0045 490 161 500 218
train 0.0016 16 155 69 188
train 0.0011 17 151 69 172
