bottle 0.0013 170 161 188 178
chair 0.3561 246 161 286 216
chair 0.0052 243 159 284 187
chair 0.0024 2 83 41 150
chair 0.0020 243 158 266 202
chair 0.0018 16 174 221 289
chair 0.0015 -1 76 23 157
chair 0.0014 260 162 287 199
cow 0.0011 246 161 286 216
diningtable 0.0033 246 161 286 216
pottedplant 0.0229 160 158 196 182
pottedplant 0.0135 163 153 199 201
pottedplant 0.0051 170 161 188 178
pottedplant 0.0027 155 165 201 190
pottedplant 0.0013 174 157 193 185
pottedplant 0.0013 171 157 185 170
pottedplant 0.0012 177 162 191 179
sofa 0.9972 10 169 195 295
sofa 0.0056 3 276 60 332
sofa 0.0013 245 160 284 199
tvmonitor 0.0010 353 136 392 165
