bus 0.0033 -25 93 268 457
bus 0.0017 173 -17 285 242
car 0.0099 257 -11 362 235
car 0.0099 173 -17 285 242
car 0.0079 -25 93 268 457
horse 0.0023 265 -8 364 262
horse 0.0015 -25 93 268 457
horse 0.0012 173 -17 285 242
motorbike 0.9990 39 104 263 443
motorbike 0.0017 173 -17 285 242
person 0.9904 171 -11 286 268
person 0.9660 4 5 69 277
person 0.6910 143 0 177 53
person 0.5430 291 -13 370 265
person 0.2151 262 -12 327 262
person 0.0394 59 55 244 385
person 0.0136 139 11 154 54
person 0.0090 250 -5 303 224
person 0.0083 143 7 163 55
person 0.0068 162 -6 181 55
person 0.0018 263 48 289 160
person 0.0013 162 0 230 54
train 0.0089 -25 93 268 457
