bird 0.0057 285 147 297 165
bird 0.0026 343 143 357 163
bird 0.0020 315 146 326 165
bird 0.0019 279 147 293 163
bottle 0.7645 305 155 319 207
bottle 0.6842 341 147 362 200
bottle 0.6269 341 142 359 166
bottle 0.4876 285 152 299 210
bottle 0.4746 315 146 326 165
bottle 0.3703 313 144 328 205
bottle 0.3534 276 155 290 210
bottle 0.3186 296 157 310 208
bottle 0.2759 285 147 297 165
bottle 0.2133 324 152 338 209
bottle 0.1231 269 157 283 210
bottle 0.1055 282 142 298 186
bottle 0.1029 331 155 350 205
bottle 0.0929 349 152 366 206
bottle 0.0718 336 143 349 162
bottle 0.0634 272 161 294 226
bottle 0.0586 309 146 319 163
bottle 0.0526 343 137 356 156
bottle 0.0388 335 140 353 166
bottle 0.0351 279 147 293 163
bottle 0.0225 336 137 349 154
bottle 0.0200 354 145 362 165
bottle 0.0163 336 146 367 180
bottle 0.0154 327 144 334 163
bottle 0.0153 277 147 306 166
bottle 0.0134 308 145 336 167
bottle 0.0083 280 159 305 219
bottle 0.0077 307 165 316 199
bottle 0.0072 339 157 364 222
bottle 0.0069 334 136 366 159
bottle 0.0060 344 150 358 170
bottle 0.0056 298 147 305 163
bottle 0.0056 308 139 322 190
bottle 0.0050 350 140 364 171
bottle 0.0049 268 173 292 248
bottle 0.0045 308 143 323 167
bottle 0.0045 298 161 327 205
bottle 0.0038 281 151 291 170
bottle 0.0035 353 151 363 173
bottle 0.0035 279 167 287 197
bottle 0.0030 310 153 318 169
bottle 0.0030 299 167 306 199
bottle 0.0028 336 129 348 142
bottle 0.0028 306 154 368 200
bottle 0.0026 361 146 373 201
bottle 0.0025 288 161 318 205
bottle 0.0025 267 164 281 232
bottle 0.0023 271 168 280 198
bottle 0.0023 288 165 296 198
bottle 0.0019 343 129 354 144
bottle 0.0017 275 149 308 178
bottle 0.0015 298 154 304 171
bottle 0.0014 323 139 336 191
bottle 0.0014 341 143 375 168
bottle 0.0010 278 175 286 206
bottle 0.0010 288 156 346 202
car 0.0014 388 11 442 69
cat 0.0012 285 147 297 165
cat 0.0011 341 142 359 166
chair 0.0020 479 41 496 89
chair 0.0019 315 146 326 165
chair 0.0016 335 143 365 165
chair 0.0015 341 141 362 185
chair 0.0014 343 143 357 163
chair 0.0013 285 147 297 165
chair 0.0013 340 152 361 206
chair 0.0012 488 34 499 97
cow 0.0054 166 88 264 271
diningtable 0.0040 335 143 365 165
diningtable 0.0012 306 154 368 200
dog 0.5977 156 84 278 290
dog 0.0024 335 143 365 165
dog 0.0011 285 147 297 165
person 0.8461 398 12 435 69
person 0.0706 403 12 430 50
person 0.0677 400 16 421 60
person 0.0044 414 15 436 60
person 0.0032 387 9 446 54
person 0.0015 335 143 365 165
person 0.0014 385 14 416 72
pottedplant 0.0035 285 147 297 165
pottedplant 0.0018 315 146 326 165
pottedplant 0.0012 488 34 499 97
pottedplant 0.0012 478 38 496 80
