aeroplane 0.9998 3 42 500 293
aeroplane 0.0030 83 105 415 284
aeroplane 0.0029 -6 123 38 146
car 0.0011 205 126 276 183
person 0.9312 211 113 269 272
person 0.1068 254 125 288 182
person 0.0284 226 123 289 237
person 0.0214 224 127 258 259
person 0.0159 246 128 282 217
person 0.0086 205 126 276 183
person 0.0082 272 119 290 166
person 0.0067 243 134 287 168
person 0.0057 185 143 225 176
person 0.0046 199 125 233 181
person 0.0036 243 125 267 161
person 0.0024 252 131 275 171
person 0.0019 229 119 292 167
person 0.0019 245 157 277 262
person 0.0013 246 136 263 185
person 0.0012 206 124 227 160
person 0.0012 222 120 268 146
person 0.0011 179 135 218 169
