bottle 0.0019 155 239 202 260
bottle 0.0010 178 242 194 255
chair 0.4684 40 237 449 306
chair 0.0328 182 237 303 296
chair 0.0015 194 181 257 203
chair 0.0013 0 149 9 216
diningtable 0.9506 11 234 426 300
diningtable 0.0404 27 256 470 312
diningtable 0.0033 45 206 382 270
dog 0.0011 -7 255 98 298
person 0.0013 54 55 144 208
pottedplant 0.9885 265 81 326 207
pottedplant 0.5145 54 55 144 208
pottedplant 0.5139 321 68 376 211
pottedplant 0.2483 4 149 63 204
pottedplant 0.0525 321 135 362 206
pottedplant 0.0173 -1 167 10 213
pottedplant 0.0112 271 149 315 204
pottedplant 0.0097 268 69 368 219
pottedplant 0.0086 309 117 374 197
pottedplant 0.0042 353 19 469 261
pottedplant 0.0039 20 148 114 205
pottedplant 0.0026 264 164 330 213
pottedplant 0.0020 2 135 84 196
pottedplant 0.0018 44 40 198 233
pottedplant 0.0016 0 139 8 207
pottedplant 0.0016 3 160 84 216
pottedplant 0.0016 0 175 8 207
pottedplant 0.0015 155 239 202 260
pottedplant 0.0013 322 71 360 170
pottedplant 0.0011 -32 141 81 218
pottedplant 0.0011 0 143 24 213
pottedplant 0.0010 309 42 372 169
tvmonitor 0.0021 -1 167 10 213
