bicycle 0.0024 64 35 483 312
car 0.9994 32 20 469 298
car 0.9991 -5 87 179 202
car 0.0036 -3 56 343 235
car 0.0030 0 66 26 135
car 0.0023 -3 128 147 215
car 0.0023 -3 80 57 125
car 0.0016 9 74 238 167
car 0.0013 32 132 222 220
car 0.0012 -6 89 37 122
car 0.0012 38 5 131 43
car 0.0011 -2 82 45 107
motorbike 0.0017 64 35 483 312
person 0.8431 13 44 31 92
person 0.4565 7 45 24 91
person 0.0762 1 40 12 96
person 0.0332 24 42 36 95
person 0.0170 1 35 28 96
person 0.0122 201 108 273 161
person 0.0100 1 59 8 91
person 0.0035 105 46 113 65
person 0.0020 0 56 10 112
person 0.0019 16 51 29 80
person 0.0018 27 53 35 79
person 0.0011 9 51 20 82
