car 0.0047 207 -1 270 9
car 0.0033 228 0 287 10
car 0.0024 236 0 261 6
car 0.0024 217 0 282 22
car 0.0022 244 0 271 6
car 0.0012 226 0 252 6
cat 0.0015 127 252 334 383
chair 0.9982 121 236 338 396
chair 0.6495 214 158 332 254
chair 0.4598 276 119 331 169
chair 0.4386 254 135 330 194
chair 0.2887 182 194 327 288
chair 0.1923 233 139 337 225
chair 0.0149 188 194 323 240
chair 0.0143 273 127 326 152
chair 0.0047 270 148 336 212
chair 0.0030 276 117 333 145
chair 0.0028 163 172 341 334
chair 0.0021 187 240 315 282
chair 0.0020 277 49 333 159
chair 0.0013 179 250 290 305
chair 0.0011 269 141 326 170
chair 0.0010 271 95 327 161
diningtable 0.0033 274 125 334 154
person 0.0018 102 218 338 383
person 0.0010 274 125 334 154
pottedplant 0.0014 274 125 334 154
sofa 0.0025 274 125 334 154
tvmonitor 0.0042 274 125 334 154
