bicycle 0.0037 -3 53 68 300
bird 0.0014 349 143 389 177
bird 0.0010 335 139 377 207
bottle 0.9718 150 234 188 340
bottle 0.0155 150 225 183 290
bottle 0.0111 301 104 332 174
bottle 0.0083 335 139 377 207
bottle 0.0059 135 249 198 327
bottle 0.0035 349 143 389 177
bottle 0.0031 319 140 363 205
bottle 0.0022 340 128 378 158
bottle 0.0013 323 17 486 229
bottle 0.0010 1 76 7 146
cat 0.0014 349 143 389 177
chair 0.9974 322 39 491 244
chair 0.0596 -3 53 68 300
chair 0.0014 138 80 215 198
diningtable 0.0013 -3 53 68 300
diningtable 0.0010 323 17 486 229
dog 0.0035 335 139 377 207
dog 0.0020 349 143 389 177
person 0.0024 332 34 515 249
person 0.0010 323 139 385 207
pottedplant 0.0031 -3 53 68 300
pottedplant 0.0012 138 80 215 198
tvmonitor 0.0019 332 34 515 249
