bird 0.9999 83 15 349 358
bird 0.1241 467 72 498 281
bird 0.0590 470 122 499 423
bird 0.0573 448 -5 502 281
bird 0.0336 448 105 501 438
bird 0.0069 473 -67 499 268
bird 0.0058 459 135 496 252
bird 0.0032 482 150 496 395
bird 0.0032 481 31 497 247
bottle 0.0011 74 49 393 367
bottle 0.0010 470 122 499 423
bus 0.0012 74 49 393 367
car 0.0025 74 4 392 327
cat 0.0224 74 4 392 327
cow 0.0015 74 4 392 327
dog 0.0149 57 0 375 332
horse 0.0013 74 4 392 327
pottedplant 0.0020 74 4 392 327
sheep 0.0020 74 4 392 327
