bus 0.9988 164 90 348 253
bus 0.9663 8 80 128 208
bus 0.0033 0 97 9 154
bus 0.0013 0 83 24 156
car 0.0649 266 62 300 92
car 0.0307 236 79 253 91
car 0.0111 166 85 343 242
car 0.0044 1 117 6 151
car 0.0044 265 68 286 98
car 0.0041 0 108 8 158
car 0.0032 268 67 282 88
car 0.0029 273 68 291 87
car 0.0020 249 60 308 96
car 0.0019 285 69 299 85
car 0.0018 492 129 502 197
car 0.0018 273 75 289 92
car 0.0016 271 71 313 95
car 0.0015 -1 82 9 149
car 0.0012 227 77 262 94
car 0.0011 230 80 242 89
car 0.0010 243 63 287 91
person 0.0186 42 41 59 89
person 0.0148 34 43 54 88
person 0.0032 1 117 6 151
person 0.0028 50 41 69 75
person 0.0019 32 109 53 143
person 0.0018 0 108 8 158
person 0.0011 37 48 50 66
person 0.0011 317 172 326 190
person 0.0010 45 47 59 67
person 0.0010 35 122 48 142
person 0.0010 54 46 67 65
person 0.0010 285 150 301 192
person 0.0010 33 46 71 84
tvmonitor 0.0010 -1 82 9 149
