boat 0.9999 -10 5 181 392
boat 0.0966 191 317 280 357
boat 0.0480 258 319 277 359
boat 0.0216 259 342 275 354
boat 0.0136 226 324 270 356
boat 0.0092 212 320 265 346
boat 0.0085 235 338 282 357
boat 0.0050 267 308 284 355
boat 0.0050 248 322 270 357
boat 0.0038 275 310 295 354
boat 0.0035 236 315 277 349
boat 0.0032 205 327 257 354
boat 0.0031 267 343 282 354
boat 0.0025 263 331 273 351
boat 0.0015 258 305 276 342
boat 0.0014 190 299 283 346
boat 0.0013 254 339 297 356
boat 0.0012 225 313 272 334
boat 0.0012 249 344 267 353
boat 0.0011 258 314 295 350
boat 0.0011 225 290 274 312
boat 0.0010 209 277 292 317
horse 0.0010 5 309 26 349
motorbike 0.0010 5 309 26 349
person 0.3948 5 309 26 349
person 0.0646 23 304 59 352
person 0.0476 0 249 11 295
person 0.0163 43 308 67 352
person 0.0109 2 258 9 286
person 0.0107 6 310 48 350
person 0.0048 -3 246 8 300
person 0.0023 -3 324 40 350
person 0.0021 9 316 23 341
person 0.0019 0 230 13 282
person 0.0014 7 309 24 334
person 0.0014 52 307 73 354
person 0.0013 16 304 37 344
person 0.0012 27 302 66 328
person 0.0011 5 315 16 343
train 0.0014 258 319 277 359
