bird 0.0016 175 103 353 270
bird 0.0013 341 100 454 213
cat 0.0015 341 100 454 213
cow 0.0059 191 110 338 262
cow 0.0047 341 100 454 213
cow 0.0043 439 116 504 257
cow 0.0028 15 135 205 273
dog 0.0021 18 96 235 268
dog 0.0012 190 101 365 259
horse 0.0042 197 101 357 257
horse 0.0022 341 100 454 213
horse 0.0013 18 96 235 268
person 0.0055 341 100 454 213
person 0.0015 18 96 235 268
person 0.0012 188 100 341 255
sheep 0.9989 21 123 231 274
sheep 0.9956 437 112 505 232
sheep 0.9932 191 106 368 268
sheep 0.6013 350 110 436 194
sheep 0.0065 380 107 491 216
sheep 0.0017 466 121 500 224
sheep 0.0011 246 109 393 229
train 0.0014 341 100 454 213
