aeroplane 0.0015 122 329 281 371
bicycle 0.0011 122 329 281 371
car 0.0010 152 63 210 134
cat 0.0072 122 329 281 371
chair 0.0070 310 142 332 185
chair 0.0063 448 142 465 183
chair 0.0061 321 142 340 184
chair 0.0046 477 173 498 259
chair 0.0041 0 285 21 374
chair 0.0038 453 179 499 256
chair 0.0033 300 131 336 187
chair 0.0027 0 304 8 389
chair 0.0022 491 173 499 268
chair 0.0013 3 294 46 366
chair 0.0013 302 143 325 182
chair 0.0012 439 173 496 293
chair 0.0011 388 188 475 254
cow 0.0016 122 329 281 371
dog 0.0587 122 329 281 371
dog 0.0010 124 344 279 384
person 0.9988 258 41 333 188
person 0.9947 325 59 399 172
person 0.9818 195 57 258 139
person 0.9805 157 61 205 136
person 0.7603 311 145 413 379
person 0.6575 77 35 134 315
person 0.2406 83 49 172 327
person 0.0117 130 67 191 323
person 0.0079 153 58 211 217
person 0.0061 263 51 330 121
person 0.0059 199 59 269 213
person 0.0056 148 61 185 135
person 0.0035 151 100 212 291
person 0.0024 129 61 170 94
person 0.0021 165 66 191 106
person 0.0019 34 254 152 362
person 0.0019 137 68 176 103
person 0.0018 98 44 125 87
person 0.0016 4 244 87 377
person 0.0015 307 134 426 235
person 0.0014 175 64 213 132
person 0.0011 163 85 199 191
person 0.0010 118 57 176 106
person 0.0010 0 304 8 389
pottedplant 0.0019 321 142 340 184
pottedplant 0.0017 310 142 332 185
tvmonitor 0.9825 385 132 443 189
tvmonitor 0.0754 437 129 469 186
tvmonitor 0.0266 210 137 243 208
tvmonitor 0.0162 332 65 403 198
tvmonitor 0.0138 310 142 332 185
tvmonitor 0.0109 263 60 331 201
tvmonitor 0.0085 265 135 330 183
tvmonitor 0.0079 159 112 239 241
tvmonitor 0.0072 321 142 340 184
tvmonitor 0.0070 300 131 336 187
tvmonitor 0.0045 302 143 325 182
tvmonitor 0.0041 477 173 498 259
tvmonitor 0.0039 336 129 413 185
tvmonitor 0.0030 351 114 444 186
tvmonitor 0.0030 195 57 258 139
tvmonitor 0.0029 357 127 396 188
tvmonitor 0.0022 164 116 203 204
tvmonitor 0.0021 387 132 487 236
tvmonitor 0.0020 448 142 465 183
tvmonitor 0.0018 212 144 306 204
tvmonitor 0.0016 264 145 300 178
tvmonitor 0.0014 151 100 212 291
tvmonitor 0.0014 379 134 414 185
tvmonitor 0.0013 158 133 237 195
tvmonitor 0.0012 203 135 274 194
tvmonitor 0.0011 453 179 499 256
tvmonitor 0.0010 283 145 301 180
