bird 0.0011 163 -10 463 126
bus 0.9626 138 0 453 112
bus 0.0097 36 19 447 260
bus 0.0035 103 42 400 127
bus 0.0020 66 8 360 93
bus 0.0011 -5 24 183 167
car 0.9963 -4 34 173 149
car 0.0787 165 5 226 29
car 0.0448 8 28 432 251
car 0.0409 147 1 255 35
car 0.0177 155 6 203 28
car 0.0152 5 43 338 136
car 0.0108 157 -2 279 24
car 0.0077 181 0 229 22
car 0.0052 167 0 461 111
car 0.0032 162 2 212 21
car 0.0027 161 10 214 40
car 0.0015 198 -2 253 19
car 0.0014 25 17 328 98
car 0.0010 144 24 191 48
car 0.0010 143 13 193 39
motorbike 0.9997 38 50 441 260
person 0.0038 72 30 416 253
train 0.0048 8 28 432 251
