bottle 0.0012 234 130 252 174
motorbike 0.0031 181 5 293 280
person 0.9977 289 142 351 296
person 0.9842 174 25 278 313
person 0.0135 298 167 338 287
person 0.0126 231 48 295 185
person 0.0114 254 109 294 172
person 0.0088 318 150 350 277
person 0.0062 242 122 309 177
person 0.0026 319 149 357 204
person 0.0019 353 96 390 125
person 0.0017 283 144 353 202
person 0.0013 222 65 298 287
person 0.0012 329 158 353 201
person 0.0011 493 41 499 128
person 0.0011 209 31 277 200
person 0.0010 421 77 453 114
