bird 0.0188 207 149 228 193
bird 0.0029 191 184 241 218
bird 0.0013 214 135 231 190
cat 0.7613 169 31 236 98
cat 0.3606 168 181 238 242
cat 0.3052 205 87 271 150
cat 0.1103 182 168 251 228
cat 0.1078 203 60 274 182
cat 0.1077 167 153 239 275
cat 0.0915 170 75 236 200
cat 0.0528 218 94 264 175
cat 0.0220 169 71 236 124
cat 0.0219 181 130 253 255
cat 0.0218 201 100 270 245
cat 0.0177 156 111 264 218
cat 0.0148 171 86 236 147
cat 0.0142 172 23 257 135
cat 0.0141 175 95 220 178
cat 0.0132 179 189 228 272
cat 0.0080 184 99 257 172
cat 0.0080 168 113 207 199
cat 0.0078 234 84 273 146
cat 0.0052 222 72 267 133
cat 0.0048 161 106 215 247
cat 0.0042 198 39 237 110
cat 0.0041 204 135 241 216
cat 0.0037 207 149 228 193
cat 0.0034 166 40 214 111
cat 0.0031 168 122 235 186
cat 0.0025 191 184 241 218
cat 0.0021 204 123 269 184
cat 0.0021 219 135 259 211
cat 0.0019 162 157 206 236
cat 0.0016 179 134 220 215
cat 0.0016 203 52 274 112
cat 0.0014 201 3 277 122
cat 0.0011 177 180 251 317
chair 0.0052 169 31 236 98
dog 0.0089 207 149 228 193
dog 0.0031 169 31 236 98
dog 0.0030 168 181 238 242
dog 0.0029 191 184 241 218
dog 0.0010 185 28 227 64
pottedplant 0.0047 169 31 236 98
pottedplant 0.0019 203 76 271 196
pottedplant 0.0014 207 149 228 193
pottedplant 0.0010 230 85 275 123
sofa 0.0250 169 31 236 98
sofa 0.0061 203 76 271 196
sofa 0.0056 181 181 248 240
sofa 0.0028 168 175 239 288
sofa 0.0027 170 75 236 200
sofa 0.0019 169 168 238 229
sofa 0.0019 207 76 274 132
sofa 0.0015 172 23 257 135
