aeroplane 0.0041 108 -40 456 309
aeroplane 0.0024 110 17 477 104
aeroplane 0.0014 477 75 501 161
aeroplane 0.0010 154 44 425 129
aeroplane 0.0010 437 95 504 146
bottle 0.0012 334 132 404 249
bus 0.0020 -8 -14 138 299
car 0.0041 93 22 419 332
car 0.0029 -8 -14 138 299
car 0.0016 0 49 21 152
cow 0.0011 -8 -14 138 299
motorbike 0.0012 93 22 419 332
person 0.9991 156 58 396 325
person 0.9981 -2 17 138 327
person 0.9878 123 3 199 195
person 0.0093 188 3 220 85
person 0.0032 43 5 209 329
person 0.0025 171 3 200 84
person 0.0016 83 -36 422 305
sheep 0.0012 119 24 437 329
sheep 0.0010 -8 -14 138 299
sofa 0.0021 93 22 419 332
train 0.0016 93 22 419 332
