bird 0.0068 401 2 499 351
bird 0.0023 100 9 351 217
cat 0.0021 121 -8 354 186
cow 0.0044 401 2 499 351
cow 0.0040 107 12 343 269
cow 0.0011 122 138 324 354
dog 0.0054 100 9 351 217
dog 0.0018 121 72 347 321
dog 0.0011 401 2 499 351
horse 0.0090 107 12 343 269
horse 0.0080 401 2 499 351
horse 0.0015 122 138 324 354
person 0.0069 100 9 351 217
person 0.0014 121 72 347 321
person 0.0011 401 2 499 351
sheep 0.9971 128 106 337 328
sheep 0.9803 118 13 356 214
sheep 0.8565 399 23 501 285
sheep 0.0081 86 -28 364 319
sheep 0.0058 437 -26 499 381
train 0.0030 401 2 499 351
