bottle 0.0064 321 300 361 334
bottle 0.0057 335 312 384 341
bottle 0.0043 319 307 394 352
bottle 0.0020 345 318 396 351
bottle 0.0016 324 289 343 326
person 0.9974 129 87 186 350
person 0.9839 209 103 263 364
person 0.9431 260 92 335 371
person 0.8843 290 83 343 353
person 0.8578 179 97 222 344
person 0.0912 233 88 280 350
person 0.0103 157 86 209 348
person 0.0066 307 43 350 418
person 0.0049 167 77 248 372
person 0.0047 185 135 212 301
person 0.0016 250 138 271 293
person 0.0013 252 101 306 300
