bottle 0.0425 431 232 465 263
bottle 0.0025 436 235 459 249
bottle 0.0023 24 236 63 266
bottle 0.0018 8 232 84 276
bottle 0.0012 414 228 486 275
bottle 0.0012 442 228 465 257
bottle 0.0010 37 238 61 274
cat 0.0011 432 229 465 256
chair 0.9988 40 237 216 375
chair 0.9978 301 220 483 380
chair 0.9887 4 107 136 239
chair 0.9546 383 93 497 225
chair 0.0081 433 2 480 33
chair 0.0041 371 -2 455 42
chair 0.0033 431 232 465 263
chair 0.0021 420 -3 486 41
chair 0.0012 390 227 474 280
chair 0.0011 374 168 511 264
chair 0.0010 436 210 500 259
dog 0.0030 432 229 465 256
person 0.0039 432 229 465 256
pottedplant 0.0044 44 4 131 78
pottedplant 0.0028 431 232 465 263
pottedplant 0.0014 8 102 149 222
sofa 0.0110 144 127 361 241
sofa 0.0096 383 105 502 239
sofa 0.0036 297 228 464 378
tvmonitor 0.0019 8 102 149 222
tvmonitor 0.0010 433 2 480 33
