bird 0.0013 4 138 44 166
bottle 0.3370 4 138 44 166
bottle 0.0955 14 74 49 100
bottle 0.0612 6 26 41 49
bottle 0.0488 0 128 8 178
bottle 0.0319 -2 82 33 106
bottle 0.0285 1 137 6 171
bottle 0.0241 32 8 75 47
bottle 0.0197 23 21 41 51
bottle 0.0111 207 179 222 242
bottle 0.0103 1 34 8 57
bottle 0.0101 0 18 11 59
bottle 0.0101 315 234 360 323
bottle 0.0076 6 51 46 109
bottle 0.0067 0 6 65 48
bottle 0.0066 22 130 44 163
bottle 0.0063 15 29 33 49
bottle 0.0059 12 2 46 51
bottle 0.0059 10 129 39 181
bottle 0.0055 0 75 12 115
bottle 0.0049 0 83 9 108
bottle 0.0040 18 141 44 178
bottle 0.0033 0 144 5 179
bottle 0.0033 2 85 24 103
bottle 0.0026 -4 41 64 92
bottle 0.0026 8 82 42 159
bottle 0.0024 3 33 43 55
bottle 0.0024 30 10 53 45
bottle 0.0023 7 70 41 127
bottle 0.0021 201 181 215 240
bottle 0.0020 6 31 21 49
bottle 0.0019 45 167 387 382
bottle 0.0017 2 138 25 166
bottle 0.0016 491 226 499 309
bottle 0.0014 47 9 75 73
bottle 0.0012 12 15 38 47
bottle 0.0011 -4 78 60 119
bottle 0.0011 277 222 361 330
cat 0.0021 4 138 44 166
chair 0.9756 345 177 488 264
chair 0.7318 241 141 359 216
chair 0.5388 74 119 183 198
chair 0.3280 37 192 396 380
chair 0.1818 1 217 23 371
chair 0.1023 0 178 19 333
chair 0.0696 361 205 500 291
chair 0.0543 0 206 49 378
chair 0.0510 -1 164 30 384
chair 0.0405 478 212 500 297
chair 0.0216 491 226 499 309
chair 0.0085 -1 277 28 377
chair 0.0072 4 138 44 166
chair 0.0061 2 258 39 366
chair 0.0025 479 237 499 343
chair 0.0025 371 231 492 278
chair 0.0020 0 219 7 318
chair 0.0019 239 195 355 235
chair 0.0019 197 169 386 254
chair 0.0015 40 9 79 46
chair 0.0014 494 203 500 297
chair 0.0014 479 246 496 308
chair 0.0014 492 243 498 349
chair 0.0012 284 164 455 221
chair 0.0012 143 211 493 375
chair 0.0011 5 234 114 371
chair 0.0011 4 223 38 327
diningtable 0.9993 10 175 492 380
diningtable 0.0023 98 247 467 364
diningtable 0.0020 1 217 23 371
diningtable 0.0014 0 178 19 333
diningtable 0.0013 4 138 44 166
dog 0.0040 4 138 44 166
dog 0.0013 14 74 49 100
person 0.0054 45 167 387 382
person 0.0013 17 5 75 47
person 0.0011 492 215 500 304
pottedplant 0.0067 4 138 44 166
pottedplant 0.0030 45 167 387 382
pottedplant 0.0026 491 226 499 309
pottedplant 0.0011 43 115 81 149
sofa 0.0027 1 217 23 371
