bicycle 0.0036 -13 136 109 467
bottle 0.1164 224 93 238 143
bottle 0.1027 231 97 244 141
bottle 0.0441 259 81 290 143
bottle 0.0361 262 91 277 149
bottle 0.0330 213 99 228 142
bottle 0.0242 218 72 247 139
bottle 0.0201 204 99 221 143
bottle 0.0130 269 91 284 147
bottle 0.0125 212 55 246 121
bottle 0.0085 206 92 232 157
bottle 0.0054 221 84 239 123
bottle 0.0037 225 97 235 125
bottle 0.0037 207 115 217 143
bottle 0.0035 205 70 237 138
bottle 0.0031 211 105 226 168
bottle 0.0031 215 107 225 135
bottle 0.0024 240 88 265 151
bottle 0.0018 214 114 224 141
bottle 0.0017 238 89 258 132
bottle 0.0014 233 97 242 127
bottle 0.0014 253 94 268 144
bottle 0.0013 204 103 237 138
bottle 0.0011 201 81 261 131
bottle 0.0010 204 109 219 162
chair 0.9961 -3 143 114 508
chair 0.0026 203 54 243 118
pottedplant 0.0043 203 54 241 88
pottedplant 0.0010 259 81 290 143
tvmonitor 0.0067 203 54 241 88
