bird 0.0017 252 151 384 330
bottle 0.9972 397 21 458 178
bottle 0.9405 248 152 389 351
bottle 0.3807 2 4 24 161
bottle 0.0424 3 -18 40 181
bottle 0.0107 454 22 498 218
bottle 0.0077 475 35 495 168
bottle 0.0056 408 0 430 53
bottle 0.0041 387 -9 485 237
bottle 0.0039 189 166 221 227
bottle 0.0033 491 43 498 148
bottle 0.0032 8 20 33 170
bottle 0.0026 0 65 4 164
bottle 0.0026 413 1 437 41
bottle 0.0026 400 -1 417 57
bottle 0.0024 2 69 18 207
bottle 0.0022 478 65 496 214
bottle 0.0021 384 24 410 140
bottle 0.0020 394 15 430 156
bottle 0.0018 -2 -7 29 238
bottle 0.0012 459 48 494 156
person 0.0015 387 -9 485 237
person 0.0015 222 128 382 341
