bicycle 0.0014 86 209 154 383
bicycle 0.0012 258 248 388 378
bottle 0.0036 266 223 280 275
chair 0.9103 87 256 153 369
chair 0.8492 258 248 388 378
chair 0.2003 82 146 135 394
chair 0.0130 178 248 328 373
chair 0.0067 88 246 124 349
chair 0.0060 267 298 368 371
chair 0.0031 199 217 284 369
diningtable 0.1221 219 254 372 374
diningtable 0.0067 169 214 339 369
diningtable 0.0060 86 209 154 383
diningtable 0.0046 148 252 290 373
diningtable 0.0017 199 217 284 369
dog 0.0010 343 101 413 254
person 0.9723 76 99 135 374
person 0.7618 130 116 204 387
person 0.6805 189 137 300 371
person 0.6052 343 102 415 375
person 0.3660 273 167 391 378
person 0.0841 85 96 179 380
person 0.0301 215 160 350 377
person 0.0128 325 126 394 349
person 0.0091 261 205 343 378
person 0.0081 221 139 289 294
person 0.0070 219 254 372 374
person 0.0044 342 92 414 230
person 0.0033 154 139 276 324
person 0.0030 345 142 410 211
person 0.0017 166 99 240 381
person 0.0015 371 64 489 394
person 0.0014 298 157 377 317
person 0.0013 352 149 390 239
person 0.0010 235 159 283 235
pottedplant 0.0011 343 101 413 254
