aeroplane 0.0010 65 117 309 291
bicycle 0.0032 65 117 309 291
boat 0.0124 65 117 309 291
cat 0.0085 65 117 309 291
chair 0.9868 379 150 455 250
chair 0.9152 276 138 344 204
chair 0.0127 415 204 500 382
chair 0.0035 65 117 309 291
chair 0.0024 269 127 370 225
chair 0.0020 486 134 501 260
chair 0.0017 -3 205 23 305
chair 0.0016 492 150 498 271
cow 0.0012 65 117 309 291
diningtable 0.0017 65 117 309 291
diningtable 0.0010 383 145 464 251
person 0.0019 84 151 289 282
pottedplant 0.5271 5 157 93 232
pottedplant 0.1278 -1 166 110 263
pottedplant 0.0114 65 117 309 291
pottedplant 0.0046 -1 185 10 235
pottedplant 0.0028 18 147 139 235
pottedplant 0.0023 0 154 23 241
pottedplant 0.0021 -5 192 33 226
pottedplant 0.0014 0 184 93 318
sofa 0.9982 78 136 318 296
sofa 0.0032 415 204 500 382
sofa 0.0014 -14 298 142 381
sofa 0.0013 268 137 341 191
tvmonitor 0.0021 415 204 500 382
