bus 0.1968 111 143 209 211
bus 0.0124 188 161 268 206
bus 0.0029 124 169 229 213
bus 0.0011 292 168 310 181
car 0.9936 205 167 272 214
car 0.0390 292 168 310 181
car 0.0089 287 169 302 181
car 0.0060 74 163 85 179
car 0.0052 285 165 317 182
car 0.0030 218 171 269 196
car 0.0012 71 155 89 187
car 0.0011 74 157 86 175
person 0.0201 172 165 181 178
person 0.0074 68 163 75 182
person 0.0059 389 149 409 200
person 0.0033 58 164 67 182
person 0.0017 164 166 175 177
person 0.0013 47 164 60 178
person 0.0013 292 168 310 181
person 0.0011 209 165 221 179
person 0.0011 74 163 85 179
