aeroplane 0.9996 15 47 435 209
aeroplane 0.1601 429 179 484 200
aeroplane 0.0923 417 172 490 208
aeroplane 0.0332 431 154 501 205
aeroplane 0.0164 420 171 473 195
aeroplane 0.0159 413 179 465 197
aeroplane 0.0137 447 181 502 200
aeroplane 0.0090 395 178 442 198
aeroplane 0.0063 402 172 453 193
aeroplane 0.0038 -8 121 37 141
aeroplane 0.0037 429 186 500 208
aeroplane 0.0034 383 169 435 197
aeroplane 0.0031 -1 110 89 164
aeroplane 0.0030 437 172 491 194
aeroplane 0.0023 -5 113 34 135
aeroplane 0.0019 388 160 483 203
aeroplane 0.0019 397 184 417 197
aeroplane 0.0018 368 173 461 208
aeroplane 0.0018 475 184 495 195
aeroplane 0.0015 448 165 491 214
aeroplane 0.0015 460 171 507 195
aeroplane 0.0013 433 184 459 194
aeroplane 0.0012 466 184 486 194
aeroplane 0.0010 397 177 419 202
boat 0.0031 40 64 400 231
boat 0.0012 429 179 484 200
cow 0.0025 48 68 421 227
sheep 0.0012 429 179 484 200
