bicycle 0.0014 35 34 404 475
bottle 0.0062 231 0 287 11
bottle 0.0032 273 0 322 25
bottle 0.0032 270 0 324 13
bottle 0.0023 240 0 297 24
bottle 0.0022 257 1 278 10
bottle 0.0017 286 1 308 9
chair 0.9911 28 61 338 503
chair 0.9881 12 16 279 226
chair 0.0768 229 66 385 487
chair 0.0102 53 55 246 368
chair 0.0098 67 109 235 216
chair 0.0032 45 73 248 185
diningtable 0.9846 233 34 386 468
diningtable 0.2905 35 34 404 475
diningtable 0.0077 185 47 485 457
diningtable 0.0013 -4 -4 311 152
diningtable 0.0012 260 53 392 300
person 0.9776 37 3 314 196
person 0.0023 35 34 404 475
sofa 0.0031 -22 9 274 197
sofa 0.0029 43 64 393 504
