bottle 0.0010 179 147 235 205
bus 0.9559 218 141 376 218
bus 0.8842 402 152 498 217
bus 0.8291 185 146 232 208
bus 0.7952 353 144 404 215
bus 0.7639 1 140 82 224
bus 0.6389 95 138 178 218
bus 0.1156 307 146 408 210
bus 0.0110 30 137 167 216
bus 0.0102 142 142 185 209
bus 0.0060 217 143 307 208
bus 0.0043 156 141 270 211
bus 0.0037 182 160 227 188
bus 0.0019 221 145 262 208
bus 0.0016 178 166 219 197
bus 0.0012 1 135 23 227
car 0.0022 79 174 87 190
car 0.0015 79 165 87 182
car 0.0012 182 165 228 199
person 0.0044 183 181 189 201
person 0.0032 1 147 11 198
person 0.0028 335 163 346 182
person 0.0023 118 155 140 186
person 0.0022 306 163 318 182
person 0.0021 96 165 104 181
person 0.0017 3 157 21 189
person 0.0014 7 163 18 185
person 0.0013 303 157 322 187
person 0.0013 141 164 154 181
person 0.0013 332 157 349 187
person 0.0013 133 164 144 181
person 0.0012 2 167 8 194
person 0.0011 287 163 295 181
person 0.0011 315 164 325 181
person 0.0011 0 159 9 224
person 0.0010 0 124 8 203
person 0.0010 29 172 38 188
train 0.0017 182 160 227 188
train 0.0016 307 146 408 210
train 0.0015 1 140 82 224
train 0.0010 353 144 404 215
tvmonitor 0.0011 182 160 227 188
