bird 0.0017 236 287 382 367
cat 0.9676 222 288 373 366
cat 0.9546 71 73 290 177
cat 0.6945 113 234 230 365
cat 0.0302 142 76 349 170
cat 0.0199 176 260 261 358
cat 0.0061 97 136 231 174
cat 0.0034 221 270 262 352
cat 0.0028 187 268 320 359
cat 0.0017 86 137 266 219
cat 0.0011 187 140 293 176
chair 0.0034 83 89 315 178
dog 0.0013 126 141 274 176
dog 0.0012 236 287 382 367
person 0.0010 68 75 331 175
sofa 0.0027 83 89 315 178
sofa 0.0016 222 288 373 366
tvmonitor 0.0015 68 75 331 175
tvmonitor 0.0012 236 287 382 367
