boat 0.0016 98 37 447 331
bottle 0.0031 92 64 387 338
bus 0.9991 71 43 411 330
bus 0.0442 3 159 46 226
bus 0.0266 10 165 81 221
bus 0.0180 42 157 77 226
bus 0.0033 249 44 404 318
bus 0.0024 49 176 71 214
bus 0.0022 31 170 70 236
bus 0.0011 4 189 41 219
bus 0.0010 2 186 24 225
car 0.0028 49 176 71 214
car 0.0013 53 196 67 210
car 0.0013 42 190 79 214
car 0.0012 7 204 19 223
car 0.0011 3 196 23 228
car 0.0010 48 196 59 211
person 0.9489 417 219 443 303
person 0.4444 388 213 406 310
person 0.3777 402 218 422 305
person 0.0156 400 230 415 294
person 0.0147 410 232 424 294
person 0.0135 418 231 433 295
person 0.0044 92 64 387 338
person 0.0012 384 215 399 274
person 0.0011 248 187 313 233
