aeroplane 0.0032 289 11 332 26
bus 0.0010 289 11 332 26
car 0.9998 10 52 478 262
car 0.9984 259 31 486 126
car 0.8224 399 17 507 60
car 0.2789 289 11 332 26
car 0.0758 56 6 109 34
car 0.0519 290 12 316 23
car 0.0454 351 19 509 106
car 0.0366 449 15 504 45
car 0.0275 362 0 417 47
car 0.0249 297 13 326 23
car 0.0189 311 13 332 23
car 0.0072 332 10 349 21
car 0.0066 323 12 339 22
car 0.0051 306 9 356 24
car 0.0038 341 11 357 21
car 0.0034 323 1 360 21
car 0.0023 431 24 503 83
car 0.0019 492 18 501 77
car 0.0019 413 26 459 47
car 0.0018 373 0 408 25
car 0.0016 353 16 477 56
car 0.0013 328 8 371 23
car 0.0012 346 23 395 55
car 0.0012 341 0 377 21
car 0.0010 447 10 505 32
car 0.0010 270 10 320 26
car 0.0010 284 14 337 34
motorbike 0.0018 372 0 410 38
person 0.4846 376 -2 409 48
person 0.0160 347 5 414 48
person 0.0129 380 -2 412 27
person 0.0099 365 3 377 19
person 0.0083 372 2 386 18
person 0.0060 371 1 389 34
person 0.0050 349 30 391 60
person 0.0021 397 -2 413 42
person 0.0019 363 2 398 52
person 0.0019 359 4 403 31
person 0.0016 368 5 449 46
person 0.0011 341 11 357 21
person 0.0011 352 21 405 55
person 0.0011 413 26 459 47
person 0.0011 379 1 399 17
person 0.0010 372 6 385 26
