bicycle 0.0014 228 9 395 239
boat 0.0015 228 9 395 239
bottle 0.9666 459 170 494 236
bottle 0.1252 304 165 343 233
bottle 0.0314 299 185 361 238
bottle 0.0168 118 260 136 314
bottle 0.0149 111 259 130 314
bottle 0.0098 490 168 499 253
bottle 0.0039 98 257 121 300
bottle 0.0031 478 180 493 240
bottle 0.0025 493 150 499 234
bottle 0.0020 102 236 139 306
bottle 0.0020 465 182 486 238
bottle 0.0011 293 145 351 247
bottle 0.0010 106 256 142 324
cat 0.0144 210 15 370 238
chair 0.9752 25 280 181 374
chair 0.1144 4 234 137 361
chair 0.0207 68 222 138 291
chair 0.0166 131 227 474 369
chair 0.0086 200 55 369 286
chair 0.0080 90 292 241 364
chair 0.0067 0 253 22 371
chair 0.0054 57 244 152 376
chair 0.0053 122 278 199 372
chair 0.0039 102 236 139 306
chair 0.0031 53 301 158 365
chair 0.0026 1 246 55 376
chair 0.0026 29 218 107 291
chair 0.0023 83 209 153 339
chair 0.0022 47 222 189 322
chair 0.0018 0 195 18 354
chair 0.0013 3 290 47 369
chair 0.0012 -2 189 30 395
chair 0.0010 6 296 85 368
cow 0.0011 210 15 370 238
diningtable 0.9996 151 226 517 367
diningtable 0.0020 210 15 370 238
diningtable 0.0010 34 258 207 369
person 0.9995 204 24 370 251
person 0.7829 25 216 152 332
person 0.5872 21 243 173 370
person 0.5631 357 127 470 226
person 0.1032 47 221 123 292
person 0.0199 68 235 138 302
person 0.0053 28 208 108 306
person 0.0015 4 215 96 369
person 0.0012 33 196 149 276
person 0.0010 80 218 160 366
pottedplant 0.0231 228 9 395 239
sofa 0.0032 228 9 395 239
