aeroplane 0.0035 15 -66 483 338
boat 0.0017 22 49 477 328
bus 0.0040 141 -15 492 335
car 0.0044 22 49 477 328
diningtable 0.0011 2 182 144 335
motorbike 0.0016 22 49 477 328
person 0.9970 6 200 159 343
person 0.6093 171 43 244 269
person 0.2491 355 74 389 150
person 0.0299 140 13 282 310
person 0.0151 7 -34 353 358
person 0.0047 261 76 281 110
person 0.0043 152 66 268 190
person 0.0034 10 43 168 380
person 0.0027 141 -15 492 335
person 0.0016 235 48 284 225
person 0.0015 370 78 388 148
person 0.0014 361 83 382 144
person 0.0013 442 43 500 232
person 0.0013 171 39 241 160
person 0.0013 467 80 482 126
person 0.0011 242 74 276 165
sheep 0.0012 74 52 498 326
train 0.9983 22 -20 475 337
train 0.0076 140 13 282 310
train 0.0019 152 66 268 190
tvmonitor 0.0055 -15 -56 444 321
