bicycle 0.0033 246 13 529 380
boat 0.0012 246 13 529 380
bus 0.0069 45 18 121 91
bus 0.0010 246 13 529 380
car 0.0011 1 101 43 131
cat 0.0020 246 13 529 380
chair 0.0046 246 13 529 380
chair 0.0011 434 78 499 354
diningtable 0.0021 246 13 529 380
horse 0.0012 246 13 529 380
motorbike 0.0016 246 13 529 380
person 0.9998 199 11 480 386
person 0.9978 8 36 279 383
person 0.9512 47 101 85 166
person 0.5139 2 131 80 260
person 0.1015 0 95 11 156
person 0.0793 0 86 23 153
person 0.0255 0 108 20 209
person 0.0250 1 135 47 222
person 0.0214 1 114 26 150
person 0.0175 0 80 8 134
person 0.0119 0 113 10 173
person 0.0098 48 106 75 145
person 0.0098 0 89 6 123
person 0.0096 2 109 41 142
person 0.0094 0 137 20 252
person 0.0078 35 104 70 167
person 0.0076 41 116 63 150
person 0.0074 1 99 7 130
person 0.0058 5 107 39 168
person 0.0058 0 117 6 206
person 0.0056 0 155 64 307
person 0.0054 0 126 44 156
person 0.0041 1 116 7 149
person 0.0040 59 109 81 157
person 0.0039 33 118 56 149
person 0.0030 24 137 69 222
person 0.0030 61 96 96 152
person 0.0030 1 126 61 192
person 0.0028 0 129 7 155
person 0.0027 0 174 8 247
person 0.0026 0 178 18 289
person 0.0021 37 126 51 141
person 0.0020 9 116 35 150
person 0.0019 33 102 88 250
person 0.0017 36 92 95 187
person 0.0016 52 99 89 132
person 0.0015 44 124 59 141
person 0.0013 -1 102 32 132
person 0.0011 30 120 68 194
person 0.0010 45 124 79 225
person 0.0010 10 121 54 147
sofa 0.0034 23 38 383 386
sofa 0.0015 246 13 529 380
tvmonitor 0.9650 45 18 121 91
tvmonitor 0.0046 39 10 129 139
tvmonitor 0.0010 246 13 529 380
