bicycle 0.0015 27 115 96 255
boat 0.0015 235 431 310 497
car 0.0059 40 139 108 257
cat 0.0065 237 425 309 492
chair 0.0012 242 436 328 497
motorbike 0.2429 27 137 98 258
motorbike 0.0120 16 111 73 257
motorbike 0.0108 23 151 59 247
motorbike 0.0031 9 156 41 243
motorbike 0.0019 42 122 79 244
motorbike 0.0014 38 180 111 250
motorbike 0.0012 55 153 101 247
person 0.0012 27 115 96 255
pottedplant 0.7780 235 431 310 497
pottedplant 0.0275 232 328 320 495
pottedplant 0.0037 198 402 310 488
pottedplant 0.0019 231 437 276 497
pottedplant 0.0016 227 467 319 500
pottedplant 0.0013 221 440 256 496
pottedplant 0.0013 199 442 270 496
