cat 0.0017 264 127 303 147
chair 0.8996 399 158 501 319
chair 0.7959 292 196 386 348
chair 0.7494 -1 182 93 318
chair 0.6318 105 181 222 353
chair 0.5099 160 149 216 201
chair 0.4589 254 170 412 362
chair 0.2656 271 155 330 280
chair 0.0984 273 151 331 202
chair 0.0343 171 155 218 229
chair 0.0120 179 137 259 187
chair 0.0100 287 159 333 229
chair 0.0087 21 184 167 322
chair 0.0075 98 164 419 352
chair 0.0069 264 127 303 147
chair 0.0058 247 161 319 304
chair 0.0047 225 150 292 208
chair 0.0047 167 151 224 277
chair 0.0035 3 219 90 291
chair 0.0035 287 163 333 196
chair 0.0033 149 181 217 241
chair 0.0032 139 168 221 306
chair 0.0031 -1 160 19 310
chair 0.0021 352 189 444 246
chair 0.0021 276 177 347 249
chair 0.0020 197 133 253 153
chair 0.0019 39 191 128 247
chair 0.0019 310 185 391 295
chair 0.0017 282 140 344 192
chair 0.0015 179 119 214 149
chair 0.0014 169 127 277 159
chair 0.0013 356 167 476 298
chair 0.0013 181 155 228 192
chair 0.0012 299 155 343 193
chair 0.0011 62 174 209 299
chair 0.0011 194 145 237 203
chair 0.0010 298 240 379 306
chair 0.0010 162 167 353 292
diningtable 0.7702 98 164 419 352
diningtable 0.3409 53 176 228 349
diningtable 0.0908 254 170 412 362
diningtable 0.0073 22 177 157 297
diningtable 0.0060 196 193 381 326
diningtable 0.0029 162 167 353 292
diningtable 0.0027 179 137 259 187
dog 0.0015 264 127 303 147
pottedplant 0.0626 262 129 306 152
pottedplant 0.0043 270 131 296 142
pottedplant 0.0016 225 150 292 208
pottedplant 0.0011 179 119 214 149
sofa 0.0075 185 121 323 188
sofa 0.0051 206 121 314 155
sofa 0.0022 65 153 495 368
sofa 0.0010 53 176 228 349
tvmonitor 0.0047 262 129 306 152
