bottle 0.0082 384 237 398 279
bottle 0.0055 320 253 336 284
bottle 0.0018 239 286 253 330
bottle 0.0011 321 256 329 281
chair 0.0059 412 281 495 339
chair 0.0021 339 277 379 345
chair 0.0014 490 273 500 360
chair 0.0012 478 269 502 353
chair 0.0011 479 320 500 424
pottedplant 0.8930 456 197 495 263
pottedplant 0.1022 248 104 345 135
pottedplant 0.0275 262 109 304 136
pottedplant 0.0174 288 114 336 135
pottedplant 0.0155 488 211 500 270
pottedplant 0.0041 320 253 336 284
pottedplant 0.0038 475 214 497 263
pottedplant 0.0030 195 151 285 200
pottedplant 0.0020 444 186 500 280
pottedplant 0.0020 187 111 387 184
pottedplant 0.0019 246 110 348 156
pottedplant 0.0015 307 115 352 137
pottedplant 0.0014 461 218 491 259
pottedplant 0.0012 490 225 500 291
pottedplant 0.0012 264 167 302 195
pottedplant 0.0011 485 125 500 267
pottedplant 0.0010 311 119 333 130
pottedplant 0.0010 491 152 499 232
