aeroplane 0.0032 222 65 283 122
bicycle 0.0013 221 69 280 128
bird 0.0027 232 68 275 127
boat 0.0039 221 69 280 128
bus 0.0016 221 69 280 128
car 0.0027 221 69 280 128
cat 0.0029 232 68 275 127
chair 0.0031 221 69 280 128
chair 0.0020 127 216 249 311
chair 0.0014 99 107 144 133
dog 0.0015 232 68 275 127
dog 0.0011 242 80 267 121
horse 0.0013 221 69 280 128
motorbike 0.0014 221 69 280 128
person 0.4194 232 68 275 127
person 0.2049 2 81 31 157
person 0.0853 242 80 267 121
person 0.0781 7 88 24 135
person 0.0462 0 87 18 149
person 0.0021 145 228 233 297
person 0.0020 -6 92 8 147
person 0.0016 217 58 286 151
person 0.0014 10 97 22 121
person 0.0014 10 90 21 112
person 0.0010 217 75 262 128
pottedplant 0.9645 163 42 228 138
pottedplant 0.0496 99 107 144 133
pottedplant 0.0031 222 65 283 122
pottedplant 0.0028 92 114 139 139
pottedplant 0.0022 164 63 202 138
pottedplant 0.0021 125 112 139 128
pottedplant 0.0019 100 97 134 151
pottedplant 0.0010 111 93 134 129
sofa 0.0098 221 69 280 128
tvmonitor 0.9716 127 216 249 311
tvmonitor 0.0054 221 69 280 128
