aeroplane 0.9997 76 85 397 223
bicycle 0.0065 87 203 96 234
bottle 0.0011 87 203 96 234
bus 0.0012 474 160 499 238
car 0.7339 342 180 488 242
car 0.0348 474 160 499 238
car 0.0068 217 207 235 217
car 0.0055 434 184 501 241
car 0.0043 206 204 247 219
car 0.0040 226 207 241 217
car 0.0024 86 205 98 232
car 0.0023 455 204 498 238
car 0.0022 104 204 115 219
car 0.0022 400 171 501 233
car 0.0018 209 207 223 217
car 0.0016 490 180 500 241
car 0.0010 300 202 344 220
cow 0.0012 87 203 96 234
dog 0.0010 87 203 96 234
horse 0.0038 86 205 98 232
motorbike 0.0050 86 205 98 232
person 0.6220 86 205 98 232
person 0.0041 104 204 115 219
person 0.0035 93 205 103 222
person 0.0026 93 208 101 229
person 0.0015 75 207 107 230
