bicycle 0.6014 -2 180 38 262
bicycle 0.0868 20 181 56 256
bicycle 0.0088 2 175 76 235
bicycle 0.0069 -2 163 23 251
bicycle 0.0061 39 173 76 234
bicycle 0.0018 -24 164 102 253
bird 0.0046 63 97 241 278
boat 0.0033 -2 180 38 262
boat 0.0027 46 96 239 279
bottle 0.0011 46 96 239 279
bus 0.5325 63 97 241 278
car 0.9676 63 102 242 292
car 0.8761 244 178 292 208
car 0.3749 223 179 254 210
car 0.0174 54 181 96 209
car 0.0041 206 174 255 205
car 0.0040 226 184 248 205
car 0.0033 258 183 307 207
car 0.0026 62 176 100 199
car 0.0021 226 181 249 194
car 0.0021 244 178 273 203
car 0.0018 64 182 85 194
car 0.0017 39 173 76 234
car 0.0013 225 172 234 185
motorbike 0.0072 244 178 292 208
motorbike 0.0072 39 173 76 234
motorbike 0.0024 225 178 250 212
motorbike 0.0022 46 96 239 279
motorbike 0.0012 224 179 272 209
person 0.0027 20 181 56 256
person 0.0012 0 166 39 248
train 0.0054 46 96 239 279
tvmonitor 0.0078 46 96 239 279
