bicycle 0.0063 440 181 502 392
bicycle 0.0012 248 168 310 219
bicycle 0.0010 258 139 294 207
bottle 0.0165 258 189 274 232
bottle 0.0057 256 165 293 200
bottle 0.0037 254 171 273 215
bottle 0.0035 247 162 278 227
bottle 0.0028 277 183 306 217
bottle 0.0028 259 190 269 214
bottle 0.0026 247 170 265 212
bottle 0.0017 252 150 274 197
bottle 0.0015 261 198 270 223
bottle 0.0014 261 171 286 212
bottle 0.0014 262 201 280 238
bottle 0.0011 271 171 297 212
car 0.0130 440 181 502 392
cat 0.0011 256 165 293 200
chair 0.0015 271 135 292 186
chair 0.0012 247 122 264 184
chair 0.0010 248 168 310 219
diningtable 0.0018 248 168 310 219
dog 0.0112 248 168 310 219
dog 0.0032 256 165 293 200
dog 0.0032 258 139 294 207
dog 0.0027 254 171 315 311
dog 0.0017 247 162 278 227
dog 0.0014 257 179 295 248
dog 0.0013 277 183 306 217
dog 0.0010 271 171 297 212
horse 0.0016 248 168 310 219
horse 0.0014 261 117 292 192
motorbike 0.7818 442 173 503 374
motorbike 0.0030 478 169 498 297
motorbike 0.0023 455 184 498 284
motorbike 0.0010 261 117 292 192
person 0.9902 303 114 332 200
person 0.9758 265 185 319 314
person 0.8760 101 198 179 323
person 0.8444 249 99 276 182
person 0.7044 261 117 292 192
person 0.3690 163 95 268 327
person 0.1582 270 126 290 178
person 0.0345 265 117 285 172
person 0.0247 248 105 264 162
person 0.0224 318 116 342 195
person 0.0219 271 116 289 156
person 0.0206 254 115 272 175
person 0.0133 248 168 310 219
person 0.0132 325 104 338 146
person 0.0125 253 103 274 147
person 0.0113 265 109 284 144
person 0.0074 247 122 264 184
person 0.0073 246 138 276 209
person 0.0063 327 116 340 171
person 0.0061 246 149 308 204
person 0.0059 246 126 306 187
person 0.0059 281 117 309 197
person 0.0058 246 151 316 287
person 0.0054 328 111 335 138
person 0.0051 312 132 328 194
person 0.0051 360 98 382 134
person 0.0049 268 115 280 134
person 0.0049 307 127 322 199
person 0.0042 276 123 286 143
person 0.0034 258 93 286 159
person 0.0034 236 99 290 209
person 0.0034 275 119 286 134
person 0.0029 262 189 297 287
person 0.0029 257 179 295 248
person 0.0029 330 118 347 169
person 0.0026 265 134 298 173
person 0.0026 248 96 264 137
person 0.0025 311 106 334 142
person 0.0025 264 167 301 199
person 0.0022 233 104 259 177
person 0.0022 301 106 324 141
person 0.0019 247 162 278 227
person 0.0018 329 120 336 145
person 0.0017 118 220 163 315
person 0.0015 331 137 349 188
person 0.0015 262 98 281 135
person 0.0013 255 156 294 192
person 0.0012 292 105 341 209
person 0.0012 227 181 297 321
person 0.0012 478 169 498 297
person 0.0012 270 122 280 143
person 0.0012 445 167 504 348
person 0.0012 200 181 271 322
person 0.0011 251 105 260 126
person 0.0010 275 182 315 246
person 0.0010 276 131 287 154
