bicycle 0.0159 438 -11 501 103
bicycle 0.0027 255 36 461 288
bicycle 0.0021 442 -1 500 199
bicycle 0.0021 471 -5 499 91
bicycle 0.0015 418 -28 496 153
bicycle 0.0012 449 -8 497 64
bicycle 0.0012 383 -41 503 263
bottle 0.0060 217 155 298 199
bottle 0.0023 246 154 282 192
bottle 0.0013 224 153 260 207
chair 0.0012 236 86 483 333
motorbike 0.0011 255 36 461 288
person 0.9989 243 57 474 321
person 0.9960 154 18 290 226
person 0.0023 184 41 385 258
person 0.0022 217 155 298 199
person 0.0012 280 79 352 156
