motorbike 0.9540 136 154 457 334
motorbike 0.0238 167 167 323 320
motorbike 0.0199 259 159 515 326
motorbike 0.0113 175 223 481 329
person 0.9865 224 151 493 327
person 0.9245 17 -2 81 243
person 0.0131 7 13 57 261
person 0.0092 1 32 14 210
person 0.0088 162 89 192 148
person 0.0052 15 -5 80 101
person 0.0037 16 97 74 292
person 0.0033 36 51 85 298
person 0.0033 3 28 107 303
person 0.0032 1 79 16 276
person 0.0027 0 61 6 150
person 0.0022 152 86 182 151
person 0.0016 0 -13 28 256
person 0.0013 151 77 201 241
person 0.0011 156 98 199 134
person 0.0010 493 69 499 161
person 0.0010 0 21 110 163
person 0.0010 128 77 160 130
