bus 0.0017 79 168 167 216
car 0.6368 79 168 167 216
car 0.0138 47 170 135 213
car 0.0099 44 157 204 219
car 0.0024 108 175 216 214
car 0.0019 121 167 160 218
car 0.0011 60 178 103 205
car 0.0010 105 164 149 221
cow 0.0011 184 154 296 247
horse 0.5869 184 154 296 247
person 0.8881 224 134 253 207
person 0.0076 209 146 269 203
person 0.0069 225 140 246 189
person 0.0031 233 138 250 193
person 0.0024 213 132 242 196
person 0.0024 199 157 214 208
person 0.0017 237 127 264 199
person 0.0015 58 168 159 215
person 0.0014 218 142 234 185
person 0.0011 108 167 149 198
