bicycle 0.0073 152 96 215 154
bottle 0.0016 167 95 208 155
bottle 0.0012 181 112 207 152
cat 0.0011 23 137 194 273
chair 0.2058 167 95 208 155
chair 0.0690 93 91 155 138
chair 0.0501 127 89 163 146
chair 0.0359 126 94 203 152
chair 0.0348 106 79 144 132
chair 0.0125 141 91 178 154
chair 0.0087 108 106 149 137
chair 0.0056 128 116 170 151
chair 0.0053 106 85 175 129
chair 0.0050 69 81 147 132
chair 0.0031 117 87 159 121
chair 0.0025 90 96 134 133
chair 0.0018 53 92 128 139
chair 0.0017 110 109 181 153
chair 0.0015 175 102 200 148
chair 0.0014 110 75 130 117
chair 0.0013 71 62 110 88
chair 0.0012 135 100 180 128
chair 0.0010 66 73 108 136
diningtable 0.0482 152 96 215 154
diningtable 0.0141 109 93 175 143
diningtable 0.0034 128 105 203 156
diningtable 0.0032 118 83 227 153
diningtable 0.0028 95 83 155 130
diningtable 0.0010 71 93 146 137
person 0.0011 152 96 215 154
pottedplant 0.2576 167 95 208 155
pottedplant 0.0389 305 6 344 36
pottedplant 0.0259 173 112 201 151
pottedplant 0.0037 167 114 191 150
pottedplant 0.0016 184 102 207 148
pottedplant 0.0011 71 62 110 88
pottedplant 0.0011 175 96 201 135
pottedplant 0.0010 150 89 217 185
sofa 0.9968 15 120 203 293
sofa 0.0018 152 96 215 154
tvmonitor 0.9946 286 105 355 165
tvmonitor 0.0133 305 10 344 39
