boat 0.0017 22 198 478 373
bottle 0.0291 275 206 309 273
car 0.0014 52 156 391 370
chair 0.9963 300 290 491 375
chair 0.9916 356 173 432 234
chair 0.9908 8 243 164 378
chair 0.8337 244 148 309 198
chair 0.6906 207 118 273 165
chair 0.6197 8 200 127 332
chair 0.0788 212 128 310 185
chair 0.0249 24 159 145 302
chair 0.0206 52 156 391 370
chair 0.0149 5 170 51 256
chair 0.0126 7 172 91 298
chair 0.0114 439 275 501 378
chair 0.0108 254 298 427 371
chair 0.0098 59 138 152 171
chair 0.0043 62 148 120 173
chair 0.0037 200 122 252 147
chair 0.0034 176 178 458 368
chair 0.0031 361 267 509 366
chair 0.0027 34 160 225 365
chair 0.0026 13 173 78 253
chair 0.0024 297 323 446 370
chair 0.0024 239 159 312 220
chair 0.0022 465 285 503 372
chair 0.0018 -1 148 25 246
chair 0.0015 352 307 475 365
chair 0.0010 215 264 448 366
cow 0.0017 52 156 391 370
diningtable 0.9989 33 159 468 371
diningtable 0.0023 81 172 417 281
dog 0.0011 24 159 145 302
person 0.0074 52 156 391 370
person 0.0016 77 49 85 64
pottedplant 0.0031 52 156 391 370
sofa 0.0023 1 145 444 335
tvmonitor 0.0013 244 148 309 198
