boat 0.0012 210 264 296 311
bus 0.0013 235 254 273 274
car 0.6222 195 265 289 312
car 0.2288 234 258 271 281
car 0.0359 166 262 243 310
car 0.0303 224 263 268 295
car 0.0188 197 299 253 322
car 0.0182 192 258 239 280
car 0.0171 202 308 248 323
car 0.0144 192 250 239 273
car 0.0073 196 231 239 253
car 0.0071 165 282 208 315
car 0.0070 167 260 207 283
car 0.0063 194 241 238 260
car 0.0059 245 258 264 268
car 0.0055 244 262 265 275
car 0.0047 177 278 272 318
car 0.0047 74 290 168 320
car 0.0045 203 310 227 320
car 0.0039 176 250 263 293
car 0.0038 235 263 256 276
car 0.0035 225 254 269 272
car 0.0034 303 254 322 266
car 0.0034 237 258 253 268
car 0.0032 256 258 268 268
car 0.0030 228 244 239 257
car 0.0029 293 251 328 271
car 0.0028 183 257 223 312
car 0.0028 227 312 244 320
car 0.0025 214 276 259 302
car 0.0023 174 265 219 294
car 0.0023 289 136 336 155
car 0.0018 220 244 233 254
car 0.0018 209 260 263 281
car 0.0018 218 237 234 250
car 0.0017 154 292 199 322
car 0.0017 255 261 268 275
car 0.0016 213 311 237 320
car 0.0014 296 140 312 150
car 0.0014 234 312 252 321
car 0.0013 229 272 277 303
car 0.0011 228 240 281 265
car 0.0011 173 262 196 297
car 0.0010 299 140 322 151
car 0.0010 206 245 226 254
car 0.0010 173 263 187 279
car 0.0010 228 234 282 252
motorbike 0.0030 210 264 296 311
motorbike 0.0016 234 258 271 281
person 0.0035 378 167 385 182
person 0.0022 382 167 391 182
train 0.0010 289 136 336 155
