aeroplane 0.0070 80 -16 431 390
aeroplane 0.0013 174 -43 533 349
bus 0.0065 190 1 519 370
bus 0.0021 82 -31 434 337
car 0.0024 190 1 519 370
motorbike 0.0095 80 -16 431 390
motorbike 0.0052 174 -43 533 349
person 0.9955 138 85 288 378
person 0.9932 0 103 130 375
person 0.9905 235 71 430 367
person 0.5905 64 174 84 227
person 0.4690 88 175 109 228
person 0.3558 72 171 100 231
person 0.1623 125 195 156 266
person 0.0182 190 1 519 370
person 0.0161 89 52 415 386
person 0.0119 111 177 125 227
person 0.0115 87 186 158 318
person 0.0096 72 186 88 229
person 0.0094 83 184 101 230
person 0.0083 115 181 141 249
person 0.0082 128 193 152 233
person 0.0074 107 24 247 347
person 0.0055 102 176 116 227
person 0.0042 379 -32 498 328
person 0.0035 107 166 131 234
person 0.0027 1 122 63 381
person 0.0025 139 194 153 246
person 0.0025 66 126 191 379
person 0.0018 59 174 115 227
person 0.0016 1 131 12 378
person 0.0011 55 180 75 224
person 0.0010 113 171 169 303
person 0.0010 475 -71 500 307
person 0.0010 437 -36 501 312
train 0.9978 103 -31 481 334
train 0.3713 214 33 436 356
train 0.2084 379 -32 498 328
train 0.1915 126 34 290 353
train 0.0276 131 4 446 218
