bird 0.0100 118 12 358 268
boat 0.0060 -3 149 440 340
boat 0.0019 1 24 351 307
bottle 0.0011 0 26 16 168
cat 0.8531 121 49 352 286
cat 0.0193 30 11 390 319
cat 0.0035 134 96 304 241
chair 0.4852 42 -1 217 251
chair 0.2238 54 40 299 287
chair 0.0775 388 184 500 311
chair 0.0401 432 171 498 297
chair 0.0156 9 -1 122 259
chair 0.0133 78 48 166 224
chair 0.0090 55 15 205 159
chair 0.0060 -49 232 487 323
chair 0.0029 -3 149 440 340
chair 0.0026 408 214 499 286
chair 0.0019 94 -10 231 125
chair 0.0013 317 103 492 301
diningtable 0.9882 -1 201 494 342
diningtable 0.8385 42 -1 217 251
diningtable 0.4086 1 24 351 307
diningtable 0.0108 55 15 205 159
diningtable 0.0040 325 194 494 301
diningtable 0.0027 196 225 456 319
dog 0.0838 121 49 352 286
dog 0.0018 24 59 405 331
horse 0.0015 -3 149 440 340
person 0.1901 118 12 358 268
person 0.0268 24 59 405 331
person 0.0207 477 -8 499 85
person 0.0200 5 4 117 322
person 0.0167 417 0 457 32
person 0.0119 254 -3 334 45
person 0.0071 255 0 310 32
person 0.0053 41 -1 220 201
person 0.0047 383 0 498 98
person 0.0027 412 4 491 73
person 0.0017 437 -19 499 105
person 0.0016 454 2 496 77
person 0.0015 244 -6 408 91
person 0.0014 492 -3 499 95
person 0.0014 293 4 413 46
person 0.0013 -2 22 65 325
person 0.0013 224 -10 364 54
person 0.0010 372 -16 511 203
person 0.0010 0 -15 56 174
pottedplant 0.0035 118 12 358 268
pottedplant 0.0018 24 59 405 331
sheep 0.0036 121 49 352 286
sofa 0.0098 24 59 405 331
