aeroplane 0.0024 46 302 63 343
bicycle 0.0014 46 302 63 343
boat 0.9999 28 25 368 397
boat 0.0545 46 302 63 343
boat 0.0044 44 322 55 337
boat 0.0036 36 317 74 340
boat 0.0036 48 322 62 336
boat 0.0035 41 313 59 344
boat 0.0026 50 312 60 335
boat 0.0016 10 336 24 345
car 0.0013 203 333 239 372
cat 0.0020 41 -9 386 383
cow 0.0025 71 11 428 419
diningtable 0.0020 71 11 428 419
horse 0.0014 203 333 239 372
motorbike 0.0017 203 333 239 372
person 0.9888 245 286 291 362
person 0.2517 203 333 239 372
person 0.0180 202 342 225 373
person 0.0047 205 329 234 359
person 0.0037 162 308 190 367
person 0.0034 222 290 320 377
person 0.0014 199 337 260 380
train 0.0010 46 302 63 343
