cat 0.0019 107 129 532 350
cat 0.0011 306 276 485 356
cow 0.0084 60 153 469 363
cow 0.0019 305 287 483 368
dog 0.0055 99 133 493 348
dog 0.0022 306 276 485 356
horse 0.0071 99 133 493 348
horse 0.0014 305 287 483 368
person 0.9351 0 218 54 374
person 0.0303 474 6 498 154
person 0.0083 1 216 23 372
person 0.0048 470 -25 500 223
person 0.0039 0 180 16 330
person 0.0024 0 215 6 302
person 0.0020 -2 160 32 393
person 0.0013 3 276 43 374
person 0.0011 306 276 485 356
sheep 0.9987 110 161 474 362
sheep 0.9564 262 290 483 366
sheep 0.0031 234 311 363 356
sheep 0.0025 141 259 442 358
sheep 0.0023 159 303 431 361
sheep 0.0015 262 325 374 370
