aeroplane 0.9999 13 111 488 313
aeroplane 0.0056 454 215 500 248
aeroplane 0.0037 -6 216 35 242
aeroplane 0.0020 489 229 500 290
aeroplane 0.0019 25 290 61 304
aeroplane 0.0012 33 293 53 302
aeroplane 0.0011 363 132 381 175
boat 0.0012 489 229 500 290
bus 0.0012 33 293 53 302
car 0.0808 33 293 53 302
car 0.0435 -2 284 32 303
car 0.0347 25 290 61 304
car 0.0250 45 292 59 303
car 0.0169 26 290 41 301
car 0.0112 16 289 31 301
car 0.0077 0 285 9 306
car 0.0060 400 258 438 279
car 0.0028 489 229 500 290
car 0.0027 54 290 65 304
car 0.0024 491 260 499 279
car 0.0023 0 271 13 308
car 0.0015 1 284 24 298
car 0.0014 493 269 499 284
person 0.0016 26 290 41 301
person 0.0014 45 292 59 303
person 0.0013 16 289 31 301
person 0.0012 419 265 435 279
person 0.0010 146 276 169 318
person 0.0010 33 293 53 302
