boat 0.0097 374 179 410 215
car 0.0011 1 195 5 219
motorbike 0.0014 89 126 383 268
person 0.0021 30 185 37 211
person 0.0014 27 165 40 215
person 0.0010 462 169 471 189
person 0.0010 1 195 5 219
pottedplant 0.0309 377 180 415 215
train 0.9978 89 126 383 268
train 0.1011 435 139 501 194
train 0.0089 389 116 496 204
train 0.0037 412 150 495 208
train 0.0026 431 110 505 219
train 0.0024 449 146 493 210
train 0.0015 469 130 499 200
train 0.0011 76 142 292 247
train 0.0010 374 179 410 215
tvmonitor 0.0092 374 179 410 215
