bottle 0.9989 151 127 326 333
bottle 0.4453 214 115 299 173
bottle 0.1227 289 148 331 214
bottle 0.0241 207 114 282 205
bottle 0.0138 262 159 332 222
bottle 0.0095 253 134 342 189
bottle 0.0082 231 149 331 205
bottle 0.0082 185 116 304 265
bottle 0.0069 242 116 347 169
bottle 0.0017 221 99 327 206
bottle 0.0015 229 130 326 267
bottle 0.0013 280 128 339 234
bottle 0.0011 209 88 341 296
bottle 0.0010 281 155 325 190
person 0.0599 175 94 316 302
person 0.0025 5 13 189 119
person 0.0025 58 -11 439 324
person 0.0024 144 153 336 340
