boat 0.0010 212 0 522 282
bottle 0.0015 278 35 505 344
bus 0.9990 222 -3 524 324
bus 0.9969 101 8 395 225
bus 0.0065 348 37 512 349
bus 0.0050 36 0 206 71
bus 0.0012 129 65 363 187
bus 0.0012 -1 93 62 175
car 0.9553 -1 85 66 151
car 0.7020 29 1 185 70
car 0.0481 -2 88 67 210
car 0.0059 79 1 371 205
car 0.0036 0 -12 9 47
car 0.0028 13 166 88 215
car 0.0016 -1 19 62 141
car 0.0016 1 53 59 115
car 0.0014 64 0 220 53
car 0.0014 2 -6 7 24
car 0.0013 0 61 9 127
car 0.0011 30 12 114 67
car 0.0011 -24 76 75 175
car 0.0010 1 88 47 118
horse 0.0012 152 8 515 312
person 0.0114 0 -12 9 47
person 0.0099 278 35 505 344
person 0.0069 139 12 425 226
person 0.0063 260 64 341 211
person 0.0048 224 97 263 131
person 0.0033 293 77 337 158
person 0.0029 233 26 430 299
person 0.0023 2 -6 7 24
person 0.0019 168 63 206 88
person 0.0018 216 104 256 137
person 0.0013 0 61 9 127
person 0.0011 1 -1 6 34
person 0.0011 287 55 378 219
person 0.0011 259 86 343 153
sheep 0.0013 -1 89 66 181
