bicycle 0.0011 249 62 316 127
bottle 0.0014 100 108 216 226
cat 0.0046 248 66 317 138
cat 0.0017 38 356 186 485
cat 0.0011 100 108 216 226
chair 0.9662 -9 39 337 386
chair 0.9631 184 25 371 250
chair 0.1117 63 73 252 352
chair 0.0235 100 108 216 226
chair 0.0118 199 38 345 177
chair 0.0069 139 -14 394 344
diningtable 0.0036 0 79 323 388
dog 0.9990 28 365 188 498
dog 0.7445 121 118 200 208
dog 0.7222 248 66 317 138
dog 0.0134 182 6 364 216
dog 0.0031 82 70 232 288
dog 0.0012 231 46 367 169
dog 0.0012 130 17 347 318
dog 0.0011 254 89 339 150
person 0.0484 5 -39 367 401
sofa 0.0395 21 29 349 393
