bicycle 0.0481 0 126 31 187
bicycle 0.0133 2 139 22 181
bicycle 0.0084 0 130 13 190
bicycle 0.0026 17 83 304 294
bicycle 0.0023 197 100 471 274
bus 0.0018 488 104 499 162
car 0.9992 16 64 303 291
car 0.9976 215 98 491 237
car 0.0993 372 100 491 215
car 0.0808 488 104 499 162
car 0.0777 474 111 498 200
car 0.0254 2 131 23 173
car 0.0234 479 121 497 163
car 0.0106 458 130 495 212
car 0.0102 0 120 13 184
car 0.0092 477 137 497 184
car 0.0068 477 74 498 164
car 0.0064 489 121 499 145
car 0.0063 456 106 497 175
car 0.0060 490 127 499 195
car 0.0055 458 153 495 187
car 0.0037 493 50 501 119
car 0.0034 408 117 493 191
car 0.0033 473 122 512 145
car 0.0029 490 127 498 155
car 0.0026 442 104 499 210
car 0.0026 4 137 40 165
car 0.0019 481 123 494 143
car 0.0018 -3 131 32 159
car 0.0016 -1 144 29 177
car 0.0015 492 63 499 163
car 0.0015 13 133 31 169
car 0.0015 475 128 511 154
car 0.0013 482 120 498 264
car 0.0012 492 113 498 137
car 0.0012 466 137 489 186
car 0.0011 494 73 500 97
diningtable 0.0015 197 100 471 274
horse 0.0035 2 139 22 181
horse 0.0023 0 130 13 190
horse 0.0015 0 126 31 187
motorbike 0.1069 0 126 31 187
motorbike 0.0167 2 139 22 181
motorbike 0.0074 0 130 13 190
motorbike 0.0024 488 113 499 170
motorbike 0.0010 5 108 41 177
person 0.0158 453 109 464 133
person 0.0086 477 114 497 230
person 0.0069 2 131 23 173
person 0.0041 0 126 31 187
person 0.0033 488 113 499 170
person 0.0029 0 120 13 184
person 0.0027 458 111 469 134
person 0.0020 372 100 491 215
person 0.0017 483 138 499 287
person 0.0011 491 135 498 206
pottedplant 0.0013 12 77 287 300
