boat 0.0013 -4 11 103 230
cat 0.0110 361 143 494 316
cat 0.0012 449 152 501 229
chair 0.9381 342 130 488 329
chair 0.9037 372 95 445 190
chair 0.9035 79 191 261 381
chair 0.0088 439 132 502 334
chair 0.0072 439 132 502 233
chair 0.0048 323 94 433 184
chair 0.0047 51 118 322 230
chair 0.0033 475 213 503 332
chair 0.0023 469 147 502 356
chair 0.0016 373 117 494 264
chair 0.0011 46 120 306 329
chair 0.0010 373 92 424 161
dog 0.0234 361 143 494 316
dog 0.0019 439 131 501 264
dog 0.0014 449 152 501 229
person 0.0244 43 104 330 220
person 0.0034 361 143 494 316
person 0.0017 438 125 501 307
person 0.0012 432 16 467 78
person 0.0010 436 23 455 75
pottedplant 0.5401 -4 11 103 230
pottedplant 0.0042 0 65 61 242
pottedplant 0.0012 0 132 25 225
pottedplant 0.0012 0 123 118 229
pottedplant 0.0010 6 135 43 223
sofa 0.9995 54 103 339 244
sofa 0.4153 360 130 496 330
sofa 0.0015 73 178 264 378
sofa 0.0014 46 120 306 329
