bottle 0.0011 45 148 73 238
cat 0.0021 183 87 310 166
chair 0.4360 379 201 490 303
chair 0.0720 390 207 474 271
chair 0.0068 276 217 441 308
chair 0.0057 183 87 310 166
chair 0.0039 381 250 486 297
chair 0.0013 163 81 326 311
chair 0.0010 475 206 502 299
diningtable 0.0031 316 211 488 300
person 0.0177 45 148 73 238
pottedplant 0.8962 276 217 441 308
pottedplant 0.5469 184 87 301 182
pottedplant 0.4214 163 81 326 311
pottedplant 0.4164 154 121 205 274
pottedplant 0.0218 332 195 481 285
pottedplant 0.0130 282 95 314 181
pottedplant 0.0112 218 244 448 333
pottedplant 0.0103 298 55 433 303
pottedplant 0.0043 343 16 411 301
pottedplant 0.0037 328 196 413 314
pottedplant 0.0034 270 187 404 291
pottedplant 0.0032 158 129 200 192
pottedplant 0.0026 286 111 311 235
pottedplant 0.0025 329 -25 465 320
pottedplant 0.0023 106 60 463 320
pottedplant 0.0016 138 135 200 327
pottedplant 0.0012 276 75 321 241
pottedplant 0.0012 303 203 409 271
pottedplant 0.0012 279 198 360 313
pottedplant 0.0011 269 -19 407 325
pottedplant 0.0010 331 192 418 248
pottedplant 0.0010 164 171 195 292
pottedplant 0.0010 278 214 317 299
sofa 0.0060 316 211 488 300
tvmonitor 0.0428 184 87 301 182
tvmonitor 0.0012 390 207 474 271
