aeroplane 0.0040 11 93 435 345
boat 0.0084 9 43 485 318
bus 0.0087 66 84 479 352
car 0.9982 15 99 478 339
car 0.0018 88 145 341 244
car 0.0010 150 124 279 216
motorbike 0.0055 11 93 435 345
person 0.8288 187 44 244 98
person 0.8271 68 32 138 172
person 0.6132 356 2 435 122
person 0.5321 184 132 265 216
person 0.3592 71 37 136 103
person 0.3557 376 129 451 206
person 0.3424 417 141 486 209
person 0.0790 36 55 73 116
person 0.0366 343 146 376 207
person 0.0318 344 143 411 206
person 0.0218 433 106 498 217
person 0.0193 181 46 250 161
person 0.0165 352 6 438 230
person 0.0108 448 126 494 203
person 0.0090 31 43 101 169
person 0.0081 258 144 306 214
person 0.0065 11 93 435 345
person 0.0050 355 124 434 226
person 0.0046 64 41 110 118
person 0.0042 99 39 141 98
person 0.0040 7 44 86 198
person 0.0038 92 166 162 231
person 0.0038 483 121 498 279
person 0.0027 477 104 497 217
person 0.0023 78 12 185 95
person 0.0022 341 89 473 203
person 0.0021 493 136 499 232
person 0.0021 223 59 244 95
person 0.0019 88 145 341 244
person 0.0019 44 37 79 103
person 0.0017 344 150 361 200
person 0.0017 34 70 151 183
person 0.0016 193 60 221 96
person 0.0015 54 67 117 209
person 0.0014 1 55 17 188
person 0.0014 351 10 394 91
person 0.0013 489 133 499 341
person 0.0011 50 22 130 119
person 0.0011 72 126 297 208
person 0.0010 144 95 280 191
sofa 0.0010 11 93 435 345
train 0.0020 11 93 435 345
tvmonitor 0.0021 11 93 435 345
tvmonitor 0.0014 356 -1 433 106
