bird 0.0020 310 115 445 214
bus 0.9075 311 116 444 232
bus 0.0219 461 164 487 240
bus 0.0165 381 166 446 224
bus 0.0131 470 146 500 210
bus 0.0090 466 160 506 189
bus 0.0054 374 123 442 232
bus 0.0028 439 168 458 201
bus 0.0027 475 164 497 199
bus 0.0020 346 141 445 212
bus 0.0015 430 170 465 197
bus 0.0013 442 176 455 191
bus 0.0012 488 170 502 212
car 0.0105 381 166 446 224
car 0.0071 442 176 455 191
car 0.0056 442 182 452 199
car 0.0034 437 174 456 205
car 0.0033 449 178 461 190
car 0.0022 310 115 445 214
car 0.0019 451 184 460 199
car 0.0015 466 160 506 189
car 0.0014 430 170 465 197
car 0.0012 491 190 499 213
car 0.0010 489 181 502 220
car 0.0010 491 173 498 192
person 0.7180 363 184 386 251
person 0.7021 461 164 487 240
person 0.3386 465 177 479 245
person 0.0697 463 176 475 231
person 0.0118 343 196 360 250
person 0.0116 0 174 7 249
person 0.0067 1 212 5 245
person 0.0066 466 169 481 219
person 0.0054 370 199 385 255
person 0.0047 346 185 375 252
person 0.0036 353 193 369 250
person 0.0036 311 116 444 232
person 0.0034 0 197 5 261
person 0.0033 382 187 397 237
person 0.0030 491 190 499 213
person 0.0028 428 174 446 211
person 0.0027 384 132 394 177
person 0.0024 489 181 502 220
person 0.0024 417 173 438 212
person 0.0019 387 137 392 170
person 0.0016 373 183 397 246
person 0.0015 470 155 495 232
person 0.0015 481 191 488 212
person 0.0014 442 182 452 199
person 0.0013 462 178 469 190
person 0.0013 464 186 472 215
person 0.0012 491 173 498 192
person 0.0011 451 184 460 199
person 0.0010 470 176 480 190
person 0.0010 387 148 393 175
person 0.0010 478 179 492 224
train 0.0046 466 160 506 189
tvmonitor 0.0037 310 115 445 214
tvmonitor 0.0017 466 160 506 189
tvmonitor 0.0010 470 146 500 210
