bird 0.0041 87 6 359 411
bird 0.0023 4 -9 116 87
bird 0.0018 265 249 490 369
cat 0.0053 87 6 359 411
cat 0.0018 265 249 490 369
cow 0.0108 88 -53 361 376
cow 0.0069 4 -9 116 87
cow 0.0019 302 247 499 368
dog 0.0025 265 249 490 369
dog 0.0016 87 6 359 411
dog 0.0011 4 -9 116 87
horse 0.0020 88 -53 361 376
horse 0.0013 4 -9 116 87
person 0.0018 109 -43 334 361
sheep 0.9994 102 -31 368 405
sheep 0.9940 302 247 499 368
sheep 0.7247 4 -9 116 87
sheep 0.0148 -4 2 128 54
train 0.0034 88 -53 361 376
train 0.0010 265 249 490 369
