aeroplane 0.0010 39 27 516 354
bicycle 0.0014 77 -2 166 50
bicycle 0.0014 65 0 502 280
car 0.0029 0 -5 502 287
horse 0.0019 0 -5 502 287
motorbike 0.9994 18 15 484 320
motorbike 0.0068 77 -2 166 50
motorbike 0.0045 260 2 471 187
motorbike 0.0036 292 6 444 107
motorbike 0.0015 10 27 120 162
motorbike 0.0011 12 1 78 52
motorbike 0.0011 326 18 480 150
person 0.0761 1 -12 28 69
person 0.0168 -1 -5 8 79
person 0.0151 5 -3 39 60
person 0.0038 18 15 33 58
person 0.0028 0 -8 20 130
person 0.0024 24 16 41 53
person 0.0019 55 9 73 43
person 0.0011 418 2 489 159
person 0.0010 25 1 64 52
train 0.0031 39 27 516 354
