aeroplane 0.0012 52 51 390 339
bicycle 0.9964 16 240 431 375
bicycle 0.5311 15 89 80 149
bicycle 0.1448 6 104 44 167
bicycle 0.0093 1 77 103 159
bicycle 0.0082 28 77 63 133
bicycle 0.0081 32 97 73 134
bicycle 0.0070 21 110 106 152
bicycle 0.0062 40 101 122 145
bicycle 0.0042 39 107 83 141
bicycle 0.0034 1 96 29 175
bicycle 0.0020 52 51 390 339
bicycle 0.0018 14 118 36 169
bicycle 0.0014 24 106 66 141
bicycle 0.0010 197 69 232 107
bicycle 0.0010 0 86 56 181
boat 0.0054 31 105 76 140
boat 0.0022 15 89 80 149
boat 0.0016 29 281 408 373
boat 0.0013 0 110 60 164
boat 0.0012 47 107 94 142
bus 0.0010 52 51 390 339
car 0.0048 52 51 390 339
car 0.0015 197 69 232 107
cat 0.0010 14 118 36 169
chair 0.0042 40 95 64 134
chair 0.0020 31 105 76 140
cow 0.0013 201 69 227 105
dog 0.0018 32 97 73 134
dog 0.0017 14 118 36 169
dog 0.0013 201 69 227 105
horse 0.0031 197 69 232 107
motorbike 0.0052 197 69 232 107
motorbike 0.0035 52 51 390 339
motorbike 0.0017 15 89 80 149
motorbike 0.0015 6 104 44 167
motorbike 0.0013 32 97 73 134
person 0.9907 86 62 240 360
person 0.9483 77 36 409 354
person 0.8815 7 73 42 160
person 0.5007 201 69 227 105
person 0.1102 2 66 28 143
person 0.0415 202 69 231 163
person 0.0219 0 86 64 153
person 0.0117 192 56 224 112
person 0.0115 86 117 125 202
person 0.0076 28 77 63 133
person 0.0066 4 64 26 109
person 0.0062 0 73 9 156
person 0.0058 41 89 64 124
person 0.0040 212 67 231 107
person 0.0038 86 96 156 294
person 0.0030 32 97 73 134
person 0.0030 1 96 29 175
person 0.0022 86 106 132 254
person 0.0021 3 86 20 142
person 0.0018 198 69 240 207
person 0.0011 109 115 129 153
train 0.0021 52 51 390 339
tvmonitor 0.0018 77 36 409 354
