bicycle 0.9878 67 287 201 419
bicycle 0.0049 242 258 276 324
bicycle 0.0020 249 266 270 317
bicycle 0.0016 88 267 121 365
bicycle 0.0010 85 231 131 401
bus 0.0013 10 170 128 266
car 0.0021 214 237 282 315
motorbike 0.0010 65 268 214 412
person 0.9788 18 234 49 315
person 0.9596 195 223 224 335
person 0.9384 208 227 235 330
person 0.9269 241 235 278 315
person 0.9087 93 165 198 420
person 0.5560 230 231 265 319
person 0.5443 84 219 114 341
person 0.1142 2 236 27 315
person 0.1108 -1 246 18 300
person 0.1046 40 239 56 308
person 0.0645 92 220 114 268
person 0.0516 218 224 279 328
person 0.0196 85 210 130 377
person 0.0170 89 174 166 353
person 0.0156 214 221 231 268
person 0.0125 85 228 110 276
person 0.0123 -3 243 9 288
person 0.0117 86 221 124 252
person 0.0105 65 268 214 412
person 0.0050 18 240 37 306
person 0.0049 16 232 38 277
person 0.0042 -1 250 6 277
person 0.0040 9 244 24 303
person 0.0039 2 243 63 308
person 0.0038 219 225 236 266
person 0.0035 23 231 35 245
person 0.0033 260 245 278 302
person 0.0032 -6 241 12 312
person 0.0029 181 225 206 335
person 0.0028 192 220 212 270
person 0.0026 98 225 112 243
person 0.0025 202 222 222 268
person 0.0025 221 235 236 292
person 0.0024 32 242 48 306
person 0.0023 21 235 35 249
person 0.0021 250 256 270 311
person 0.0016 215 224 226 244
person 0.0015 165 189 209 407
person 0.0014 91 226 105 242
person 0.0014 83 218 131 271
person 0.0013 46 245 63 302
person 0.0012 218 241 226 264
person 0.0010 98 220 112 235
