car 0.9997 29 107 450 244
car 0.0027 131 95 186 146
car 0.0021 74 61 138 144
car 0.0019 101 92 390 164
car 0.0010 211 83 280 149
cow 0.0010 229 81 263 111
person 0.9819 83 60 129 149
person 0.9110 302 70 344 133
person 0.7638 222 85 288 149
person 0.7355 138 93 178 148
person 0.0950 308 75 336 114
person 0.0718 229 81 263 111
person 0.0603 237 121 274 149
person 0.0280 265 123 301 148
person 0.0168 146 97 172 134
person 0.0110 212 87 258 115
person 0.0101 104 75 135 147
person 0.0081 250 127 298 152
person 0.0073 235 101 277 159
person 0.0064 72 74 103 150
person 0.0059 186 88 266 145
person 0.0046 237 115 314 155
person 0.0045 221 82 264 129
person 0.0038 242 90 283 114
person 0.0037 154 101 175 145
person 0.0037 129 101 152 144
person 0.0032 222 129 270 152
person 0.0030 137 102 161 144
person 0.0021 247 88 349 143
person 0.0020 236 92 256 109
person 0.0018 211 82 239 112
person 0.0018 207 85 245 148
person 0.0018 249 125 276 155
person 0.0016 136 96 218 144
person 0.0015 240 88 265 114
person 0.0014 300 121 345 148
person 0.0013 85 79 157 146
person 0.0013 131 102 169 156
person 0.0013 226 82 325 128
person 0.0011 271 127 295 141
person 0.0011 243 132 266 146
person 0.0010 262 125 285 154
person 0.0010 106 51 137 116
person 0.0010 232 131 277 166
