bicycle 0.0018 313 203 349 234
bicycle 0.0010 351 195 369 238
boat 0.9990 43 33 314 241
boat 0.0043 286 191 348 234
boat 0.0017 272 182 393 243
bus 0.0014 40 31 255 239
bus 0.0014 286 191 348 234
car 0.0016 314 198 349 227
chair 0.0013 351 195 369 238
dog 0.0010 351 190 369 234
horse 0.0011 351 190 369 234
motorbike 0.0021 313 203 349 234
motorbike 0.0011 286 137 321 166
person 0.8665 351 190 369 234
person 0.1651 293 188 315 232
person 0.1454 301 189 320 231
person 0.1140 320 202 343 233
person 0.0554 329 204 350 233
person 0.0485 312 194 333 230
person 0.0429 286 137 321 166
person 0.0302 343 192 363 234
person 0.0213 298 186 332 236
person 0.0189 286 188 305 235
person 0.0154 305 192 318 212
person 0.0143 323 201 339 218
person 0.0099 355 194 367 224
person 0.0087 299 131 321 161
person 0.0074 316 195 327 210
person 0.0072 319 189 352 236
person 0.0072 333 203 346 218
person 0.0071 294 189 328 217
person 0.0069 316 201 329 218
person 0.0066 334 202 368 235
person 0.0060 358 198 373 236
person 0.0060 324 197 337 209
person 0.0053 283 199 323 236
person 0.0052 324 207 339 230
person 0.0045 287 135 317 216
person 0.0043 356 191 366 212
person 0.0041 346 208 357 233
person 0.0035 296 192 311 211
person 0.0035 304 136 318 154
person 0.0035 303 141 318 161
person 0.0028 296 137 311 154
person 0.0027 346 201 358 220
person 0.0027 355 203 365 233
person 0.0023 478 250 492 267
person 0.0021 346 219 355 234
person 0.0020 362 197 370 223
person 0.0020 305 191 339 215
person 0.0018 315 208 330 229
person 0.0014 493 200 500 278
person 0.0013 286 168 319 234
person 0.0012 296 198 311 219
person 0.0012 276 193 314 230
person 0.0011 289 192 301 211
person 0.0010 362 206 371 230
