bicycle 0.0013 9 65 248 340
bird 0.0013 9 65 248 340
cat 0.0033 9 65 248 340
cat 0.0011 247 34 526 399
chair 0.0037 1 104 216 390
chair 0.0024 216 127 501 378
diningtable 0.0011 9 65 248 340
dog 0.0031 216 127 501 378
horse 0.0011 171 38 505 367
horse 0.0010 -9 35 272 369
person 0.9996 0 73 254 384
person 0.9995 218 51 496 381
person 0.0026 1 156 7 245
person 0.0023 1 101 15 249
person 0.0014 346 121 357 202
person 0.0013 70 69 434 374
sheep 0.0010 9 65 248 340
sofa 0.0015 216 127 501 378
sofa 0.0010 9 65 248 340
tvmonitor 0.0012 9 65 248 340
