aeroplane 0.0011 147 143 521 375
bicycle 0.0012 63 129 212 240
bottle 0.0144 127 165 145 201
bottle 0.0106 126 180 135 201
bottle 0.0058 124 173 138 207
bottle 0.0054 131 178 141 201
bottle 0.0020 100 166 137 200
bottle 0.0014 80 149 172 204
bottle 0.0011 279 132 319 190
bottle 0.0010 72 169 176 222
cat 0.0024 73 115 203 213
chair 0.8915 63 129 212 240
chair 0.0486 141 148 219 246
chair 0.0190 114 142 211 203
chair 0.0139 28 170 179 252
chair 0.0118 80 149 172 204
chair 0.0113 68 192 178 244
chair 0.0073 72 169 176 222
chair 0.0024 -1 175 24 262
chair 0.0023 174 148 528 376
chair 0.0021 161 173 231 246
chair 0.0020 0 125 19 226
chair 0.0016 0 115 6 230
chair 0.0012 2 136 134 241
cow 0.0010 198 185 510 387
diningtable 0.0013 114 142 211 203
diningtable 0.0012 72 169 176 222
diningtable 0.0011 68 192 178 244
person 0.9854 180 152 478 326
person 0.3859 63 129 212 240
person 0.1741 118 134 204 186
person 0.0502 80 149 172 204
person 0.0034 36 116 176 212
person 0.0019 193 157 394 237
pottedplant 0.0227 279 132 319 190
sofa 0.9687 174 148 528 376
sofa 0.0035 63 129 212 240
