bottle 0.0119 105 109 119 157
bottle 0.0096 110 111 123 156
bottle 0.0010 113 120 122 151
cat 0.0014 -1 220 162 376
chair 0.9401 -8 200 150 377
chair 0.0023 -4 176 132 298
chair 0.0011 28 226 140 278
person 0.0016 134 99 281 240
pottedplant 0.1594 246 -4 279 19
pottedplant 0.0067 229 -7 283 15
pottedplant 0.0025 225 -4 289 43
pottedplant 0.0017 244 0 267 15
pottedplant 0.0013 251 -2 275 8
sofa 0.0020 -1 212 144 378
tvmonitor 0.9979 125 92 290 225
tvmonitor 0.2483 162 -1 228 39
tvmonitor 0.0232 185 2 223 35
tvmonitor 0.0039 246 -4 279 19
tvmonitor 0.0020 156 2 198 38
tvmonitor 0.0012 115 1 222 37
