bicycle 0.0021 27 -3 467 314
bottle 0.0014 36 7 412 300
car 0.0020 27 -3 467 314
car 0.0017 361 0 422 46
car 0.0015 346 1 394 25
car 0.0012 27 1 77 24
car 0.0012 -2 20 52 205
car 0.0011 0 32 20 195
car 0.0010 378 -2 419 32
horse 0.0034 27 -3 467 314
motorbike 0.9998 30 16 466 353
person 0.9228 434 6 497 218
person 0.0465 388 -9 445 198
person 0.0256 400 10 468 211
person 0.0255 397 1 428 69
person 0.0184 381 0 414 65
person 0.0146 482 42 499 222
person 0.0098 36 7 412 300
person 0.0083 189 0 224 33
person 0.0079 0 -8 25 87
person 0.0069 379 2 401 47
person 0.0046 469 -8 498 234
person 0.0040 176 -1 196 32
person 0.0039 171 2 190 43
person 0.0031 402 -22 494 283
person 0.0031 488 -5 499 202
person 0.0027 493 46 499 134
person 0.0027 409 2 448 70
person 0.0023 399 7 433 138
person 0.0020 493 87 499 188
person 0.0020 188 2 247 40
person 0.0017 165 2 196 75
person 0.0017 361 0 422 46
person 0.0015 0 8 21 139
person 0.0014 211 -2 237 35
person 0.0012 413 14 446 132
person 0.0011 0 -2 8 87
person 0.0011 368 -7 431 159
person 0.0011 401 -20 454 139
train 0.0032 20 35 432 376
