bottle 0.0079 109 231 132 265
bottle 0.0022 112 233 127 248
person 0.9994 216 153 417 370
person 0.9006 127 150 286 365
person 0.3966 95 194 196 360
person 0.1549 485 176 501 374
person 0.0139 448 162 499 385
person 0.0128 475 166 499 412
person 0.0071 1 176 16 332
person 0.0067 481 185 500 283
person 0.0050 490 179 500 262
person 0.0029 0 277 22 387
person 0.0019 105 165 241 304
person 0.0018 491 202 499 295
person 0.0015 74 226 150 363
person 0.0011 -1 138 28 370
person 0.0010 483 133 498 258
