bicycle 0.0022 9 110 501 410
boat 0.0020 3 53 512 295
bus 0.0012 9 65 442 390
car 0.9998 12 60 506 389
car 0.0022 7 118 36 218
car 0.0017 1 97 24 211
car 0.0012 0 134 6 234
diningtable 0.0014 9 110 501 410
person 0.5147 0 106 22 226
person 0.0398 1 96 27 169
person 0.0342 7 118 36 218
person 0.0253 0 88 10 165
person 0.0135 0 117 6 213
person 0.0095 16 103 31 148
person 0.0049 -4 86 30 246
person 0.0032 20 106 29 130
person 0.0028 23 98 38 136
person 0.0021 1 97 47 236
person 0.0019 20 113 28 136
person 0.0015 0 100 29 135
person 0.0011 9 89 35 147
person 0.0010 16 137 31 195
pottedplant 0.0029 9 110 501 410
sofa 0.0015 3 53 512 295
