aeroplane 0.0015 321 159 511 312
bus 0.0012 340 184 497 309
chair 0.0020 475 171 499 259
cow 0.9958 198 176 368 280
cow 0.9756 360 181 496 315
cow 0.8775 132 167 200 278
cow 0.5551 54 161 159 312
cow 0.2685 475 171 499 259
cow 0.0091 321 178 385 287
cow 0.0086 437 172 502 329
cow 0.0016 333 163 411 302
cow 0.0013 491 111 498 213
cow 0.0013 484 99 497 257
cow 0.0012 480 178 500 324
diningtable 0.0054 335 173 500 303
diningtable 0.0028 187 179 342 279
dog 0.0057 475 171 499 259
dog 0.0020 354 166 498 313
horse 0.0048 475 171 499 259
horse 0.0025 335 173 500 303
horse 0.0017 198 176 368 280
person 0.0020 241 176 384 278
person 0.0014 475 171 499 259
sheep 0.0129 475 171 499 259
sheep 0.0010 491 111 498 213
sofa 0.0031 346 152 506 320
sofa 0.0016 187 179 342 279
