bicycle 0.0011 31 163 130 222
boat 0.0031 52 129 78 152
bus 0.0042 52 129 78 152
car 0.0014 52 129 78 152
chair 0.4168 31 163 130 222
chair 0.0332 15 130 67 219
chair 0.0294 41 142 123 208
chair 0.0057 146 153 287 233
chair 0.0057 303 105 318 130
chair 0.0032 50 127 87 165
chair 0.0025 56 157 124 193
chair 0.0013 312 97 318 136
chair 0.0012 55 171 126 204
chair 0.0011 252 117 276 159
chair 0.0011 19 140 63 186
chair 0.0010 92 115 134 181
chair 0.0010 12 126 50 169
person 0.0061 15 130 67 219
person 0.0038 180 154 321 232
person 0.0025 303 97 318 151
pottedplant 0.0211 303 105 318 130
pottedplant 0.0014 241 118 265 161
pottedplant 0.0013 312 97 318 136
pottedplant 0.0011 52 129 78 152
pottedplant 0.0011 303 90 318 140
sofa 0.9985 155 146 324 236
sofa 0.0063 235 156 321 234
sofa 0.0024 31 163 130 222
sofa 0.0019 52 129 78 152
train 0.0051 52 129 78 152
train 0.0013 96 120 129 174
tvmonitor 0.2934 96 120 129 174
tvmonitor 0.1786 52 129 78 152
tvmonitor 0.1136 52 124 87 158
tvmonitor 0.0290 41 142 123 208
tvmonitor 0.0199 303 105 318 130
tvmonitor 0.0117 31 163 130 222
tvmonitor 0.0042 303 90 318 140
tvmonitor 0.0040 52 117 121 171
tvmonitor 0.0031 52 146 105 177
tvmonitor 0.0030 54 84 86 164
tvmonitor 0.0026 9 139 71 204
tvmonitor 0.0016 293 100 318 147
tvmonitor 0.0013 62 126 91 168
