bottle 0.0036 490 99 498 183
bottle 0.0033 101 108 116 156
bottle 0.0030 104 113 114 131
bottle 0.0028 119 96 140 129
bottle 0.0022 114 113 124 129
bottle 0.0016 261 178 341 332
bottle 0.0010 115 106 126 124
chair 0.8948 102 114 183 195
chair 0.8922 0 137 70 289
chair 0.7466 452 95 493 179
chair 0.7376 168 114 238 173
chair 0.5204 0 197 60 336
chair 0.2144 265 99 302 149
chair 0.1816 163 156 476 332
chair 0.1545 145 115 221 186
chair 0.1450 163 110 202 177
chair 0.1231 5 138 79 208
chair 0.1002 34 155 380 332
chair 0.0587 471 92 496 179
chair 0.0509 143 105 186 181
chair 0.0462 83 109 246 201
chair 0.0396 198 115 285 165
chair 0.0231 0 208 24 335
chair 0.0227 434 91 471 179
chair 0.0155 91 138 169 200
chair 0.0152 395 102 464 171
chair 0.0150 119 104 165 183
chair 0.0143 300 102 371 212
chair 0.0138 104 105 148 181
chair 0.0137 217 125 293 184
chair 0.0136 444 103 500 243
chair 0.0106 53 140 123 198
chair 0.0090 389 96 498 226
chair 0.0081 422 83 488 191
chair 0.0078 361 163 430 230
chair 0.0071 255 105 295 139
chair 0.0061 378 213 490 328
chair 0.0058 340 86 411 147
chair 0.0056 311 102 360 169
chair 0.0050 50 190 292 302
chair 0.0050 297 101 335 165
chair 0.0047 376 63 420 135
chair 0.0045 224 102 299 147
chair 0.0042 -5 170 99 311
chair 0.0042 265 101 324 161
chair 0.0042 -2 154 34 353
chair 0.0039 282 96 354 149
chair 0.0037 479 129 500 260
chair 0.0036 60 125 152 192
chair 0.0030 490 99 498 183
chair 0.0027 241 108 283 165
chair 0.0026 0 143 20 285
chair 0.0024 82 229 424 325
chair 0.0023 279 104 305 144
chair 0.0023 90 117 125 194
chair 0.0021 261 178 341 332
chair 0.0020 258 135 339 259
chair 0.0019 280 142 350 208
chair 0.0019 -2 108 21 208
chair 0.0018 241 109 287 136
chair 0.0017 0 128 49 195
chair 0.0017 364 113 455 239
chair 0.0017 379 69 449 169
chair 0.0017 368 141 414 219
chair 0.0016 291 101 314 143
chair 0.0016 330 69 421 130
chair 0.0015 373 186 446 239
chair 0.0014 240 121 411 207
chair 0.0013 330 133 371 219
chair 0.0013 351 97 397 167
chair 0.0013 174 120 238 146
chair 0.0012 407 160 497 310
chair 0.0012 351 104 438 163
chair 0.0011 256 118 297 192
chair 0.0011 261 108 283 152
chair 0.0010 236 123 316 230
chair 0.0010 300 101 321 144
chair 0.0010 5 180 79 250
chair 0.0010 412 110 453 189
cow 0.0016 452 95 493 179
diningtable 0.9960 48 158 524 339
diningtable 0.9064 83 109 246 201
diningtable 0.4013 39 148 303 333
diningtable 0.0669 101 103 187 185
diningtable 0.0191 -35 116 385 354
diningtable 0.0143 145 110 221 178
diningtable 0.0135 452 95 493 179
diningtable 0.0087 438 113 501 270
diningtable 0.0083 52 194 361 301
diningtable 0.0061 389 96 498 226
diningtable 0.0048 414 98 494 175
diningtable 0.0031 198 115 285 165
diningtable 0.0026 182 116 252 168
diningtable 0.0024 471 92 496 179
diningtable 0.0023 192 186 452 306
diningtable 0.0020 284 92 444 159
diningtable 0.0019 125 226 455 329
diningtable 0.0016 302 102 368 168
diningtable 0.0015 104 108 153 197
diningtable 0.0012 265 99 302 149
diningtable 0.0012 60 125 152 192
person 0.0012 11 143 417 336
pottedplant 0.0119 373 186 446 239
pottedplant 0.0071 429 74 462 111
pottedplant 0.0053 361 163 430 230
pottedplant 0.0048 395 63 468 106
pottedplant 0.0033 417 66 458 104
pottedplant 0.0013 378 192 422 224
pottedplant 0.0011 258 135 339 259
pottedplant 0.0011 490 99 498 183
pottedplant 0.0010 136 97 180 127
sofa 0.0010 266 102 302 143
tvmonitor 0.0022 266 102 302 143
