aeroplane 0.9996 9 32 486 281
aeroplane 0.2323 467 196 502 219
aeroplane 0.0089 475 159 501 231
aeroplane 0.0084 5 132 88 180
aeroplane 0.0064 471 203 498 216
aeroplane 0.0063 -4 127 51 157
aeroplane 0.0048 463 205 503 226
aeroplane 0.0047 29 159 77 181
aeroplane 0.0033 480 98 500 221
aeroplane 0.0033 367 240 457 273
aeroplane 0.0030 445 213 509 241
aeroplane 0.0028 462 225 507 249
aeroplane 0.0027 394 245 440 271
aeroplane 0.0027 462 189 520 212
aeroplane 0.0025 490 143 500 220
aeroplane 0.0025 303 42 340 66
aeroplane 0.0024 469 204 486 217
aeroplane 0.0020 459 200 522 215
aeroplane 0.0020 458 188 498 241
aeroplane 0.0019 439 62 499 216
aeroplane 0.0018 487 168 498 233
aeroplane 0.0017 -6 138 39 161
aeroplane 0.0015 26 148 79 176
aeroplane 0.0013 -6 122 38 145
aeroplane 0.0013 492 231 501 247
aeroplane 0.0012 3 114 62 168
aeroplane 0.0012 376 246 425 269
aeroplane 0.0011 -1 157 49 183
aeroplane 0.0010 21 149 108 194
bicycle 0.0022 394 245 440 271
boat 0.0010 29 159 77 181
bottle 0.0218 248 318 262 333
car 0.0102 132 272 167 305
car 0.0040 79 312 207 338
car 0.0029 325 238 473 324
car 0.0027 376 246 425 269
car 0.0026 303 42 340 66
car 0.0013 117 280 164 308
car 0.0013 152 264 211 309
car 0.0011 131 268 192 309
car 0.0011 394 245 440 271
motorbike 0.0049 138 274 160 310
motorbike 0.0014 394 245 440 271
person 0.1507 137 269 161 307
person 0.0254 151 213 184 248
person 0.0119 166 265 187 306
person 0.0071 175 263 196 309
person 0.0057 144 274 167 312
person 0.0036 134 269 150 306
person 0.0028 159 267 177 306
person 0.0020 248 318 262 333
person 0.0011 135 275 146 296
person 0.0010 139 276 158 296
person 0.0010 146 271 188 303
pottedplant 0.0046 248 318 262 333
sheep 0.0029 467 196 502 219
