bottle 0.0263 111 150 149 174
bottle 0.0020 116 156 141 170
bottle 0.0018 231 158 277 187
chair 0.0198 187 115 259 167
chair 0.0094 -8 136 99 178
chair 0.0045 191 132 280 176
chair 0.0043 111 150 149 174
chair 0.0037 27 144 141 172
chair 0.0032 -3 114 93 169
chair 0.0029 197 129 252 160
chair 0.0023 -12 156 105 193
chair 0.0013 144 136 264 172
chair 0.0011 38 117 134 165
dog 0.0012 111 150 149 174
person 0.9998 225 73 494 348
person 0.0013 197 129 252 160
pottedplant 0.0049 111 150 149 174
tvmonitor 0.0088 381 13 492 110
tvmonitor 0.0019 219 90 331 150
