bicycle 0.0037 291 249 455 371
bicycle 0.0020 161 205 320 340
boat 0.0039 148 212 300 336
bottle 0.5858 211 188 225 251
bottle 0.3693 215 191 231 249
bottle 0.3673 164 329 185 377
bottle 0.1789 277 188 293 237
bottle 0.1071 226 207 242 249
bottle 0.0512 296 186 309 238
bottle 0.0442 285 187 298 237
bottle 0.0195 303 193 319 244
bottle 0.0110 208 193 233 265
bottle 0.0102 267 182 292 246
bottle 0.0071 234 209 252 248
bottle 0.0046 217 174 253 255
bottle 0.0037 230 213 239 246
bottle 0.0029 216 178 230 229
bottle 0.0026 288 197 296 228
bottle 0.0026 323 209 340 250
bottle 0.0025 244 210 263 248
bottle 0.0023 300 187 330 244
bottle 0.0023 283 186 307 243
bottle 0.0022 208 160 239 246
bottle 0.0021 298 197 307 227
bottle 0.0019 204 184 279 246
bottle 0.0016 255 193 270 248
bottle 0.0013 312 197 331 243
bottle 0.0012 279 197 290 226
bottle 0.0012 330 212 348 250
bottle 0.0012 306 200 316 226
bottle 0.0011 199 197 218 244
bottle 0.0010 93 147 108 161
bottle 0.0010 79 174 102 208
chair 0.8454 342 251 460 369
chair 0.4950 247 309 394 378
chair 0.4295 33 251 106 366
chair 0.1131 275 289 445 370
chair 0.0804 269 214 459 370
chair 0.0721 69 248 147 370
chair 0.0344 47 199 117 352
chair 0.0248 76 134 191 362
chair 0.0195 436 316 498 375
chair 0.0187 212 327 349 372
chair 0.0080 67 247 104 341
chair 0.0062 332 200 446 343
chair 0.0054 62 212 100 293
chair 0.0047 296 166 421 344
chair 0.0031 66 162 146 347
chair 0.0031 193 265 372 361
chair 0.0027 232 344 397 378
chair 0.0023 7 281 129 369
chair 0.0022 0 227 21 359
chair 0.0020 49 228 93 319
chair 0.0018 83 248 125 342
chair 0.0013 7 201 96 347
chair 0.0012 479 289 501 377
chair 0.0012 0 199 8 262
chair 0.0011 101 258 178 367
chair 0.0010 161 205 320 340
diningtable 0.8956 148 236 326 359
diningtable 0.0023 160 289 338 366
diningtable 0.0014 30 129 172 342
diningtable 0.0012 247 328 383 373
motorbike 0.0010 435 148 454 197
person 0.9736 289 154 425 361
person 0.8957 72 132 196 345
person 0.6206 190 131 298 333
person 0.3524 435 148 454 197
person 0.2702 418 149 437 194
person 0.1272 427 147 447 197
person 0.0619 408 143 429 185
person 0.0545 203 126 281 267
person 0.0370 399 143 418 181
person 0.0204 401 144 431 206
person 0.0201 340 181 441 367
person 0.0191 391 143 408 180
person 0.0188 316 156 399 319
person 0.0143 143 133 218 339
person 0.0139 380 132 398 173
person 0.0074 191 157 373 356
person 0.0074 204 184 279 246
person 0.0061 66 162 146 347
person 0.0060 383 131 411 187
person 0.0054 410 147 444 182
person 0.0048 394 151 405 175
person 0.0046 47 179 116 332
person 0.0036 370 125 393 164
person 0.0036 217 174 253 255
person 0.0034 291 249 455 371
person 0.0030 402 161 413 179
person 0.0027 391 138 425 174
person 0.0021 403 154 436 188
person 0.0018 416 140 437 173
person 0.0017 385 151 395 170
person 0.0017 395 161 405 178
person 0.0015 420 152 434 173
person 0.0015 161 205 320 340
person 0.0015 337 173 369 256
person 0.0014 413 159 424 182
person 0.0013 412 145 425 161
person 0.0012 421 158 433 184
person 0.0012 420 147 434 161
person 0.0011 385 148 445 202
person 0.0011 412 150 424 174
person 0.0010 383 140 394 165
person 0.0010 164 159 199 231
person 0.0010 431 152 443 172
pottedplant 0.1252 48 167 114 227
pottedplant 0.0643 30 129 172 342
pottedplant 0.0553 38 173 101 299
pottedplant 0.0436 45 179 87 250
pottedplant 0.0266 61 180 102 245
pottedplant 0.0248 5 137 113 256
pottedplant 0.0224 36 176 71 255
pottedplant 0.0124 58 195 105 226
pottedplant 0.0101 79 174 102 208
pottedplant 0.0070 49 211 92 292
pottedplant 0.0067 47 186 94 218
pottedplant 0.0065 0 122 62 272
pottedplant 0.0061 18 152 85 279
pottedplant 0.0057 66 150 106 215
pottedplant 0.0048 42 192 81 228
pottedplant 0.0041 70 185 110 217
pottedplant 0.0038 45 189 64 233
pottedplant 0.0034 15 168 86 228
pottedplant 0.0033 300 187 330 244
pottedplant 0.0033 59 197 101 272
pottedplant 0.0031 77 170 120 198
pottedplant 0.0030 61 204 102 236
pottedplant 0.0027 303 190 319 236
pottedplant 0.0025 43 177 82 208
pottedplant 0.0025 48 119 120 241
pottedplant 0.0021 93 147 108 161
pottedplant 0.0020 81 166 117 228
pottedplant 0.0019 -4 86 125 308
pottedplant 0.0018 48 182 74 221
pottedplant 0.0016 87 174 109 208
pottedplant 0.0016 267 182 292 246
pottedplant 0.0016 2 94 41 183
pottedplant 0.0015 322 201 339 242
pottedplant 0.0015 75 174 93 208
pottedplant 0.0014 82 182 99 200
pottedplant 0.0012 0 199 8 262
pottedplant 0.0012 47 170 95 196
pottedplant 0.0010 53 215 93 244
pottedplant 0.0010 312 197 331 243
sofa 0.0016 286 144 424 340
