aeroplane 0.0026 138 55 521 401
bicycle 0.0036 -1 219 18 324
bicycle 0.0015 20 119 137 377
bicycle 0.0014 184 236 390 362
boat 0.0560 141 -7 510 393
boat 0.0236 193 209 379 363
boat 0.0133 72 304 501 361
boat 0.0011 20 119 137 377
chair 0.0014 0 187 16 321
chair 0.0013 14 119 128 374
motorbike 0.0010 0 187 16 321
person 0.9994 333 100 496 374
person 0.9994 11 92 130 373
person 0.9128 217 163 352 368
person 0.0277 469 144 487 183
person 0.0045 0 124 12 309
person 0.0044 474 149 492 193
person 0.0030 184 236 390 362
person 0.0020 138 55 521 401
person 0.0012 473 149 483 178
pottedplant 0.0015 141 -7 510 393
train 0.0033 138 55 521 401
