bus 0.9994 58 27 298 443
car 0.0051 65 32 291 344
car 0.0018 20 232 69 380
horse 0.0165 42 33 285 437
motorbike 0.0074 317 285 345 373
person 0.9922 24 249 66 408
person 0.9905 317 267 346 365
person 0.7399 1 266 31 405
person 0.6886 301 263 323 365
person 0.1627 51 240 74 395
person 0.1007 185 231 244 283
person 0.0815 -1 259 21 307
person 0.0514 334 263 354 368
person 0.0419 70 262 94 374
person 0.0328 124 235 160 286
person 0.0261 81 258 106 373
person 0.0152 137 233 172 284
person 0.0119 82 315 112 396
person 0.0096 121 244 145 285
person 0.0088 7 248 30 310
person 0.0086 139 236 212 283
person 0.0068 74 240 119 394
person 0.0066 -1 249 18 284
person 0.0052 63 35 264 434
person 0.0047 116 252 137 290
person 0.0039 10 256 26 295
person 0.0039 300 271 315 335
person 0.0035 291 262 309 362
person 0.0034 13 264 23 283
person 0.0034 10 267 27 315
person 0.0031 309 272 323 334
person 0.0028 86 238 157 286
person 0.0027 284 263 296 325
person 0.0027 59 263 75 322
person 0.0024 152 245 172 283
person 0.0024 1 253 20 346
person 0.0019 154 245 191 282
person 0.0019 360 148 374 189
person 0.0019 290 273 306 331
person 0.0016 -1 266 37 301
person 0.0015 340 274 352 351
person 0.0014 -3 253 11 296
person 0.0014 292 265 302 285
person 0.0014 23 256 34 275
person 0.0013 16 260 35 307
person 0.0011 68 267 83 319
person 0.0010 105 235 141 289
person 0.0010 28 257 60 347
