aeroplane 0.0032 -1 57 12 89
bicycle 0.0010 0 62 9 86
boat 0.0021 49 47 454 306
bottle 0.0109 274 306 308 360
bus 0.0033 49 47 454 306
bus 0.0033 -1 57 12 89
bus 0.0015 5 5 162 307
car 0.9973 106 44 464 303
car 0.1181 -1 57 12 89
car 0.1134 14 61 52 84
car 0.0143 126 56 162 84
car 0.0108 -1 37 9 96
car 0.0062 0 70 8 89
car 0.0058 141 52 160 80
car 0.0045 141 53 181 75
car 0.0045 5 5 162 307
car 0.0027 143 57 159 74
car 0.0021 29 67 51 79
car 0.0012 -9 60 17 85
car 0.0011 3 54 18 90
car 0.0010 152 56 167 71
chair 0.0011 0 34 140 366
horse 0.0010 5 5 162 307
motorbike 0.0029 -1 57 12 89
motorbike 0.0025 5 5 162 307
motorbike 0.0012 126 56 162 84
person 0.9996 2 14 161 361
person 0.5203 427 57 481 319
person 0.0574 449 38 478 337
person 0.0116 385 18 478 340
person 0.0052 132 49 155 83
person 0.0047 466 38 478 231
person 0.0037 462 112 476 338
person 0.0036 0 62 9 86
person 0.0022 428 163 479 393
person 0.0020 451 141 481 414
person 0.0013 141 52 160 80
person 0.0013 473 184 478 294
person 0.0013 124 55 142 88
person 0.0012 143 57 159 74
person 0.0010 475 76 479 162
pottedplant 0.0016 100 69 462 337
train 0.0022 -1 57 12 89
tvmonitor 0.0015 100 69 462 337
