aeroplane 0.0036 218 184 260 215
bicycle 0.5135 218 184 260 215
bicycle 0.0179 228 188 273 213
bicycle 0.0010 210 197 267 216
boat 0.0064 218 184 260 215
car 0.0138 218 180 259 212
car 0.0022 0 103 7 203
cat 0.0162 218 184 260 215
chair 0.0019 218 180 259 212
cow 0.0522 223 186 262 213
dog 0.1147 223 186 262 213
horse 0.0541 223 186 262 213
motorbike 0.1519 218 184 260 215
motorbike 0.0032 228 188 273 213
person 0.1184 223 181 262 211
person 0.0036 0 103 7 203
person 0.0014 0 104 14 245
person 0.0010 232 193 254 209
sofa 0.0011 218 180 259 212
