bird 0.0020 155 155 219 222
bus 0.0010 160 149 225 216
car 0.0021 335 175 347 188
car 0.0016 335 137 347 148
cat 0.0070 62 271 462 365
chair 0.5350 408 202 450 260
chair 0.5178 383 195 446 249
chair 0.2265 324 191 388 247
chair 0.1246 450 222 496 289
chair 0.1156 319 191 359 249
chair 0.0584 454 196 493 271
chair 0.0385 374 194 415 250
chair 0.0112 444 240 496 381
chair 0.0108 166 289 470 371
chair 0.0092 340 194 381 227
chair 0.0091 327 249 424 306
chair 0.0078 489 228 501 291
chair 0.0075 468 237 501 302
chair 0.0065 441 199 499 308
chair 0.0064 353 199 392 256
chair 0.0044 307 198 370 260
chair 0.0039 217 172 238 208
chair 0.0031 391 248 502 371
chair 0.0029 448 190 499 242
chair 0.0028 398 202 438 240
chair 0.0026 335 175 347 188
chair 0.0018 401 197 452 229
chair 0.0016 331 192 351 248
chair 0.0016 317 194 419 274
chair 0.0016 411 203 489 267
chair 0.0014 432 215 472 290
chair 0.0013 329 201 373 239
chair 0.0012 396 203 420 255
chair 0.0011 371 243 421 308
chair 0.0011 462 200 487 238
chair 0.0010 338 194 361 230
chair 0.0010 339 179 381 204
diningtable 0.0088 324 191 388 247
diningtable 0.0069 361 194 432 249
diningtable 0.0023 399 196 454 248
dog 0.0014 62 271 462 365
person 0.0070 335 175 347 188
person 0.0036 160 149 225 216
person 0.0017 489 228 501 291
person 0.0012 216 166 236 204
pottedplant 0.1982 457 188 495 245
pottedplant 0.1059 -2 312 61 376
pottedplant 0.0373 464 191 486 234
pottedplant 0.0067 217 172 238 208
pottedplant 0.0030 -3 306 31 386
pottedplant 0.0025 464 202 502 236
pottedplant 0.0022 472 191 495 232
pottedplant 0.0022 335 175 347 188
pottedplant 0.0020 489 228 501 291
pottedplant 0.0016 490 179 499 243
pottedplant 0.0014 -22 303 135 373
sofa 0.9948 74 281 486 374
sofa 0.0050 444 240 496 381
sofa 0.0021 160 149 225 216
sofa 0.0015 391 248 502 371
train 0.0014 160 149 225 216
tvmonitor 0.9921 155 149 219 218
tvmonitor 0.0015 340 194 381 227
tvmonitor 0.0014 464 191 486 234
tvmonitor 0.0011 335 175 347 188
tvmonitor 0.0010 489 228 501 291
