bus 0.9982 28 64 262 157
bus 0.9981 238 63 484 172
bus 0.0426 121 71 292 155
bus 0.0324 210 69 364 166
bus 0.0073 448 77 496 162
bus 0.0032 0 86 28 152
bus 0.0029 492 97 500 168
bus 0.0028 481 66 499 171
bus 0.0018 371 76 504 165
bus 0.0016 241 63 316 177
car 0.0039 492 97 500 168
car 0.0036 -3 99 35 127
car 0.0024 494 139 499 163
car 0.0024 15 98 30 109
car 0.0019 493 129 498 157
car 0.0015 1 93 42 115
car 0.0011 242 53 481 162
car 0.0010 26 56 257 157
person 0.0035 287 66 496 172
person 0.0033 277 101 287 122
person 0.0027 52 86 71 118
person 0.0021 274 86 290 124
person 0.0017 38 59 283 155
person 0.0015 494 139 499 163
