aeroplane 0.0015 -5 -21 289 341
bicycle 0.0100 -5 -21 289 341
boat 0.0016 -39 12 263 365
bottle 0.0011 -5 -21 289 341
bus 0.0015 -39 12 263 365
car 0.0036 -5 -21 289 341
car 0.0012 253 21 517 386
cat 0.0020 -5 -21 289 341
chair 0.0077 -5 -21 289 341
chair 0.0056 175 32 500 374
diningtable 0.0018 -5 -21 289 341
dog 0.0014 207 50 470 360
dog 0.0010 -5 -21 289 341
horse 0.0033 -5 -21 289 341
motorbike 0.0040 -5 -21 289 341
person 0.9997 20 16 267 368
person 0.9983 229 28 493 364
pottedplant 0.0010 -5 -21 289 341
sofa 0.0055 106 54 486 360
sofa 0.0030 -5 -21 289 341
train 0.0017 -39 12 263 365
tvmonitor 0.0052 -39 12 263 365
