bicycle 0.0012 284 3 435 323
bottle 0.0018 71 250 105 334
bottle 0.0012 284 3 435 323
car 0.0020 183 126 298 367
car 0.0010 284 3 435 323
chair 0.0034 284 3 435 323
chair 0.0025 19 112 184 386
chair 0.0024 183 126 298 367
chair 0.0022 0 235 22 347
chair 0.0015 4 223 88 363
cow 0.0013 284 3 435 323
diningtable 0.0026 284 3 435 323
horse 0.0088 284 3 435 323
horse 0.0039 181 69 299 338
motorbike 0.0022 284 3 435 323
motorbike 0.0020 181 69 299 338
person 0.9999 16 54 192 375
person 0.9997 283 19 429 374
person 0.9988 183 88 296 364
