aeroplane 0.0012 487 153 500 205
bus 0.0439 298 144 410 173
bus 0.0330 169 130 223 153
bus 0.0194 140 126 231 157
bus 0.0069 327 142 373 162
bus 0.0057 487 140 499 202
bus 0.0056 151 131 205 151
bus 0.0048 117 134 159 153
bus 0.0048 359 146 398 179
bus 0.0039 187 136 224 162
bus 0.0038 301 126 408 161
bus 0.0029 355 142 403 166
bus 0.0029 227 143 279 164
bus 0.0025 162 125 215 144
bus 0.0025 312 131 369 155
bus 0.0024 187 132 241 154
bus 0.0018 309 139 354 161
bus 0.0017 270 140 368 169
bus 0.0017 -2 132 13 168
bus 0.0016 178 98 397 160
bus 0.0015 265 124 372 159
bus 0.0014 166 138 208 158
bus 0.0014 489 118 499 185
bus 0.0013 226 149 280 175
bus 0.0011 181 123 228 146
bus 0.0010 119 139 160 162
bus 0.0010 135 132 180 151
car 0.9994 -11 160 226 308
car 0.9262 123 156 240 203
car 0.9023 75 132 124 169
car 0.8963 276 157 407 226
car 0.6424 226 149 280 175
car 0.6135 359 146 398 179
car 0.5561 298 144 410 173
car 0.4952 5 138 59 164
car 0.4037 126 140 170 163
car 0.3359 169 130 223 153
car 0.2891 0 142 65 201
car 0.2457 487 153 500 205
car 0.2361 213 147 261 173
car 0.2325 127 146 186 170
car 0.0946 117 134 159 153
car 0.0834 478 159 496 199
car 0.0819 151 131 205 151
car 0.0679 -2 132 13 168
car 0.0651 45 136 79 160
car 0.0583 287 137 317 169
car 0.0555 210 151 303 184
car 0.0543 227 143 279 164
car 0.0445 187 136 224 162
car 0.0397 355 142 403 166
car 0.0365 248 154 298 179
car 0.0346 325 149 373 168
car 0.0335 0 139 10 162
car 0.0326 270 140 368 169
car 0.0320 108 137 154 161
car 0.0319 488 126 499 196
car 0.0319 121 136 140 147
car 0.0299 317 141 365 161
car 0.0290 159 134 176 148
car 0.0264 126 142 236 173
car 0.0261 140 126 231 157
car 0.0236 166 138 208 158
car 0.0233 292 150 414 191
car 0.0232 62 135 107 163
car 0.0223 205 141 248 165
car 0.0200 144 140 188 158
car 0.0185 94 135 124 164
car 0.0173 230 142 320 173
car 0.0166 274 145 314 175
car 0.0158 37 134 51 147
car 0.0157 135 132 180 151
car 0.0152 141 137 157 147
car 0.0148 36 132 70 154
car 0.0147 307 130 355 155
car 0.0145 468 155 485 207
car 0.0138 489 166 499 193
car 0.0134 -1 153 86 219
car 0.0132 334 143 385 163
car 0.0119 386 154 411 187
car 0.0119 196 147 237 172
car 0.0115 49 127 93 159
car 0.0111 -6 135 38 162
car 0.0105 10 134 55 153
car 0.0104 358 149 423 192
car 0.0097 187 132 241 154
car 0.0095 476 166 511 192
car 0.0092 130 138 148 147
car 0.0091 152 136 165 148
car 0.0089 160 159 272 196
car 0.0084 1 125 23 157
car 0.0083 417 147 486 203
car 0.0078 357 147 383 175
car 0.0073 3 127 22 139
car 0.0073 44 134 60 151
car 0.0072 162 125 215 144
car 0.0070 -3 144 120 246
car 0.0068 159 129 175 138
car 0.0068 0 122 10 141
car 0.0066 411 163 444 197
car 0.0065 457 146 488 206
car 0.0064 -1 122 30 143
car 0.0059 304 149 358 167
car 0.0055 161 149 212 169
car 0.0052 160 142 286 169
car 0.0051 141 130 156 138
car 0.0046 216 144 233 156
car 0.0046 179 144 194 155
car 0.0045 0 129 10 153
car 0.0043 127 142 150 155
car 0.0042 71 135 93 164
car 0.0042 69 125 114 143
car 0.0041 376 151 401 185
car 0.0039 0 146 8 169
car 0.0038 480 138 495 186
car 0.0037 -1 114 14 151
car 0.0033 296 154 346 181
car 0.0032 149 143 168 154
car 0.0032 400 153 426 200
car 0.0032 480 166 492 193
car 0.0031 191 129 220 156
car 0.0031 303 138 343 162
car 0.0031 66 138 183 162
car 0.0031 170 143 184 155
car 0.0031 181 123 228 146
car 0.0030 152 129 165 138
car 0.0030 489 158 498 183
motorbike 0.0070 123 145 175 170
motorbike 0.0064 487 153 500 205
motorbike 0.0040 50 135 72 160
motorbike 0.0037 75 132 124 169
motorbike 0.0030 207 145 247 173
motorbike 0.0024 360 146 399 188
motorbike 0.0024 5 138 59 164
motorbike 0.0023 -2 132 13 168
motorbike 0.0017 217 148 274 174
motorbike 0.0012 289 140 315 178
motorbike 0.0010 409 164 424 208
motorbike 0.0010 119 139 160 162
motorbike 0.0010 0 139 10 162
person 0.2250 289 140 315 178
person 0.1215 409 157 424 206
person 0.0950 50 135 72 160
person 0.0420 468 164 482 209
person 0.0338 284 144 304 178
person 0.0303 208 146 226 173
person 0.0265 402 155 417 206
person 0.0212 457 167 475 211
person 0.0130 196 147 237 172
person 0.0120 44 137 63 159
person 0.0098 37 134 51 147
person 0.0096 446 169 469 209
person 0.0085 457 146 488 206
person 0.0083 44 134 60 151
person 0.0077 159 134 176 148
person 0.0068 179 144 194 155
person 0.0060 170 143 184 155
person 0.0056 478 159 496 199
person 0.0046 273 146 295 177
person 0.0044 210 158 222 174
person 0.0040 287 137 333 167
person 0.0038 189 144 203 157
person 0.0037 0 139 10 162
person 0.0037 302 138 319 167
person 0.0037 159 141 177 154
person 0.0036 -1 120 14 165
person 0.0034 415 161 437 200
person 0.0033 152 136 165 148
person 0.0033 44 129 79 158
person 0.0032 436 144 474 205
person 0.0029 1 125 23 157
person 0.0028 216 149 232 169
person 0.0027 213 139 236 167
person 0.0026 210 145 222 158
person 0.0026 305 141 317 162
person 0.0025 471 172 479 204
person 0.0025 286 149 300 170
person 0.0025 314 142 328 160
person 0.0024 0 122 10 141
person 0.0024 272 153 313 181
person 0.0024 310 138 333 162
person 0.0024 200 151 214 166
person 0.0023 46 170 126 209
person 0.0023 277 138 312 168
person 0.0022 190 151 203 164
person 0.0022 192 136 220 163
person 0.0019 487 153 500 205
person 0.0019 61 134 80 162
person 0.0018 69 176 111 205
person 0.0018 293 147 311 168
person 0.0018 18 128 28 139
person 0.0016 217 158 231 174
person 0.0016 170 148 221 170
person 0.0016 292 142 314 161
person 0.0016 159 129 175 138
person 0.0016 3 127 22 139
person 0.0015 363 149 395 185
person 0.0014 37 128 48 140
person 0.0014 411 165 422 192
person 0.0014 216 144 233 156
person 0.0013 141 137 157 147
person 0.0013 198 143 214 156
person 0.0013 332 147 349 158
person 0.0012 352 148 368 158
person 0.0011 152 129 165 138
person 0.0011 322 145 338 158
person 0.0011 294 156 308 177
person 0.0010 28 127 39 139
person 0.0010 0 129 10 153
train 0.0101 169 130 223 153
train 0.0017 178 98 397 160
train 0.0016 487 140 499 202
train 0.0016 151 131 205 151
train 0.0015 327 142 373 162
train 0.0012 27 -5 233 171
train 0.0010 162 125 215 144
train 0.0010 187 136 224 162
train 0.0010 359 146 398 179
