bottle 0.9382 244 118 268 196
bottle 0.0863 230 141 259 205
bottle 0.0088 428 255 466 283
bottle 0.0049 239 147 255 195
bottle 0.0041 444 254 463 285
bottle 0.0028 253 119 269 173
bottle 0.0021 448 260 461 282
bottle 0.0019 188 220 244 242
bottle 0.0014 211 147 270 201
chair 0.5541 317 214 434 370
chair 0.3093 94 207 186 384
chair 0.0277 109 130 249 375
chair 0.0240 292 211 382 374
chair 0.0076 45 207 94 289
chair 0.0016 260 125 397 381
chair 0.0015 370 223 449 286
chair 0.0012 364 217 448 339
diningtable 0.9861 168 211 387 370
diningtable 0.0066 260 125 397 381
diningtable 0.0020 129 118 270 380
diningtable 0.0010 327 214 433 371
person 0.9974 126 110 271 366
person 0.9780 261 112 390 361
person 0.0448 286 158 436 377
person 0.0175 177 170 390 372
person 0.0017 112 187 232 349
tvmonitor 0.0090 46 199 94 280
