bird 0.0019 318 -4 440 78
chair 0.9941 290 199 443 379
chair 0.9884 95 205 267 377
chair 0.5116 83 160 197 368
chair 0.3305 217 170 351 357
chair 0.2223 269 160 382 368
chair 0.0140 76 157 149 348
chair 0.0125 123 268 284 380
chair 0.0056 117 185 376 362
chair 0.0020 213 124 334 264
chair 0.0013 271 223 359 288
chair 0.0012 270 134 355 309
chair 0.0011 196 197 288 348
diningtable 0.9937 83 206 403 371
diningtable 0.0372 153 202 342 331
diningtable 0.0076 193 117 319 245
diningtable 0.0061 217 170 351 357
diningtable 0.0011 130 229 276 376
person 0.0018 257 206 421 367
person 0.0018 217 170 351 357
pottedplant 0.7663 324 5 434 55
pottedplant 0.2109 193 117 319 245
pottedplant 0.0101 318 4 437 108
pottedplant 0.0027 354 11 461 63
pottedplant 0.0021 172 129 340 323
pottedplant 0.0013 47 -2 96 19
pottedplant 0.0011 328 25 371 53
pottedplant 0.0011 397 24 437 54
tvmonitor 0.0017 318 -4 440 78
