bottle 0.4596 301 3 316 48
bottle 0.0116 305 0 321 51
bottle 0.0111 303 10 313 41
bottle 0.0038 294 8 323 44
bottle 0.0030 292 2 308 44
bottle 0.0019 298 2 368 53
bottle 0.0017 279 0 311 50
bottle 0.0016 254 5 329 47
cat 0.9976 136 179 373 469
cat 0.9959 12 110 303 473
cat 0.1772 112 119 193 194
cat 0.0049 48 125 232 215
cat 0.0025 78 148 380 365
cat 0.0018 11 91 212 336
chair 0.1991 -32 79 403 440
chair 0.0051 48 125 232 215
chair 0.0025 15 103 265 411
chair 0.0022 112 119 193 194
chair 0.0011 4 73 224 276
diningtable 0.0032 -32 79 403 440
dog 0.0290 112 119 193 194
person 0.0580 -32 79 403 440
person 0.0158 72 164 369 480
person 0.0067 8 89 221 425
person 0.0012 -94 38 11 456
pottedplant 0.0082 249 8 287 39
pottedplant 0.0058 248 10 271 37
pottedplant 0.0022 251 16 268 34
pottedplant 0.0018 237 5 312 44
sofa 0.0171 -32 79 403 440
