bicycle 0.0033 51 13 275 315
bicycle 0.0015 270 81 437 325
bird 0.0012 51 13 275 315
cat 0.0082 51 13 275 315
cat 0.0052 270 81 437 325
chair 0.2440 48 61 282 363
chair 0.0088 278 118 438 381
diningtable 0.0022 25 50 265 374
dog 0.0041 51 13 275 315
dog 0.0016 270 81 437 325
dog 0.0014 264 255 329 324
horse 0.0011 51 13 275 315
motorbike 0.0018 51 13 275 315
motorbike 0.0017 270 81 437 325
person 0.9986 274 97 435 348
person 0.9978 43 36 280 349
person 0.0036 167 247 326 351
person 0.0029 264 255 329 324
person 0.0025 161 158 334 366
person 0.0022 188 102 399 354
pottedplant 0.0011 51 13 275 315
sofa 0.0294 19 42 309 383
sofa 0.0016 270 81 437 325
