bottle 0.0099 111 217 143 280
chair 0.0015 -16 252 312 371
chair 0.0014 0 150 15 281
diningtable 0.9964 -9 248 329 370
diningtable 0.1139 36 205 397 260
diningtable 0.0091 179 190 297 235
diningtable 0.0072 -30 225 376 300
diningtable 0.0060 157 215 334 290
diningtable 0.0028 131 138 363 224
diningtable 0.0024 219 133 335 173
diningtable 0.0017 142 185 421 270
person 0.9972 299 89 496 369
person 0.8595 165 98 231 213
person 0.8449 211 125 273 178
person 0.4566 97 99 190 244
person 0.4413 281 100 447 292
person 0.4396 299 92 375 223
person 0.4021 14 98 110 261
person 0.1063 219 133 335 173
person 0.0821 125 107 201 219
person 0.0770 188 108 307 199
person 0.0679 267 109 400 238
person 0.0523 205 117 243 190
person 0.0435 415 101 483 220
person 0.0370 217 141 444 360
person 0.0225 325 95 418 226
person 0.0198 212 128 257 163
person 0.0197 287 56 313 101
person 0.0190 88 94 120 149
person 0.0162 437 98 504 254
person 0.0130 284 59 315 130
person 0.0118 312 97 361 184
person 0.0092 427 112 469 203
person 0.0071 228 135 280 171
person 0.0065 188 112 258 177
person 0.0062 179 101 220 185
person 0.0055 372 93 454 227
person 0.0050 276 126 359 184
person 0.0042 329 98 376 183
person 0.0042 452 113 491 200
person 0.0036 0 60 9 132
person 0.0032 103 134 313 224
person 0.0031 372 110 493 259
person 0.0031 209 120 244 152
person 0.0030 472 89 499 187
person 0.0030 182 126 396 224
person 0.0028 189 50 542 343
person 0.0022 65 104 151 245
person 0.0021 90 88 113 124
person 0.0021 416 98 452 184
person 0.0020 494 79 501 150
person 0.0019 219 49 257 118
person 0.0018 213 131 240 172
person 0.0016 370 67 390 103
person 0.0016 76 93 106 151
person 0.0015 405 81 463 206
person 0.0012 300 119 339 191
person 0.0012 483 43 500 157
person 0.0011 236 131 290 161
person 0.0011 416 68 447 128
person 0.0010 469 56 503 370
