aeroplane 0.0027 22 195 44 208
bus 0.9996 127 98 317 236
bus 0.0077 22 195 44 208
car 0.1904 22 195 44 208
car 0.0106 18 196 32 206
car 0.0014 24 191 45 226
car 0.0014 14 194 55 222
car 0.0012 5 193 49 210
motorbike 0.0010 22 195 44 208
person 0.0850 197 165 211 200
person 0.0315 257 173 270 194
person 0.0071 254 172 271 208
person 0.0060 268 173 278 192
person 0.0051 278 172 287 192
person 0.0022 248 175 265 192
person 0.0022 246 172 279 195
person 0.0020 194 171 204 195
person 0.0018 199 178 210 198
person 0.0017 197 169 213 231
train 0.0015 21 191 45 214
