bird 0.0017 383 28 395 47
bottle 0.0183 288 135 297 155
bottle 0.0070 296 143 304 160
bottle 0.0039 290 142 298 159
bottle 0.0024 383 28 395 47
bottle 0.0019 380 23 397 52
bottle 0.0011 370 217 382 283
chair 0.0204 222 197 304 267
chair 0.0157 299 154 345 233
chair 0.0021 -1 183 92 313
pottedplant 0.0531 156 163 200 233
pottedplant 0.0060 380 23 397 52
pottedplant 0.0034 383 28 395 47
pottedplant 0.0024 88 124 191 218
pottedplant 0.0022 478 122 499 236
pottedplant 0.0012 149 159 214 272
pottedplant 0.0012 288 135 297 155
pottedplant 0.0011 296 143 304 160
sofa 0.5877 0 177 90 297
sofa 0.0017 222 197 304 267
tvmonitor 0.9209 86 124 177 189
tvmonitor 0.0044 220 101 251 126
tvmonitor 0.0012 481 -65 500 29
