aeroplane 0.0034 65 264 86 285
aeroplane 0.0027 43 265 69 280
bus 0.0301 65 264 86 285
bus 0.0082 44 267 65 280
bus 0.0048 42 252 66 283
bus 0.0017 43 264 87 282
bus 0.0012 66 248 84 286
car 0.8196 44 267 65 280
car 0.6915 65 268 85 283
car 0.1009 44 268 54 281
car 0.0752 43 264 87 282
car 0.0549 58 269 71 281
car 0.0384 76 268 87 282
car 0.0119 58 270 91 288
car 0.0108 42 252 66 283
car 0.0102 62 264 100 284
car 0.0030 72 260 89 288
car 0.0027 48 261 61 274
car 0.0022 32 269 43 277
car 0.0021 22 267 31 276
car 0.0021 117 257 129 268
car 0.0016 29 265 69 281
car 0.0016 66 248 84 286
car 0.0011 76 273 87 286
car 0.0010 48 274 62 284
motorbike 0.0029 44 267 65 280
motorbike 0.0015 65 268 85 283
person 0.0059 44 268 54 281
person 0.0014 2 258 9 273
person 0.0012 65 268 85 283
person 0.0010 76 268 87 282
train 0.0066 65 264 86 285
train 0.0018 43 264 66 281
