bird 0.0016 36 187 53 202
bird 0.0011 485 68 499 123
bottle 0.0015 66 191 73 213
bottle 0.0013 65 199 74 221
bottle 0.0012 62 192 76 230
cat 0.0018 28 193 67 273
chair 0.7043 4 284 80 378
chair 0.1990 4 223 62 289
chair 0.1227 28 193 67 273
chair 0.0260 13 181 73 289
chair 0.0241 12 199 52 276
chair 0.0131 0 219 28 289
chair 0.0062 5 211 26 247
chair 0.0050 0 238 8 300
chair 0.0041 0 288 30 372
chair 0.0031 10 205 31 235
chair 0.0028 3 223 22 277
chair 0.0022 0 282 49 352
chair 0.0021 10 209 70 335
chair 0.0020 37 292 83 371
chair 0.0015 46 198 73 270
chair 0.0014 13 211 29 227
chair 0.0014 1 175 23 260
chair 0.0014 0 251 6 322
chair 0.0011 8 211 24 229
chair 0.0010 32 189 57 231
chair 0.0010 56 227 71 271
diningtable 0.0033 4 223 62 289
diningtable 0.0013 0 290 68 373
diningtable 0.0011 28 193 67 273
person 0.0087 28 193 67 273
person 0.0053 12 199 52 276
person 0.0034 2 186 66 291
pottedplant 0.9916 315 50 438 372
pottedplant 0.4403 29 185 69 246
pottedplant 0.4384 139 184 176 237
pottedplant 0.1182 32 184 56 217
pottedplant 0.1107 153 198 175 240
pottedplant 0.0528 470 73 500 126
pottedplant 0.0450 13 181 73 289
pottedplant 0.0277 485 68 499 123
pottedplant 0.0129 33 203 68 235
pottedplant 0.0100 136 189 162 231
pottedplant 0.0094 36 187 53 202
pottedplant 0.0084 34 190 53 209
pottedplant 0.0078 62 192 76 230
pottedplant 0.0065 458 86 496 122
pottedplant 0.0051 31 183 69 208
pottedplant 0.0048 10 205 31 235
pottedplant 0.0041 481 41 501 128
pottedplant 0.0041 46 198 73 270
pottedplant 0.0037 0 238 8 300
pottedplant 0.0036 66 191 73 213
pottedplant 0.0035 65 199 74 221
pottedplant 0.0033 13 211 29 227
pottedplant 0.0032 14 186 48 246
pottedplant 0.0031 124 173 215 264
pottedplant 0.0027 132 186 150 234
pottedplant 0.0026 56 227 71 271
pottedplant 0.0025 55 180 72 222
pottedplant 0.0024 8 211 24 229
pottedplant 0.0024 16 204 29 220
pottedplant 0.0021 144 182 169 224
pottedplant 0.0020 5 211 26 247
pottedplant 0.0017 57 200 72 240
pottedplant 0.0017 64 208 74 230
pottedplant 0.0016 157 208 173 231
pottedplant 0.0014 41 191 59 209
pottedplant 0.0014 42 188 58 202
pottedplant 0.0013 26 186 45 218
pottedplant 0.0012 42 230 65 268
pottedplant 0.0012 470 83 513 109
pottedplant 0.0012 483 97 498 260
pottedplant 0.0012 28 193 41 211
pottedplant 0.0012 488 84 499 107
pottedplant 0.0012 22 214 64 288
pottedplant 0.0011 465 79 490 116
pottedplant 0.0011 131 202 170 236
pottedplant 0.0010 12 199 52 276
sofa 0.0036 4 223 62 289
sofa 0.0025 28 193 67 273
sofa 0.0011 0 290 68 373
sofa 0.0010 13 181 73 289
tvmonitor 0.0097 5 211 26 247
tvmonitor 0.0052 10 205 31 235
tvmonitor 0.0021 8 211 24 229
tvmonitor 0.0018 13 211 29 227
tvmonitor 0.0018 28 203 62 234
tvmonitor 0.0013 28 185 60 215
