bicycle 0.0014 158 185 197 213
bottle 0.0021 246 95 260 150
bottle 0.0011 469 162 478 185
car 0.0010 157 183 196 208
cow 0.0037 165 187 207 213
cow 0.0013 178 186 258 323
cow 0.0011 37 198 106 299
horse 0.7131 37 198 106 299
horse 0.5307 117 191 232 327
horse 0.2954 178 186 258 323
horse 0.0576 88 191 168 313
horse 0.0129 64 196 141 308
horse 0.0057 66 194 106 287
horse 0.0039 89 202 121 302
horse 0.0031 158 185 197 213
horse 0.0031 39 202 69 275
horse 0.0019 489 138 501 187
horse 0.0017 174 203 264 274
horse 0.0011 150 181 215 217
motorbike 0.0031 37 198 106 299
motorbike 0.0019 158 185 197 213
motorbike 0.0015 489 138 501 187
person 0.9243 245 36 312 95
person 0.4016 489 138 501 187
person 0.1102 240 32 314 164
person 0.1021 478 136 502 214
person 0.0908 240 40 285 113
person 0.0229 273 33 312 61
person 0.0205 46 200 92 297
person 0.0167 251 35 295 58
person 0.0167 227 25 338 109
person 0.0125 482 131 499 297
person 0.0098 158 185 197 213
person 0.0095 459 155 476 189
person 0.0084 452 158 494 232
person 0.0078 492 145 501 215
person 0.0074 469 162 478 185
person 0.0069 271 39 314 110
person 0.0064 445 131 503 263
person 0.0058 478 150 497 191
person 0.0058 466 155 481 188
person 0.0043 493 103 500 189
person 0.0040 469 103 500 329
person 0.0040 492 152 499 189
person 0.0035 462 161 472 187
person 0.0031 34 200 52 243
person 0.0026 276 38 350 89
person 0.0025 479 129 498 182
person 0.0019 241 38 288 73
person 0.0017 492 133 499 174
person 0.0017 40 206 69 293
person 0.0016 460 172 473 186
person 0.0016 204 55 363 146
person 0.0015 255 39 274 53
person 0.0014 189 193 204 209
person 0.0013 243 55 268 95
person 0.0012 63 199 107 301
person 0.0012 445 149 503 206
person 0.0011 259 39 309 72
person 0.0011 92 187 109 236
person 0.0010 481 161 492 182
person 0.0010 186 188 206 214
person 0.0010 259 29 308 51
