bus 0.9997 124 63 378 314
car 0.2598 376 163 405 239
car 0.2010 368 170 392 248
car 0.0197 371 182 388 236
car 0.0151 379 174 398 226
car 0.0081 378 192 397 243
car 0.0077 390 147 439 257
car 0.0036 388 172 404 230
car 0.0035 364 180 380 239
car 0.0014 359 165 427 231
car 0.0013 370 170 389 215
car 0.0010 111 60 344 315
motorbike 0.0024 368 170 392 248
motorbike 0.0022 379 166 403 250
person 0.9158 452 147 481 272
person 0.8980 400 151 429 263
person 0.8939 419 155 446 262
person 0.7348 478 126 500 293
person 0.3828 379 166 403 250
person 0.2459 439 155 466 263
person 0.1060 368 170 392 248
person 0.0920 323 115 356 153
person 0.0640 315 127 350 150
person 0.0099 404 152 456 264
person 0.0067 364 180 380 239
person 0.0039 289 130 332 155
person 0.0038 389 177 403 241
person 0.0028 371 182 388 236
person 0.0026 485 163 499 333
person 0.0022 185 126 226 153
person 0.0021 483 97 501 218
person 0.0018 115 58 338 303
person 0.0017 492 108 498 214
person 0.0015 379 182 397 236
person 0.0014 456 135 484 224
person 0.0013 330 130 349 149
