bird 0.2983 137 137 180 166
bird 0.0076 158 138 175 150
bird 0.0072 143 145 191 176
bird 0.0054 144 131 172 160
bird 0.0028 143 145 191 208
bird 0.0028 155 141 196 166
bird 0.0023 145 138 171 150
bird 0.0019 142 127 156 138
bird 0.0019 93 150 188 255
bird 0.0014 157 133 175 160
bird 0.0014 112 136 186 179
cat 0.0017 93 150 188 255
cow 0.0014 323 170 430 253
dog 0.0023 93 150 188 255
person 0.0035 93 150 188 255
sheep 0.7428 323 170 430 253
sheep 0.5665 88 158 190 260
sheep 0.0249 132 147 192 205
sheep 0.0178 136 136 193 178
sheep 0.0080 138 132 180 160
sheep 0.0021 128 156 188 236
sheep 0.0013 144 153 191 188
train 0.0016 93 150 188 255
