bicycle 0.0017 474 239 501 306
bicycle 0.0017 66 302 442 370
bicycle 0.0016 364 182 410 217
bicycle 0.0012 444 248 500 298
bird 0.0018 -1 102 450 316
boat 0.0016 55 104 490 315
bottle 0.0037 36 99 459 296
bus 0.9963 13 91 481 306
car 0.0011 368 175 407 211
horse 0.0083 36 99 459 296
horse 0.0011 364 182 410 217
motorbike 0.0041 364 182 410 217
person 0.1345 366 173 394 213
person 0.1134 1 219 18 318
person 0.1130 364 182 410 217
person 0.0175 481 139 497 252
person 0.0159 0 220 7 335
person 0.0094 0 224 9 294
person 0.0047 385 185 410 214
person 0.0038 378 178 415 209
person 0.0035 168 184 205 215
person 0.0029 370 169 405 201
person 0.0025 361 176 384 211
person 0.0019 348 184 396 213
person 0.0018 492 132 499 232
person 0.0014 418 170 437 212
person 0.0013 479 209 491 249
person 0.0012 481 217 489 241
person 0.0012 418 160 450 224
person 0.0012 494 153 501 249
person 0.0012 68 166 91 201
