bicycle 0.0013 116 382 123 411
bicycle 0.0013 -3 438 32 498
bicycle 0.0012 108 384 117 411
car 0.9420 -1 363 38 400
car 0.3215 -3 438 32 498
car 0.0033 -2 365 19 397
car 0.0010 -4 466 38 502
horse 0.0021 107 381 120 412
horse 0.0016 113 377 124 414
motorbike 0.2126 -3 438 32 498
motorbike 0.0011 113 377 124 414
person 0.8693 146 355 174 422
person 0.6536 181 351 207 426
person 0.4613 107 381 120 412
person 0.4603 200 351 222 426
person 0.3426 113 369 124 412
person 0.2826 172 357 187 422
person 0.2733 159 354 184 424
person 0.1987 179 356 195 422
person 0.1117 116 382 123 411
person 0.0959 143 359 157 418
person 0.0708 209 349 226 414
person 0.0287 220 357 232 416
person 0.0198 102 389 109 411
person 0.0197 318 359 330 420
person 0.0197 262 360 273 380
person 0.0196 136 367 149 410
person 0.0177 110 375 118 404
person 0.0167 267 360 282 380
person 0.0166 164 366 179 424
person 0.0131 138 375 146 399
person 0.0097 -3 438 32 498
person 0.0057 298 362 311 378
person 0.0041 107 396 117 412
person 0.0038 200 383 214 427
person 0.0032 214 354 235 428
person 0.0031 136 370 145 392
person 0.0030 100 383 112 414
person 0.0030 192 366 207 425
person 0.0023 127 379 134 397
person 0.0022 117 371 123 392
person 0.0021 261 358 289 380
person 0.0016 109 357 121 408
person 0.0016 150 353 171 391
person 0.0015 320 366 328 390
person 0.0015 99 385 126 409
person 0.0014 129 361 186 418
person 0.0013 164 362 175 378
person 0.0013 173 395 183 416
person 0.0012 145 385 158 426
person 0.0011 122 367 138 409
person 0.0011 167 396 176 416
person 0.0010 115 395 123 413
sofa 0.0020 -229 -82 168 357
