bicycle 0.0041 178 48 346 238
bicycle 0.0036 129 82 375 285
bottle 0.0031 211 329 274 435
bottle 0.0018 208 345 238 425
car 0.0016 86 199 475 442
car 0.0014 178 48 346 238
car 0.0011 84 22 234 251
car 0.0010 481 51 498 177
motorbike 0.9996 107 107 450 419
motorbike 0.8673 21 84 246 286
motorbike 0.8228 129 82 375 285
motorbike 0.0413 24 110 168 263
motorbike 0.0295 178 48 346 238
motorbike 0.0191 11 74 125 294
motorbike 0.0163 84 22 234 251
motorbike 0.0043 109 117 312 258
motorbike 0.0019 33 71 166 209
motorbike 0.0014 0 74 15 228
person 0.9456 50 21 218 212
person 0.9221 214 41 350 235
person 0.0581 337 23 400 172
person 0.0388 344 15 380 100
person 0.0365 403 -14 459 242
person 0.0357 129 82 375 285
person 0.0217 414 4 450 115
person 0.0211 349 2 462 216
person 0.0157 0 11 16 178
person 0.0080 94 10 193 187
person 0.0078 327 48 392 216
person 0.0060 33 71 166 209
person 0.0058 21 84 246 286
person 0.0044 294 34 334 115
person 0.0043 250 29 340 169
person 0.0037 11 34 123 259
person 0.0031 0 64 6 175
person 0.0030 0 -23 28 214
person 0.0029 384 -16 449 170
person 0.0029 38 24 158 139
person 0.0027 0 10 5 94
person 0.0021 45 55 125 126
person 0.0020 340 36 401 107
person 0.0016 418 -8 484 202
person 0.0015 0 74 15 228
person 0.0015 339 67 382 160
person 0.0014 92 51 320 246
person 0.0011 348 42 390 147
person 0.0010 108 131 414 386
person 0.0010 1 -17 17 96
person 0.0010 284 33 321 86
train 0.0014 80 146 449 424
