bicycle 0.0049 450 188 490 250
cat 0.0013 41 217 235 332
chair 0.5709 317 196 401 272
chair 0.5707 291 180 336 245
chair 0.1875 302 183 369 246
chair 0.1724 198 178 240 246
chair 0.1435 226 181 295 242
chair 0.1339 281 166 324 237
chair 0.1112 182 167 221 227
chair 0.0805 187 169 254 231
chair 0.0389 220 167 258 234
chair 0.0339 344 210 399 293
chair 0.0200 450 188 490 250
chair 0.0195 245 158 283 182
chair 0.0158 276 159 310 186
chair 0.0115 317 175 393 225
chair 0.0096 237 168 279 236
chair 0.0093 172 159 203 225
chair 0.0092 284 178 386 261
chair 0.0077 252 148 278 180
chair 0.0060 297 185 345 216
chair 0.0059 282 165 322 196
chair 0.0055 223 158 293 199
chair 0.0053 336 175 384 210
chair 0.0046 330 183 378 253
chair 0.0046 268 158 333 203
chair 0.0035 202 148 239 209
chair 0.0035 210 170 259 194
chair 0.0030 178 155 198 209
chair 0.0029 258 166 298 239
chair 0.0025 309 194 354 263
chair 0.0025 200 162 310 231
chair 0.0024 186 165 206 219
chair 0.0024 312 175 352 228
chair 0.0024 243 141 308 183
chair 0.0024 370 168 409 223
chair 0.0022 328 184 373 214
chair 0.0018 287 174 337 209
chair 0.0012 463 206 484 253
chair 0.0011 448 193 465 247
chair 0.0011 264 142 332 185
chair 0.0011 213 177 256 205
chair 0.0010 290 158 314 189
chair 0.0010 229 172 350 251
chair 0.0010 351 181 398 253
chair 0.0010 193 166 237 197
chair 0.0010 176 158 216 186
diningtable 0.0072 187 169 254 231
diningtable 0.0040 220 172 295 232
diningtable 0.0022 189 153 256 204
diningtable 0.0015 248 148 282 181
diningtable 0.0013 276 159 310 186
diningtable 0.0011 314 186 397 251
diningtable 0.0011 223 158 293 199
diningtable 0.0010 205 180 275 242
person 0.0013 450 188 490 250
pottedplant 0.1884 201 146 232 175
pottedplant 0.0387 212 140 234 172
pottedplant 0.0081 202 136 237 186
pottedplant 0.0080 450 188 490 250
pottedplant 0.0072 203 153 229 169
pottedplant 0.0063 214 152 232 169
pottedplant 0.0060 370 168 409 223
pottedplant 0.0054 202 148 239 209
pottedplant 0.0051 178 154 199 191
pottedplant 0.0035 196 156 236 183
pottedplant 0.0031 351 173 386 208
pottedplant 0.0024 199 155 216 170
pottedplant 0.0021 176 151 217 177
pottedplant 0.0018 448 193 465 247
pottedplant 0.0017 376 172 401 210
pottedplant 0.0016 386 170 408 214
pottedplant 0.0013 198 149 219 176
pottedplant 0.0011 102 177 118 227
pottedplant 0.0010 266 80 331 159
sofa 0.9738 23 215 240 367
sofa 0.0038 454 199 492 256
sofa 0.0011 248 148 282 181
sofa 0.0010 317 196 401 272
tvmonitor 0.0262 201 146 232 175
tvmonitor 0.0045 245 158 283 182
tvmonitor 0.0034 178 154 199 191
tvmonitor 0.0028 276 159 310 186
