bicycle 0.0021 197 31 510 367
bottle 0.3283 103 154 191 314
bottle 0.0106 90 116 236 340
bottle 0.0010 94 125 162 274
chair 0.0014 320 145 364 180
chair 0.0011 82 135 494 365
diningtable 0.9434 -23 306 297 369
diningtable 0.0019 83 52 433 371
diningtable 0.0015 21 275 317 359
diningtable 0.0010 44 326 202 369
person 0.9994 148 55 498 370
person 0.9984 -7 26 187 335
person 0.0970 0 78 32 315
person 0.0497 480 126 500 226
person 0.0319 0 100 30 180
person 0.0302 0 97 23 257
person 0.0164 0 84 47 239
person 0.0129 478 158 497 208
person 0.0107 125 109 195 212
person 0.0103 40 13 394 374
person 0.0099 490 125 498 221
person 0.0087 120 122 144 163
person 0.0072 492 80 499 149
person 0.0047 493 99 499 189
person 0.0046 79 114 203 337
person 0.0044 178 26 394 296
person 0.0043 291 122 506 375
person 0.0040 5 91 37 159
person 0.0038 478 85 497 193
person 0.0031 -1 96 9 173
person 0.0028 1 79 86 275
person 0.0025 478 89 498 140
person 0.0020 139 111 189 170
person 0.0019 494 108 498 140
person 0.0019 13 105 35 144
person 0.0017 0 138 18 328
person 0.0015 1 110 25 158
person 0.0014 0 104 7 126
person 0.0011 450 74 498 238
person 0.0011 18 108 31 122
person 0.0010 103 120 190 278
pottedplant 0.0390 196 112 233 172
pottedplant 0.0122 183 119 230 192
pottedplant 0.0038 184 101 244 215
pottedplant 0.0027 204 110 228 157
pottedplant 0.0025 197 107 233 143
pottedplant 0.0015 183 145 226 211
sheep 0.0014 197 31 510 367
