bird 0.0022 238 271 412 337
bird 0.0019 180 131 417 328
cat 0.0014 260 243 440 328
cat 0.0014 224 250 377 332
cat 0.0010 178 136 423 311
cow 0.0076 260 243 440 328
cow 0.0049 239 145 462 329
cow 0.0016 238 271 412 337
dog 0.0023 260 243 440 328
dog 0.0015 239 145 462 329
dog 0.0015 224 250 377 332
horse 0.0032 239 145 462 329
horse 0.0026 260 243 440 328
horse 0.0014 238 271 412 337
person 0.0145 239 145 462 329
person 0.0020 260 243 440 328
sheep 0.9951 204 131 446 331
sheep 0.9941 236 249 417 336
sheep 0.0014 201 177 386 304
sheep 0.0011 268 186 444 310
sheep 0.0011 243 251 387 301
