bicycle 0.9970 75 58 289 216
bicycle 0.2896 106 36 241 175
boat 0.0014 96 34 296 201
bottle 0.0015 0 92 9 173
car 0.0046 96 34 296 201
car 0.0020 106 9 222 159
chair 0.0070 1 33 57 159
chair 0.0044 0 67 19 167
chair 0.0038 0 92 9 173
chair 0.0016 0 65 6 163
chair 0.0011 2 85 62 151
person 0.6790 92 19 254 199
person 0.3620 1 33 57 159
person 0.1713 113 -19 205 208
person 0.0330 1 30 23 167
person 0.0071 -2 12 34 181
person 0.0026 0 -5 82 172
person 0.0016 0 92 9 173
person 0.0012 0 82 15 184
pottedplant 0.0158 1 33 57 159
pottedplant 0.0031 0 92 9 173
pottedplant 0.0031 -2 -19 23 65
sofa 0.0024 96 34 296 201
sofa 0.0010 1 33 57 159
