boat 0.0014 63 120 501 359
bottle 0.4239 325 236 351 296
bottle 0.0164 141 304 175 366
bottle 0.0150 426 265 449 309
bottle 0.0058 334 234 361 300
bottle 0.0054 341 243 356 295
bottle 0.0039 322 239 343 285
bottle 0.0022 127 322 191 366
chair 0.8519 3 147 139 367
chair 0.0407 474 133 500 221
chair 0.0133 382 279 503 377
chair 0.0085 482 131 500 298
chair 0.0053 459 136 495 212
chair 0.0041 306 75 390 154
chair 0.0036 295 106 497 395
chair 0.0034 472 101 499 369
chair 0.0030 446 122 500 382
chair 0.0024 1 150 58 359
chair 0.0019 0 164 16 343
chair 0.0013 489 135 499 229
diningtable 0.9983 61 144 451 382
diningtable 0.0101 99 125 334 344
diningtable 0.0083 271 104 482 394
diningtable 0.0013 7 145 159 366
person 0.9995 291 77 495 378
person 0.9936 14 97 160 371
person 0.8508 302 76 380 155
person 0.6776 215 74 294 168
person 0.6358 128 94 211 197
person 0.0901 105 94 222 356
person 0.0141 63 120 501 359
person 0.0077 99 125 334 344
person 0.0066 296 79 429 188
person 0.0045 112 113 228 231
person 0.0032 476 106 500 216
person 0.0029 470 -19 500 219
person 0.0020 203 93 350 173
person 0.0013 80 89 168 348
person 0.0010 477 -5 496 174
