bird 0.0033 -2 198 147 401
bird 0.0013 220 214 294 274
bird 0.0010 92 160 264 253
cat 0.0022 -2 198 147 401
cat 0.0010 11 169 235 393
cow 0.0074 -2 198 147 401
cow 0.0059 -22 18 467 242
cow 0.0057 92 160 264 253
cow 0.0038 16 160 422 400
cow 0.0035 11 169 235 393
dog 0.0028 92 160 264 253
dog 0.0020 1 0 494 197
dog 0.0015 11 169 235 393
horse 0.0048 3 196 180 404
horse 0.0021 92 160 264 253
person 0.0131 11 169 235 393
person 0.0044 92 160 264 253
person 0.0022 16 160 422 400
person 0.0011 -2 87 137 405
sheep 0.9995 -5 18 503 234
sheep 0.9982 79 167 495 399
sheep 0.9872 6 173 178 399
sheep 0.4612 117 159 290 252
sheep 0.0651 152 152 243 262
sheep 0.0165 220 214 294 274
sheep 0.0076 100 187 180 261
sheep 0.0040 51 168 296 386
sheep 0.0038 142 182 349 281
sheep 0.0030 -20 73 447 325
sheep 0.0024 63 129 290 280
train 0.0010 -14 25 454 270
