bottle 0.0015 441 155 454 170
chair 0.9779 234 229 323 365
chair 0.0026 217 207 235 255
chair 0.0011 441 155 454 170
person 0.0025 441 155 454 170
person 0.0015 325 136 355 217
pottedplant 0.7678 134 214 186 265
pottedplant 0.2749 201 145 224 184
pottedplant 0.0374 199 131 230 189
pottedplant 0.0324 214 191 232 231
pottedplant 0.0197 203 157 215 184
pottedplant 0.0190 202 183 230 253
pottedplant 0.0172 206 160 222 182
pottedplant 0.0153 187 208 225 258
pottedplant 0.0145 145 218 172 259
pottedplant 0.0113 217 163 232 199
pottedplant 0.0102 217 207 235 255
pottedplant 0.0083 209 199 228 242
pottedplant 0.0073 198 132 216 181
pottedplant 0.0070 208 161 226 198
pottedplant 0.0067 142 219 190 249
pottedplant 0.0066 220 171 230 192
pottedplant 0.0059 220 162 229 184
pottedplant 0.0054 137 218 160 261
pottedplant 0.0051 164 217 187 262
pottedplant 0.0033 210 184 227 222
pottedplant 0.0026 211 170 222 190
pottedplant 0.0023 218 199 229 224
pottedplant 0.0020 216 140 230 188
pottedplant 0.0019 193 135 206 191
pottedplant 0.0017 490 178 500 244
pottedplant 0.0016 491 146 500 220
pottedplant 0.0014 153 227 182 266
pottedplant 0.0014 473 170 497 256
pottedplant 0.0013 177 215 193 264
pottedplant 0.0013 223 217 240 260
pottedplant 0.0011 213 199 225 223
pottedplant 0.0010 133 214 149 268
pottedplant 0.0010 471 76 486 91
pottedplant 0.0010 439 108 459 142
pottedplant 0.0010 470 70 488 98
tvmonitor 0.9955 390 182 460 242
tvmonitor 0.0299 202 152 224 189
tvmonitor 0.0050 214 191 232 231
tvmonitor 0.0033 206 160 222 182
tvmonitor 0.0024 187 219 224 258
tvmonitor 0.0024 203 157 215 184
tvmonitor 0.0021 217 207 235 255
tvmonitor 0.0015 217 163 232 199
tvmonitor 0.0011 201 205 232 257
