bicycle 0.0011 108 131 472 384
bottle 0.0021 259 217 340 292
bottle 0.0019 18 -9 247 317
bottle 0.0012 255 203 297 276
cat 0.0207 243 166 405 296
chair 0.9569 153 155 441 365
chair 0.7286 10 -13 318 393
chair 0.3637 69 24 259 345
chair 0.0691 237 193 405 319
chair 0.0297 277 160 426 298
chair 0.0051 104 73 231 223
chair 0.0030 16 3 248 238
chair 0.0019 56 46 449 346
diningtable 0.0027 51 143 460 376
dog 0.0015 243 166 405 296
person 0.9900 13 -22 259 393
person 0.9607 210 143 431 328
person 0.2723 108 110 473 361
person 0.0220 80 11 249 289
person 0.0029 263 172 366 303
person 0.0019 315 192 396 243
person 0.0017 281 187 423 315
sofa 0.0151 149 116 481 403
sofa 0.0019 -11 41 347 386
