person 0.6278 190 224 249 331
person 0.0097 189 234 225 319
person 0.0026 1 330 8 417
pottedplant 0.9846 56 148 112 225
pottedplant 0.6634 244 136 323 234
pottedplant 0.4973 83 101 161 151
pottedplant 0.0303 24 67 59 124
pottedplant 0.0221 376 277 399 317
pottedplant 0.0151 416 278 438 316
pottedplant 0.0105 70 -39 192 202
pottedplant 0.0091 67 2 139 112
pottedplant 0.0051 91 114 163 174
pottedplant 0.0043 30 78 55 116
pottedplant 0.0043 0 79 61 256
pottedplant 0.0037 107 117 152 152
pottedplant 0.0037 77 59 187 174
pottedplant 0.0035 40 77 62 115
pottedplant 0.0034 339 281 414 324
pottedplant 0.0023 106 129 157 202
pottedplant 0.0020 101 102 178 198
pottedplant 0.0020 96 86 187 144
pottedplant 0.0018 46 111 136 222
pottedplant 0.0018 22 76 46 116
pottedplant 0.0017 31 84 69 123
pottedplant 0.0017 372 281 456 319
pottedplant 0.0017 0 72 61 135
pottedplant 0.0017 395 282 443 313
pottedplant 0.0016 126 98 198 155
pottedplant 0.0014 103 29 183 151
pottedplant 0.0013 -1 50 62 170
pottedplant 0.0011 19 138 116 229
pottedplant 0.0011 81 24 123 112
pottedplant 0.0010 377 264 448 307
