aeroplane 0.0011 384 177 435 203
bird 0.0039 375 171 445 206
bird 0.0025 393 176 441 201
cow 0.0105 310 170 332 228
cow 0.0025 321 162 390 212
cow 0.0011 92 151 141 191
cow 0.0010 144 126 202 193
sheep 0.9987 135 127 199 194
sheep 0.9895 243 134 308 221
sheep 0.9498 322 161 389 204
sheep 0.7790 305 174 337 221
sheep 0.4539 93 146 142 192
sheep 0.3663 248 129 311 185
sheep 0.0974 375 171 445 206
sheep 0.0733 276 128 316 181
sheep 0.0515 303 167 373 216
sheep 0.0330 393 176 441 201
sheep 0.0250 281 130 320 159
sheep 0.0154 262 127 307 157
sheep 0.0121 289 131 313 168
sheep 0.0061 279 132 305 169
sheep 0.0047 116 155 138 188
sheep 0.0037 371 185 429 210
sheep 0.0031 253 122 296 145
sheep 0.0018 311 178 331 234
sheep 0.0014 317 169 340 215
sheep 0.0013 258 159 329 221
sheep 0.0013 403 170 448 196
sheep 0.0011 280 154 314 226
sheep 0.0011 302 170 323 214
train 0.0031 134 137 200 196
