aeroplane 0.0020 189 339 321 433
bicycle 0.0257 191 332 322 424
bicycle 0.0049 257 101 322 228
bicycle 0.0036 263 225 326 364
bicycle 0.0026 295 325 335 458
bicycle 0.0015 270 124 308 206
car 0.0296 189 339 321 433
car 0.0025 287 322 331 456
diningtable 0.0012 255 131 325 198
horse 0.0024 189 339 321 433
motorbike 0.7215 191 332 322 424
motorbike 0.4265 287 322 331 456
motorbike 0.0760 292 307 332 403
motorbike 0.0395 254 310 336 440
motorbike 0.0155 278 268 335 402
motorbike 0.0106 263 225 326 364
motorbike 0.0016 260 280 329 350
motorbike 0.0014 168 282 339 450
motorbike 0.0013 257 101 322 228
motorbike 0.0013 251 320 334 387
motorbike 0.0012 275 304 338 369
motorbike 0.0011 291 271 329 360
person 0.9959 40 31 92 190
person 0.8257 290 160 333 240
person 0.7941 262 203 327 351
person 0.1995 84 43 115 176
person 0.1060 256 145 289 221
person 0.1041 269 90 308 153
person 0.0870 261 144 326 256
person 0.0702 272 159 311 241
person 0.0327 257 101 322 228
person 0.0320 254 147 276 190
person 0.0260 278 150 341 221
person 0.0251 98 39 126 177
person 0.0229 306 139 336 225
person 0.0206 258 92 291 155
person 0.0205 279 167 333 314
person 0.0204 140 223 207 487
person 0.0168 295 126 332 207
person 0.0137 270 124 308 206
person 0.0129 291 271 329 360
person 0.0127 276 244 334 384
person 0.0107 303 174 327 220
person 0.0103 217 80 260 159
person 0.0098 189 339 321 433
person 0.0095 66 39 96 178
person 0.0088 291 193 329 283
person 0.0082 250 133 303 266
person 0.0082 271 225 312 332
person 0.0067 239 84 265 162
person 0.0057 261 85 319 137
person 0.0056 257 224 331 295
person 0.0054 283 96 308 140
person 0.0046 114 306 222 427
person 0.0046 246 143 274 217
person 0.0045 292 307 332 403
person 0.0038 277 83 339 210
person 0.0038 260 173 292 262
person 0.0033 249 140 270 180
person 0.0027 259 159 276 210
person 0.0026 300 190 328 240
person 0.0025 273 93 301 131
person 0.0024 257 108 278 148
person 0.0021 271 199 311 281
person 0.0018 244 148 308 215
person 0.0017 289 219 327 334
person 0.0017 296 194 319 238
person 0.0017 266 97 287 142
person 0.0016 272 272 317 356
person 0.0016 258 260 331 337
person 0.0015 293 104 329 183
person 0.0014 -82 -46 -26 220
person 0.0013 289 90 326 154
person 0.0013 247 161 309 323
person 0.0013 259 77 320 180
person 0.0010 250 156 283 198
person 0.0010 245 102 268 185
person 0.0010 254 155 265 180
train 0.0026 189 339 321 433
