aeroplane 0.0021 51 72 280 333
bicycle 0.0099 51 72 280 333
bird 0.0010 51 72 280 333
car 0.0059 51 72 280 333
cat 0.0024 51 72 280 333
chair 0.0023 51 72 280 333
cow 0.0030 51 72 280 333
diningtable 0.0062 51 72 280 333
dog 0.0053 51 72 280 333
horse 0.0442 51 72 280 333
horse 0.0033 238 23 510 376
motorbike 0.0147 51 72 280 333
motorbike 0.0010 238 23 510 376
person 0.9997 40 91 291 377
person 0.9997 293 58 494 370
person 0.0017 445 29 496 361
sheep 0.0029 51 72 280 333
sheep 0.0011 238 23 510 376
sofa 0.0015 51 72 280 333
train 0.0012 51 72 280 333
