bird 0.0020 2 117 447 319
boat 0.0012 113 104 515 322
bottle 0.0018 49 79 467 322
bottle 0.0010 1 55 57 293
bus 0.9985 35 112 482 317
bus 0.9089 1 55 57 293
bus 0.1677 226 72 506 311
bus 0.0364 446 95 500 300
bus 0.0108 0 172 16 302
bus 0.0080 363 57 504 319
bus 0.0080 0 -6 35 326
bus 0.0043 479 139 497 291
bus 0.0025 10 195 60 362
bus 0.0020 -2 -3 86 363
bus 0.0019 460 160 492 272
car 0.0028 1 183 16 323
car 0.0010 113 104 515 322
horse 0.0020 113 104 515 322
motorbike 0.0016 49 79 467 322
person 0.9772 15 198 65 377
person 0.0119 14 213 46 362
person 0.0107 30 203 59 350
person 0.0100 1 183 16 323
person 0.0094 150 94 489 332
person 0.0020 2 226 18 354
train 0.0011 113 104 515 322
