bird 0.0017 241 24 422 199
bird 0.0014 16 24 195 251
bottle 0.0055 405 175 428 263
bottle 0.0031 462 209 474 272
bottle 0.0028 408 181 424 240
bottle 0.0020 415 173 441 266
bus 0.0156 247 27 415 170
bus 0.0019 19 33 191 172
person 0.6081 293 178 370 256
person 0.1978 0 168 26 304
person 0.0208 0 145 29 393
person 0.0047 262 139 378 264
person 0.0041 245 17 408 268
person 0.0035 6 169 35 267
person 0.0031 0 174 28 209
person 0.0024 21 147 42 180
person 0.0019 0 157 26 237
pottedplant 0.0012 16 24 195 251
tvmonitor 0.9799 19 33 191 172
tvmonitor 0.9455 247 27 415 170
tvmonitor 0.0042 220 19 380 278
