boat 0.3923 164 161 228 181
boat 0.0404 463 136 502 164
boat 0.0349 446 161 506 179
boat 0.0306 396 138 513 173
boat 0.0275 81 137 202 176
boat 0.0129 333 150 391 174
boat 0.0126 240 160 307 180
boat 0.0114 383 152 437 173
boat 0.0111 449 148 507 173
boat 0.0102 170 152 224 177
boat 0.0088 123 162 253 184
boat 0.0075 87 118 200 166
boat 0.0069 106 158 170 180
boat 0.0059 171 168 236 187
boat 0.0059 155 143 242 183
boat 0.0045 312 143 432 171
boat 0.0045 72 158 211 183
boat 0.0042 341 145 485 171
boat 0.0038 389 157 442 180
boat 0.0032 492 163 500 178
boat 0.0031 432 121 503 167
boat 0.0027 424 156 514 186
boat 0.0026 101 139 235 192
boat 0.0020 427 162 487 181
boat 0.0019 206 160 349 183
boat 0.0019 219 144 338 178
boat 0.0017 321 160 381 180
boat 0.0014 461 165 506 192
boat 0.0014 102 88 237 183
boat 0.0014 98 149 163 176
train 0.0080 164 161 228 181
train 0.0023 463 136 502 164
train 0.0013 446 161 506 179
