bicycle 0.0037 0 277 140 378
bicycle 0.0034 210 283 372 381
bicycle 0.0030 364 261 491 358
car 0.0090 1 261 135 368
car 0.0037 364 261 491 358
car 0.0020 490 221 500 297
car 0.0013 225 249 356 372
car 0.0012 0 323 64 374
chair 0.0014 186 239 205 295
horse 0.0015 0 277 140 378
motorbike 0.9404 7 278 158 374
motorbike 0.8478 331 277 483 372
motorbike 0.7223 210 283 372 381
motorbike 0.1756 252 251 382 367
motorbike 0.0720 283 260 452 360
motorbike 0.0156 188 247 311 364
motorbike 0.0103 207 258 436 400
motorbike 0.0088 152 287 286 371
motorbike 0.0047 407 256 494 365
motorbike 0.0046 0 323 64 374
motorbike 0.0022 439 235 498 354
motorbike 0.0017 473 217 497 290
motorbike 0.0014 177 262 260 386
motorbike 0.0012 60 263 187 356
motorbike 0.0011 387 276 479 349
motorbike 0.0010 458 236 493 303
motorbike 0.0010 4 294 43 364
person 0.7068 0 237 26 347
person 0.6784 184 234 250 356
person 0.4667 375 227 446 352
person 0.4239 225 249 356 372
person 0.3608 17 233 72 358
person 0.2456 6 236 41 348
person 0.2018 224 232 298 359
person 0.1911 1 261 135 368
person 0.1395 34 234 99 360
person 0.1229 349 228 392 306
person 0.1071 28 235 61 306
person 0.1008 214 232 237 266
person 0.0736 209 231 267 359
person 0.0634 182 235 220 310
person 0.0598 187 236 207 283
person 0.0578 412 245 452 341
person 0.0520 282 239 380 380
person 0.0502 374 227 419 319
person 0.0389 333 264 489 361
person 0.0367 234 238 255 275
person 0.0335 139 246 155 289
person 0.0250 207 232 227 267
person 0.0236 121 233 137 288
person 0.0202 216 234 252 267
person 0.0199 67 244 102 346
person 0.0193 11 231 45 290
person 0.0176 345 212 402 333
person 0.0172 181 238 197 297
person 0.0168 205 227 236 280
person 0.0164 32 245 56 291
person 0.0141 219 235 254 315
person 0.0121 48 243 86 348
person 0.0119 202 234 238 315
person 0.0118 195 237 216 278
person 0.0103 411 239 489 352
person 0.0097 393 235 432 340
person 0.0092 175 289 338 378
person 0.0070 128 231 157 287
person 0.0060 132 245 149 289
person 0.0059 160 236 177 286
person 0.0057 229 248 241 266
person 0.0054 170 236 185 286
person 0.0054 226 239 244 273
person 0.0053 218 239 233 260
person 0.0052 322 219 391 375
person 0.0051 190 236 223 266
person 0.0051 237 242 252 261
person 0.0050 174 234 231 283
person 0.0050 255 240 295 341
person 0.0049 210 239 222 261
person 0.0046 236 241 277 342
person 0.0043 468 9 498 233
person 0.0041 460 225 492 285
person 0.0039 210 243 242 270
person 0.0039 229 241 241 260
person 0.0036 223 254 257 359
person 0.0035 219 247 232 265
person 0.0032 210 248 221 265
person 0.0031 39 238 62 284
person 0.0027 200 241 213 260
person 0.0027 0 228 7 308
person 0.0023 243 238 260 276
person 0.0020 13 233 76 287
person 0.0020 24 237 42 285
person 0.0020 191 242 204 260
person 0.0019 283 283 453 373
person 0.0018 143 255 153 282
person 0.0018 210 228 266 276
person 0.0017 200 248 212 265
person 0.0017 210 225 242 260
person 0.0017 0 281 8 372
person 0.0016 186 252 203 299
person 0.0015 201 252 238 360
person 0.0015 389 222 426 290
person 0.0015 -3 249 63 335
person 0.0015 430 251 469 339
person 0.0013 88 241 111 279
person 0.0013 0 222 27 297
person 0.0013 68 233 105 286
person 0.0012 473 217 497 290
person 0.0011 0 281 22 377
person 0.0011 248 248 258 267
person 0.0011 191 247 203 267
person 0.0011 48 232 83 287
person 0.0010 149 238 166 285
person 0.0010 0 243 6 351
person 0.0010 170 233 201 287
person 0.0010 235 235 271 268
