aeroplane 0.0024 239 196 271 214
aeroplane 0.0017 84 205 117 224
aeroplane 0.0016 244 198 265 210
boat 0.0046 204 189 243 213
bus 0.3067 204 189 243 213
bus 0.0112 206 194 230 210
bus 0.0073 244 198 265 210
bus 0.0060 147 194 186 212
bus 0.0059 243 193 266 216
bus 0.0046 86 205 114 224
bus 0.0033 66 207 81 219
bus 0.0019 241 195 282 213
bus 0.0017 56 203 91 221
bus 0.0013 275 197 292 206
bus 0.0013 272 195 313 210
bus 0.0011 200 196 248 217
car 0.9852 86 205 114 224
car 0.7745 283 205 381 239
car 0.4095 204 189 243 213
car 0.1540 243 200 264 215
car 0.0763 275 197 292 206
car 0.0714 239 196 271 214
car 0.0709 66 207 81 219
car 0.0548 293 204 312 216
car 0.0500 319 209 366 235
car 0.0488 102 205 116 221
car 0.0392 286 202 337 221
car 0.0387 206 194 230 210
car 0.0252 73 208 86 219
car 0.0231 146 200 187 216
car 0.0225 284 198 301 207
car 0.0186 286 207 340 231
car 0.0174 269 198 281 207
car 0.0166 272 195 313 210
car 0.0157 240 198 253 209
car 0.0150 255 199 270 209
car 0.0150 81 207 103 221
car 0.0146 269 200 316 219
car 0.0135 294 199 309 209
car 0.0114 98 200 117 226
car 0.0099 259 204 346 238
car 0.0096 67 211 80 223
car 0.0081 155 203 179 212
car 0.0071 137 194 183 212
car 0.0070 60 204 106 221
car 0.0067 151 198 168 208
car 0.0058 248 200 297 218
car 0.0050 466 350 502 375
car 0.0050 266 203 282 213
car 0.0048 253 202 271 214
car 0.0042 267 206 319 233
car 0.0036 114 204 122 218
car 0.0032 64 202 84 223
car 0.0029 156 199 179 208
car 0.0028 285 204 303 214
car 0.0024 173 197 182 209
car 0.0023 319 202 364 223
car 0.0022 150 203 167 213
car 0.0022 200 196 248 217
car 0.0020 284 212 342 244
car 0.0020 220 198 273 217
car 0.0019 275 203 291 213
car 0.0018 240 202 253 214
car 0.0017 228 197 241 207
car 0.0016 171 202 183 213
car 0.0015 251 195 297 210
car 0.0013 52 208 91 226
car 0.0010 300 205 321 216
motorbike 0.0025 243 200 264 215
motorbike 0.0013 84 207 114 226
person 0.0038 73 210 87 224
person 0.0026 66 207 81 219
person 0.0012 102 205 116 221
person 0.0012 464 351 488 375
train 0.1008 204 189 243 213
train 0.0024 147 194 186 212
train 0.0022 239 196 271 214
train 0.0013 84 205 117 224
train 0.0010 244 198 265 210
tvmonitor 0.0271 202 189 238 213
tvmonitor 0.0010 206 194 230 210
