bird 0.0011 5 200 39 306
boat 0.0192 5 200 39 306
cat 0.0046 38 237 252 365
chair 0.0110 26 227 265 375
chair 0.0012 79 151 121 192
chair 0.0010 0 201 29 304
pottedplant 0.0094 5 200 39 306
pottedplant 0.0094 38 237 252 365
pottedplant 0.0014 80 219 89 237
pottedplant 0.0010 16 238 32 300
sofa 0.9835 29 230 290 374
sofa 0.0019 5 200 39 306
train 0.0035 0 201 29 304
train 0.0022 8 189 39 286
tvmonitor 0.8503 68 143 130 188
tvmonitor 0.0646 8 189 39 286
tvmonitor 0.0584 0 201 29 304
tvmonitor 0.0215 1 186 48 316
tvmonitor 0.0033 72 152 113 192
tvmonitor 0.0019 34 139 113 188
tvmonitor 0.0017 82 140 154 184
tvmonitor 0.0014 24 203 41 259
