aeroplane 0.0014 67 54 476 305
bicycle 0.1267 69 128 419 296
bicycle 0.0102 55 230 440 294
boat 0.0024 67 54 476 305
bus 0.0016 49 35 401 285
car 0.9989 58 50 432 305
car 0.9967 66 25 218 106
car 0.0150 442 49 498 107
car 0.0045 67 51 214 135
car 0.0031 62 59 189 109
car 0.0030 446 54 488 80
car 0.0029 131 138 423 297
car 0.0012 478 34 496 126
chair 0.0033 80 34 465 286
diningtable 0.0045 69 128 419 296
motorbike 0.0229 69 128 419 296
motorbike 0.0014 55 230 440 294
person 0.1826 68 40 379 280
person 0.0104 491 36 499 115
sofa 0.0037 67 54 476 305
train 0.0010 67 54 476 305
tvmonitor 0.0016 80 34 465 286
