aeroplane 0.0010 3 266 238 381
bicycle 0.0074 186 190 340 293
bicycle 0.0010 -1 237 239 378
bird 0.0036 0 85 14 126
bird 0.0032 1 92 11 117
bird 0.0020 0 84 9 110
bird 0.0019 44 127 61 146
bird 0.0010 78 155 101 194
boat 0.0023 186 190 340 293
boat 0.0019 3 266 238 381
bottle 0.0019 65 132 75 154
bottle 0.0011 62 126 77 162
cat 0.0145 -2 245 224 374
cat 0.0026 186 190 340 293
cat 0.0010 164 123 209 149
chair 0.0656 26 210 105 266
chair 0.0571 0 235 223 377
chair 0.0393 197 194 349 305
chair 0.0060 7 222 95 274
chair 0.0034 37 223 127 275
chair 0.0033 72 208 138 263
chair 0.0033 27 196 106 244
chair 0.0025 42 197 82 222
chair 0.0025 103 199 138 266
chair 0.0017 164 123 209 149
chair 0.0016 0 139 10 185
chair 0.0013 20 250 116 293
diningtable 0.0037 -4 249 243 373
diningtable 0.0016 186 190 340 293
person 0.0078 199 190 348 295
pottedplant 0.6507 84 160 126 228
pottedplant 0.2688 73 154 108 211
pottedplant 0.1525 41 122 62 152
pottedplant 0.0733 164 123 209 149
pottedplant 0.0467 13 125 37 161
pottedplant 0.0431 6 122 41 149
pottedplant 0.0374 -2 87 28 151
pottedplant 0.0363 0 85 14 126
pottedplant 0.0352 79 156 133 267
pottedplant 0.0351 10 118 77 161
pottedplant 0.0328 101 174 134 254
pottedplant 0.0294 35 126 55 158
pottedplant 0.0251 0 120 10 168
pottedplant 0.0191 0 94 22 133
pottedplant 0.0141 78 155 101 194
pottedplant 0.0101 7 108 42 167
pottedplant 0.0093 62 126 77 162
pottedplant 0.0072 22 121 42 152
pottedplant 0.0071 57 133 67 152
pottedplant 0.0067 57 127 67 144
pottedplant 0.0066 0 98 12 149
pottedplant 0.0065 1 92 11 117
pottedplant 0.0064 3 202 22 241
pottedplant 0.0059 1 128 7 160
pottedplant 0.0058 0 84 9 110
pottedplant 0.0057 13 127 35 142
pottedplant 0.0050 54 126 70 159
pottedplant 0.0048 41 191 83 215
pottedplant 0.0046 -2 62 9 114
pottedplant 0.0042 75 161 94 202
pottedplant 0.0041 80 161 117 202
pottedplant 0.0039 72 208 138 263
pottedplant 0.0037 38 127 52 144
pottedplant 0.0037 1 101 84 148
pottedplant 0.0037 65 132 75 154
pottedplant 0.0036 25 127 40 143
pottedplant 0.0033 0 265 221 382
pottedplant 0.0032 3 124 20 162
pottedplant 0.0029 2 149 8 175
pottedplant 0.0027 0 139 10 185
pottedplant 0.0026 65 127 75 143
pottedplant 0.0025 -11 90 24 120
pottedplant 0.0023 -4 109 32 139
pottedplant 0.0023 27 117 63 166
pottedplant 0.0022 15 119 33 131
pottedplant 0.0022 70 129 136 232
pottedplant 0.0021 -2 37 17 128
pottedplant 0.0019 2 97 19 114
pottedplant 0.0019 5 127 20 143
pottedplant 0.0019 14 132 35 153
pottedplant 0.0018 82 202 97 219
pottedplant 0.0017 79 195 99 224
pottedplant 0.0017 109 186 130 236
pottedplant 0.0016 38 133 64 167
pottedplant 0.0016 98 176 123 224
pottedplant 0.0015 -5 85 28 112
pottedplant 0.0015 41 128 79 156
pottedplant 0.0015 23 130 42 172
pottedplant 0.0015 64 203 78 219
pottedplant 0.0014 25 120 39 131
pottedplant 0.0013 25 131 40 155
pottedplant 0.0012 36 181 144 262
pottedplant 0.0011 75 204 87 219
pottedplant 0.0011 186 190 340 293
pottedplant 0.0011 108 122 222 152
pottedplant 0.0010 53 196 72 209
sofa 0.9792 197 194 349 305
sofa 0.9739 -1 237 239 378
sofa 0.0083 26 210 105 266
tvmonitor 0.0334 7 124 41 160
tvmonitor 0.0103 39 126 63 156
tvmonitor 0.0032 12 132 36 171
tvmonitor 0.0030 0 120 10 168
tvmonitor 0.0026 42 132 61 150
tvmonitor 0.0014 164 123 209 149
tvmonitor 0.0013 0 139 10 185
tvmonitor 0.0010 13 127 35 142
tvmonitor 0.0010 14 132 35 153
tvmonitor 0.0010 26 210 105 266
