boat 0.0048 17 53 452 448
bus 0.6620 7 38 395 467
bus 0.0034 187 209 298 304
bus 0.0031 38 239 61 317
bus 0.0020 63 85 266 424
car 0.0017 79 36 121 70
car 0.0015 102 241 136 267
car 0.0013 109 231 148 264
car 0.0012 30 251 72 276
horse 0.0011 158 16 193 53
motorbike 0.0023 79 36 121 70
motorbike 0.0011 158 16 193 53
motorbike 0.0011 97 37 139 69
person 0.3958 241 216 279 268
person 0.3575 110 241 130 268
person 0.2610 218 243 245 353
person 0.1978 125 235 153 269
person 0.1878 232 218 271 292
person 0.1645 79 36 121 70
person 0.1636 158 16 193 53
person 0.1114 82 30 140 77
person 0.1000 97 37 139 69
person 0.0813 224 214 273 346
person 0.0648 142 218 202 264
person 0.0465 171 218 206 264
person 0.0408 135 217 205 341
person 0.0400 108 237 147 268
person 0.0365 163 223 191 265
person 0.0294 182 225 222 265
person 0.0256 187 209 298 304
person 0.0214 210 224 253 374
person 0.0165 101 32 134 59
person 0.0144 111 27 144 75
person 0.0135 175 213 240 345
person 0.0105 117 227 147 281
person 0.0099 175 223 215 252
person 0.0087 193 231 229 320
person 0.0079 131 217 165 266
person 0.0050 111 252 126 268
person 0.0036 150 226 189 325
person 0.0034 222 252 240 314
person 0.0033 57 20 188 97
person 0.0031 2 113 401 453
person 0.0030 125 34 148 69
person 0.0026 141 21 199 64
person 0.0023 116 25 187 68
person 0.0022 174 226 241 283
person 0.0021 154 25 181 58
person 0.0020 214 227 232 263
person 0.0019 71 43 112 74
person 0.0018 83 33 113 59
person 0.0017 93 42 122 76
person 0.0017 227 194 294 394
person 0.0017 211 226 246 296
person 0.0016 38 239 61 317
person 0.0016 190 216 267 267
person 0.0015 131 231 169 319
person 0.0015 100 250 137 273
person 0.0013 119 226 188 281
person 0.0012 173 227 210 322
person 0.0012 92 160 309 413
person 0.0012 118 31 154 60
person 0.0011 95 37 161 85
train 0.0159 7 38 395 467
