aeroplane 0.0012 274 118 502 294
bicycle 0.0024 37 45 227 312
bicycle 0.0010 274 118 502 294
bottle 0.0256 370 242 385 290
bottle 0.0032 245 85 261 120
bottle 0.0022 249 86 258 105
bottle 0.0014 247 92 259 113
bottle 0.0012 362 239 396 309
chair 0.0054 37 45 227 312
chair 0.0041 274 118 502 294
chair 0.0029 405 102 451 143
person 0.9955 42 69 217 336
person 0.9916 260 118 471 297
person 0.9732 137 113 308 307
person 0.0215 303 112 478 225
person 0.0125 219 128 300 185
person 0.0079 335 139 450 178
person 0.0063 223 120 439 230
person 0.0058 238 118 320 160
person 0.0034 211 120 305 271
person 0.0033 330 211 417 256
person 0.0032 316 92 474 172
person 0.0029 256 116 295 150
person 0.0027 150 143 429 320
person 0.0022 260 127 335 177
person 0.0018 193 134 376 266
person 0.0017 261 106 305 141
person 0.0012 135 97 445 262
person 0.0010 272 121 363 269
person 0.0010 260 123 306 159
person 0.0010 12 91 333 311
sofa 0.1808 259 129 475 326
tvmonitor 0.0256 28 37 175 152
tvmonitor 0.0087 394 96 462 141
tvmonitor 0.0056 38 10 222 244
tvmonitor 0.0030 35 68 135 124
tvmonitor 0.0029 449 91 497 176
tvmonitor 0.0018 454 53 500 105
tvmonitor 0.0010 465 70 504 99
