bottle 0.0013 255 176 275 225
chair 0.8056 333 179 375 254
chair 0.1593 319 182 361 255
chair 0.1296 258 176 334 226
chair 0.1226 296 181 334 243
chair 0.0894 109 168 167 197
chair 0.0767 255 176 275 225
chair 0.0581 428 250 501 373
chair 0.0465 100 152 162 205
chair 0.0431 321 168 385 265
chair 0.0414 255 171 295 228
chair 0.0353 350 178 392 248
chair 0.0219 281 172 318 230
chair 0.0190 284 186 323 216
chair 0.0124 360 162 399 235
chair 0.0104 265 186 300 215
chair 0.0102 117 163 161 218
chair 0.0079 261 180 284 221
chair 0.0058 368 176 408 244
chair 0.0044 291 174 330 209
chair 0.0043 256 158 292 186
chair 0.0038 263 193 303 227
chair 0.0034 288 193 333 225
chair 0.0033 245 182 275 236
chair 0.0031 270 187 294 231
chair 0.0029 269 175 295 210
chair 0.0020 1 241 55 296
chair 0.0020 255 165 291 200
chair 0.0017 255 158 274 208
chair 0.0017 300 174 374 231
chair 0.0016 416 186 491 367
chair 0.0016 115 187 164 212
chair 0.0015 360 197 398 229
chair 0.0012 298 165 323 202
chair 0.0010 370 160 392 203
diningtable 0.1928 258 176 334 226
diningtable 0.0127 282 183 347 241
diningtable 0.0050 304 185 375 251
diningtable 0.0037 255 171 295 228
diningtable 0.0021 265 186 300 215
diningtable 0.0020 268 164 380 235
diningtable 0.0018 284 186 323 216
diningtable 0.0014 109 168 167 197
diningtable 0.0014 295 172 332 230
diningtable 0.0014 281 172 318 230
diningtable 0.0010 255 176 275 225
person 0.0014 109 168 167 197
pottedplant 0.9684 0 166 58 271
pottedplant 0.2960 370 162 408 226
pottedplant 0.0508 377 160 401 203
pottedplant 0.0367 1 241 55 296
pottedplant 0.0164 348 159 409 204
pottedplant 0.0153 -1 200 8 261
pottedplant 0.0138 370 160 392 203
pottedplant 0.0037 -2 113 56 245
pottedplant 0.0029 0 178 8 243
pottedplant 0.0029 0 237 7 301
pottedplant 0.0028 361 160 400 190
pottedplant 0.0027 -1 151 25 247
pottedplant 0.0026 342 157 412 244
pottedplant 0.0020 -6 152 41 310
pottedplant 0.0020 351 165 390 200
pottedplant 0.0019 0 162 10 223
pottedplant 0.0018 5 243 43 333
pottedplant 0.0016 0 181 25 284
pottedplant 0.0014 383 170 407 209
pottedplant 0.0014 109 168 167 197
pottedplant 0.0014 0 223 7 255
pottedplant 0.0013 380 165 398 183
pottedplant 0.0012 385 157 405 193
sofa 0.0049 100 152 162 205
sofa 0.0026 109 168 167 197
sofa 0.0019 258 176 334 226
tvmonitor 0.0307 109 168 167 197
tvmonitor 0.0028 100 152 162 205
tvmonitor 0.0012 255 176 275 225
