bicycle 0.0027 3 152 18 204
boat 0.0032 53 142 73 175
boat 0.0024 57 153 68 169
boat 0.0020 61 142 81 175
boat 0.0014 58 160 67 172
boat 0.0011 66 152 77 168
bottle 0.0010 169 166 180 207
bus 0.0100 54 143 88 173
bus 0.0091 53 142 73 175
bus 0.0027 57 153 68 169
bus 0.0023 73 143 89 176
bus 0.0018 58 160 67 172
bus 0.0017 66 152 77 168
bus 0.0015 4 138 45 164
bus 0.0012 78 151 85 171
bus 0.0010 15 144 51 171
car 0.0106 58 160 67 172
car 0.0044 57 153 68 169
car 0.0030 18 152 29 166
car 0.0027 85 159 93 179
car 0.0024 27 152 38 166
car 0.0022 66 152 77 168
car 0.0019 78 151 85 171
car 0.0019 4 138 45 164
car 0.0013 39 152 46 168
car 0.0012 3 152 18 204
car 0.0012 66 161 76 172
motorbike 0.0027 3 152 18 204
motorbike 0.0010 100 137 403 367
person 0.1280 3 152 18 204
person 0.0249 85 159 93 179
person 0.0212 1 146 12 211
person 0.0116 237 156 275 220
person 0.0103 78 151 85 171
person 0.0076 226 153 259 217
person 0.0067 80 159 86 175
person 0.0053 246 168 268 209
person 0.0043 89 103 358 342
person 0.0041 253 175 271 217
person 0.0038 39 152 46 168
person 0.0030 227 149 242 189
person 0.0030 66 152 77 168
person 0.0022 3 168 8 206
person 0.0021 58 160 67 172
person 0.0020 82 153 95 182
person 0.0019 73 143 89 176
person 0.0018 6 173 15 198
person 0.0018 169 159 181 199
person 0.0017 48 153 57 168
person 0.0017 19 160 26 176
person 0.0014 8 152 19 167
person 0.0013 57 153 68 169
person 0.0012 18 152 29 166
person 0.0011 7 162 16 192
person 0.0010 253 167 289 232
sheep 0.0020 100 137 403 367
train 0.9999 95 97 412 348
train 0.0068 54 143 88 173
train 0.0036 53 142 73 175
train 0.0011 4 138 45 164
train 0.0010 42 137 83 167
tvmonitor 0.0016 61 142 81 175
tvmonitor 0.0016 53 142 73 175
